domain	DLM002	DLM003	NLM001	NLM005	NLM021
TIGR01448	8993	9456	11396	3940	12358
TIGR01449	10839	12588	6746	5384	10160
TIGR04010	0	0	112	0	0
TIGR01440	452	224	414	0	579
TIGR01441	745	74	205	85	604
TIGR01444	192	356	102	0	395
TIGR01446	620	60	320	142	627
TIGR01447	7410	10504	8730	6949	10683
TIGR01505	1937	566	762	568	2701
TIGR02830	650	0	208	63	798
TIGR02831	0	0	0	0	17
TIGR02832	217	0	94	0	483
TIGR02833	850	0	364	0	584
TIGR02834	37	0	65	0	0
TIGR02835	8474	4580	6430	2138	10573
TIGR02836	2983	34	1363	730	4496
TIGR02837	742	0	372	312	966
TIGR02838	824	40	284	318	1061
TIGR02839	852	148	482	210	1194
TIGR03497	23553	27522	19346	14559	59362
TIGR00369	1647	3698	1607	2025	3940
TIGR00362	9949	12882	8140	3421	15633
TIGR02948	16623	47958	14399	19445	33670
TIGR00363	1640	346	1480	594	2635
TIGR02944	1942	384	499	775	2590
TIGR02945	1127	2764	1423	1481	1998
TIGR02947	6651	80116	6117	9758	17504
TIGR02941	12521	8366	8825	3129	15995
TIGR02943	2814	5128	1616	2732	3275
TIGR01177	680	60	239	0	479
TIGR03569	1243	6050	1680	836	3449
TIGR03568	4621	7060	4450	4316	4785
TIGR03565	0	0	0	0	45
TIGR01170	4505	2776	5858	460	8089
TIGR04247	0	0	0	152	343
TIGR03560	0	0	0	0	42
TIGR04243	4389	3060	3808	4315	7416
TIGR03498	23771	26724	19198	16142	58450
TIGR04088	0	0	0	0	69
TIGR01172	4180	6000	2865	3235	6854
TIGR04083	7278	10396	8450	6471	11742
TIGR04082	1163	1490	669	140	5487
TIGR04086	612	116	294	156	211
TIGR04085	1411	2658	1750	1919	3705
TIGR04084	4794	482	841	1262	3610
TIGR00090	2238	3402	1646	1774	3030
TIGR00091	3637	4446	3678	2864	5832
TIGR00092	8713	10322	8551	6162	18127
TIGR00093	3836	4392	3273	3151	7952
TIGR00094	0	0	161	0	0
TIGR00095	3094	3914	2506	1113	4860
TIGR00096	4945	10698	3805	4984	8838
TIGR00097	7214	9270	5011	4384	9642
TIGR00099	16034	14932	9703	9272	16128
TIGR02768	12281	9336	11786	5875	20186
TIGR02769	129025	139090	94601	93129	231639
TIGR02760	0	418	99	0	152
TIGR02763	92	0	0	0	0
TIGR02764	5468	5420	4593	5242	8915
TIGR02767	918	148	964	596	1298
TIGR00546	467	1044	184	805	1489
TIGR01901	179	36	23	67	0
TIGR00544	4182	7812	4166	3966	9374
TIGR00545	2211	2848	379	1127	870
TIGR00543	7593	10906	8101	6190	10713
TIGR00540	228	438	258	0	64
TIGR02215	0	0	0	50	0
TIGR00548	0	0	58	0	0
TIGR00549	2707	6274	3707	1927	7507
TIGR01902	2440	4664	4135	1932	5116
TIGR01158	488	2192	406	751	1001
TIGR01907	0	0	46	71	289
TIGR02499	298	0	144	0	304
TIGR02494	5150	7080	3578	3709	7081
TIGR02495	3237	6202	3341	2223	5175
TIGR02492	2230	0	978	550	1721
TIGR02493	6866	9448	4969	4302	9627
TIGR02490	2592	112	1817	1090	2930
TIGR02491	4195	4096	3928	1951	6757
TIGR00403	700	3050	1877	1289	1456
TIGR03345	22838	27916	17179	16325	56512
TIGR00401	835	3054	470	1381	1823
TIGR00400	6387	8070	3812	6918	16242
TIGR00407	5200	5824	5762	4178	10189
TIGR00406	3868	5324	3404	3349	6853
TIGR00409	7406	10676	5519	4464	11769
TIGR00408	14351	21980	10925	10510	21744
TIGR03705	9736	12398	9882	8185	19526
TIGR03704	3525	3860	3165	2018	5261
TIGR03707	1254	316	570	843	1956
TIGR03706	3080	1496	3324	3907	3290
TIGR03701	1316	598	189	300	709
TIGR03700	800	1684	174	848	1917
TIGR03703	0	0	164	0	0
TIGR03702	5266	9660	7020	3802	8019
TIGR03709	1355	96	605	931	1999
TIGR03708	2342	398	1042	947	2813
TIGR01844	31873	104022	37988	52242	75415
TIGR01845	26072	93892	34548	36153	67497
TIGR01846	141252	146026	106202	95571	248743
TIGR01840	419	340	0	28	520
TIGR01842	137710	143738	106364	93813	242348
TIGR01843	5480	12268	2630	5793	7759
TIGR03729	0	40	0	0	0
TIGR02382	0	0	55	0	0
TIGR02383	141	76	45	26	258
TIGR02380	4277	7622	1701	2180	3714
TIGR02381	1298	820	561	200	961
TIGR02386	26490	30042	12250	7671	63539
TIGR02387	17257	28450	14736	11888	42689
TIGR02384	2335	1512	835	1372	2950
TIGR02385	1263	1118	1047	430	1215
TIGR02388	7967	11174	5163	3782	20232
TIGR02389	2515	4776	2255	1678	7264
TIGR00717	13972	17796	12610	7479	26194
TIGR03018	6437	9742	7983	8611	12991
TIGR00715	1591	2238	995	1798	2295
TIGR02543	193	180	61	111	366
TIGR00713	12722	13742	7206	9338	21841
TIGR00712	1326	7200	513	3807	5256
TIGR02546	23580	27016	19179	14707	56184
TIGR00710	2011	6464	3487	3665	4628
TIGR03011	0	0	52	0	0
TIGR03010	0	0	54	0	0
TIGR03013	14292	22578	5959	15721	16241
TIGR03012	0	0	67	0	0
TIGR03015	0	0	0	0	128
TIGR00476	1026	48	0	0	2292
TIGR00719	997	840	410	421	1916
TIGR00718	2455	5696	2581	2289	5651
TIGR03728	1073	232	281	189	332
TIGR03228	0	0	98	0	0
TIGR01938	1448	5392	1884	2328	3162
TIGR01939	6018	10656	5517	4862	12641
TIGR01930	3158	764	1286	255	7103
TIGR01931	0	0	153	0	0
TIGR01932	1296	0	1235	74	2789
TIGR01933	3113	1088	3040	153	5787
TIGR01934	4107	7444	4391	3659	9732
TIGR01935	187	0	80	0	204
TIGR01936	3532	9414	4489	3812	9940
TIGR01937	6389	13766	7180	6197	17775
TIGR03374	2531	5158	1785	4105	6646
TIGR03375	157206	162398	115063	102820	269145
TIGR03376	5286	7768	4325	2776	8701
TIGR03377	602	5296	920	371	3395
TIGR03371	13804	14284	9159	11820	25147
TIGR03372	13239	15160	7364	8878	21993
TIGR03378	36	2534	0	90	1224
TIGR03379	669	3542	2967	183	1460
TIGR03172	366	0	88	0	483
TIGR03173	11544	6548	6813	4608	9485
TIGR03170	0	0	46	0	0
TIGR04112	371	106	0	396	230
TIGR03176	539	598	189	360	609
TIGR03177	296	206	529	175	380
TIGR03175	502	0	0	0	0
TIGR04115	6011	5272	4344	2229	5570
TIGR03178	7951	11028	5992	6592	11973
TIGR03724	340	570	56	115	558
TIGR03640	3105	1948	3339	1486	4407
TIGR04035	179	38	34	0	257
TIGR03641	2758	1628	2801	1447	4180
TIGR02828	146	0	69	0	125
TIGR02153	5673	15474	4450	9160	12782
TIGR02152	16844	24380	15375	8854	24322
TIGR02151	219	152	103	195	142
TIGR02150	401	1864	567	0	237
TIGR01628	1242	5202	865	2443	3178
TIGR02156	0	0	84	0	0
TIGR02155	5005	13340	3373	8644	14824
TIGR02154	80763	113130	60222	69776	123442
TIGR01625	5235	14638	5165	10249	12581
TIGR02159	431	1000	271	891	759
TIGR02158	0	0	56	0	0
TIGR01620	0	0	30	0	0
TIGR01621	9241	16978	10004	7581	18366
TIGR01622	1213	7700	803	2853	3075
TIGR00511	854	1834	400	80	416
TIGR00979	3357	12284	5511	4664	5334
TIGR00978	7915	7248	4314	2449	12656
TIGR00977	8421	12404	7084	8922	17458
TIGR00976	978	1096	693	2637	4396
TIGR00975	1269	2294	712	1906	908
TIGR00974	4967	5870	2312	4886	9933
TIGR00973	10780	16502	7817	7351	20297
TIGR00972	133594	140152	94689	93340	229621
TIGR00971	1167	0	523	293	887
TIGR00970	8839	10472	4905	5580	14711
TIGR03951	0	0	48	0	0
TIGR03952	1368	4724	53	609	790
TIGR03953	5399	6022	4811	2576	7932
TIGR03955	7660	10064	4849	7059	15058
TIGR03956	5743	6382	3449	5564	11292
TIGR03957	2775	4920	1374	4393	5534
TIGR03959	231	38	248	29	502
TIGR00514	9531	12770	10591	9334	25524
TIGR01433	0	0	106	0	0
TIGR02027	7912	10266	8075	4058	13985
TIGR02026	1303	1594	552	0	970
TIGR02025	3654	9992	6762	7985	10420
TIGR02024	1049	5576	925	2385	4847
TIGR01714	1999	1364	1673	1324	6158
TIGR02022	1786	3454	948	96	2443
TIGR01716	110	160	0	0	103
TIGR01717	690	3704	721	2435	2777
TIGR01718	4093	5672	3129	5158	9080
TIGR01719	903	2142	503	2327	0
TIGR03399	0	0	34	0	0
TIGR03392	13222	8870	9156	5504	20997
TIGR03393	8988	10076	6712	6210	14438
TIGR03391	1297	4264	2092	1898	2655
TIGR03394	9368	13826	6953	6730	14878
TIGR02023	0	0	266	0	0
TIGR01439	147	50	327	83	321
TIGR01438	5566	19012	3863	9185	14068
TIGR01435	0	1744	493	0	716
TIGR01434	0	456	140	0	182
TIGR01437	0	0	72	0	87
TIGR01431	249	0	272	315	435
TIGR01430	742	98	419	729	769
TIGR02823	0	1044	98	0	0
TIGR01432	0	0	50	0	0
TIGR03218	0	0	71	0	0
TIGR01758	4611	10050	5129	4027	10505
TIGR02066	1452	98	322	278	1602
TIGR00393	2902	7036	3235	2905	5398
TIGR00392	39842	40718	29157	20044	75439
TIGR00391	557	682	66	143	187
TIGR00390	4183	4092	2564	2335	6305
TIGR02841	420	0	101	190	399
TIGR00396	33331	38914	29251	18403	73330
TIGR00395	30020	35718	23035	18459	64294
TIGR00394	301	526	740	463	607
TIGR00399	5061	4668	3823	1922	8118
TIGR00398	28221	27980	24937	11590	55279
TIGR02849	483	0	281	163	539
TIGR02848	442	0	238	88	586
TIGR01383	2534	4498	2623	2951	4896
TIGR00150	2773	3218	1802	2215	4115
TIGR00153	211	344	527	1496	118
TIGR00152	2575	4128	1990	1599	3320
TIGR01387	72855	91144	55573	61893	108158
TIGR00154	4675	6220	3499	2991	4789
TIGR00157	3748	6846	3613	3746	6794
TIGR00156	0	0	138	35	104
TIGR00159	4571	7178	4349	4113	6665
TIGR00158	3144	6108	2952	2259	7477
TIGR01389	25856	61112	31528	28987	52358
TIGR01388	0	598	0	0	0
TIGR01540	0	578	0	0	392
TIGR01543	133	406	151	289	794
TIGR01757	2036	2950	3681	522	4141
TIGR01545	0	0	84	0	0
TIGR01547	3106	692	1279	2075	4405
TIGR01549	550	594	303	572	1188
TIGR00853	242	148	99	173	236
TIGR02261	2974	332	530	1022	3593
TIGR04258	174	0	0	0	0
TIGR04259	230	424	176	191	489
TIGR04256	1446	106	1927	390	771
TIGR04255	410	442	354	0	202
TIGR03572	4066	3924	3373	2928	6065
TIGR01998	3684	1164	2503	2072	6723
TIGR04250	2736	4920	1766	507	5086
TIGR04251	1100	3476	769	467	5418
TIGR01999	927	186	258	215	2364
TIGR04094	19491	29072	12066	17488	23240
TIGR04095	5676	4872	9756	5554	8720
TIGR04096	0	64	72	0	0
TIGR03516	0	732	0	0	155
TIGR04091	7338	10546	3987	6657	15436
TIGR04092	0	122	378	0	0
TIGR04093	3699	3680	3945	1467	5878
TIGR01097	3416	2786	2035	2443	5915
TIGR01096	7598	3464	4978	2004	11795
TIGR01093	1221	794	455	111	1862
TIGR01092	7906	6468	4077	5127	13372
TIGR01091	3872	5866	3979	2061	6130
TIGR01090	3174	4366	3525	3584	4723
TIGR01099	5485	7020	1903	4110	6767
TIGR01098	456	0	196	353	552
TIGR03820	463	5964	342	1371	3240
TIGR03821	466	3948	251	809	2413
TIGR03822	78	1870	232	0	0
TIGR03823	0	0	75	0	0
TIGR02718	2035	3492	4039	1853	4215
TIGR02715	3279	546	1464	676	5334
TIGR03824	272	0	0	127	78
TIGR02717	1749	6590	380	2956	3182
TIGR02711	3681	1086	1320	1587	4745
TIGR02713	3233	502	1275	589	5142
TIGR02712	12148	13814	15935	10231	29799
TIGR03826	774	0	290	367	719
TIGR00573	4608	4886	3711	3465	6362
TIGR00571	2393	3268	1410	764	2542
TIGR00577	759	3092	447	826	977
TIGR00576	3512	6694	1811	2202	4556
TIGR00575	9066	14564	8030	5755	13471
TIGR00574	1267	0	0	0	0
TIGR00379	2494	3208	1873	2627	3996
TIGR00378	0	0	280	0	52
TIGR01169	7362	7564	7680	2054	12088
TIGR01168	0	36	0	0	0
TIGR01163	4220	5094	3513	3784	6586
TIGR01162	2773	4014	2387	1835	4647
TIGR01161	2152	4912	3780	2375	5629
TIGR00372	1351	932	418	1375	2017
TIGR00375	292	272	91	0	27
TIGR01166	112237	119256	80404	79265	201459
TIGR00377	655	1772	318	218	957
TIGR01164	3885	4538	3624	2649	6887
TIGR01369	31884	50362	33460	16443	73506
TIGR01368	10510	12420	8217	5937	15266
TIGR03564	0	0	0	0	47
TIGR01361	5021	11782	4710	4802	11594
TIGR01360	2957	6074	2937	1337	5813
TIGR01362	3846	8932	2725	2717	7766
TIGR01365	0	1044	250	1317	602
TIGR01364	10236	11592	9309	4621	13658
TIGR01367	2613	4170	3009	1886	7175
TIGR01366	5494	8536	3801	3514	9695
TIGR00414	9671	11648	7878	5952	21511
TIGR00415	0	0	44	0	0
TIGR00416	6814	8694	5322	4824	13854
TIGR02622	13292	17886	11140	11778	26998
TIGR02625	639	572	1290	1319	797
TIGR02624	3191	4302	3616	2521	6529
TIGR02627	7636	7486	8462	6898	13092
TIGR00413	745	574	1428	43	92
TIGR02628	12730	11546	14974	7171	22236
TIGR04242	2477	1556	621	1913	1827
TIGR00418	15550	23296	11846	10484	30964
TIGR00419	6072	9914	4670	1251	12905
TIGR03716	857	0	2175	106	186
TIGR03717	778	50	245	92	157
TIGR03714	10310	8392	12898	4492	22927
TIGR00804	720	3154	201	29	0
TIGR03712	363	254	0	0	355
TIGR03713	395	0	0	0	395
TIGR03710	10615	27936	9974	12547	29787
TIGR03711	104	0	0	0	93
TIGR02688	330	0	4026	790	1414
TIGR03440	1715	2554	2187	986	660
TIGR03718	1206	368	2646	0	0
TIGR03719	97806	123820	77833	69105	186377
TIGR03441	402	1420	188	1064	1150
TIGR00478	1710	466	658	247	2385
TIGR02648	0	0	28	0	0
TIGR00708	1508	580	334	206	784
TIGR00709	11817	12770	6306	7071	19446
TIGR00700	12309	11868	6517	8991	21506
TIGR00702	0	2262	161	0	0
TIGR03030	113	132	288	305	434
TIGR00704	9267	10006	8911	4430	9554
TIGR00705	5100	13520	7688	5891	10474
TIGR00706	2140	6922	3432	2815	5968
TIGR00707	13948	16176	7967	8994	25890
TIGR02535	2736	5566	2418	4689	6607
TIGR02534	2828	4128	3417	3290	5531
TIGR03449	13665	29970	12961	13326	17878
TIGR02531	1227	256	300	506	1127
TIGR02530	499	0	204	116	408
TIGR02533	3262	2424	1828	497	2498
TIGR02532	0	0	52	0	24
TIGR03002	79	22	50	0	168
TIGR03003	5535	1294	4017	1742	8304
TIGR03006	1530	1136	283	589	1730
TIGR02538	3504	2602	2025	438	2504
TIGR03004	4902	1432	4027	1772	8137
TIGR03005	115545	117188	85011	79802	201752
TIGR01949	744	1828	571	1117	606
TIGR01948	6625	12196	4804	5199	15624
TIGR01945	5472	8402	4844	5100	12770
TIGR01944	1077	2468	1001	1138	3515
TIGR01947	3097	6066	3141	3165	7655
TIGR01946	7187	15070	7106	7671	17564
TIGR01941	4860	11056	5047	5771	12360
TIGR01940	5720	13232	5623	5207	16896
TIGR01943	6321	12656	5330	5646	16108
TIGR01942	4969	6878	4658	3661	7395
TIGR01190	0	0	0	113	48
TIGR00922	4276	4542	3489	1728	8655
TIGR03147	0	0	90	0	162
TIGR03146	0	0	85	0	0
TIGR03145	0	0	146	233	790
TIGR03144	1649	5196	1684	2607	2885
TIGR03143	6592	11526	4503	6578	15444
TIGR03142	0	0	0	0	198
TIGR03141	0	0	23	0	0
TIGR03140	10943	18412	8500	9638	21939
TIGR02441	3255	1394	1699	949	6217
TIGR02440	4702	3982	3818	1822	9484
TIGR02443	0	0	31	0	0
TIGR02442	996	1126	651	809	1672
TIGR02445	3163	726	1733	309	6692
TIGR03149	141	102	486	688	1682
TIGR02446	3051	630	1452	267	6503
TIGR01906	0	44	0	0	0
TIGR02144	936	340	731	687	1665
TIGR02145	544	4968	258	1791	1111
TIGR02146	8819	10846	5663	8058	15882
TIGR02140	4378	222	1175	1630	6332
TIGR02141	8438	7404	4868	5293	15108
TIGR02142	132631	134886	93295	91845	230429
TIGR02143	6303	3568	4604	2269	8546
TIGR02148	59	38	0	0	124
TIGR02149	16789	37232	15192	13943	21530
TIGR01899	0	0	0	78	400
TIGR01898	0	244	0	0	0
TIGR01895	641	0	201	247	334
TIGR01893	11655	21266	12842	8846	19178
TIGR01892	3026	6616	4391	3155	7326
TIGR01891	2965	2890	892	2024	5898
TIGR01890	4828	5690	4092	2718	9204
TIGR00962	20067	21624	13989	12542	50359
TIGR00963	13666	12320	13677	7000	32589
TIGR00964	663	74	322	345	740
TIGR00965	33	438	67	83	1101
TIGR00966	6700	11466	8644	5136	13231
TIGR00967	9796	15308	8875	5063	18997
TIGR00968	140856	148552	100716	96906	242360
TIGR00969	10631	7010	6204	5423	14815
TIGR03925	2921	2942	2329	2138	8327
TIGR03924	4331	5940	3763	3607	10554
TIGR03921	6058	14086	6435	7579	12621
TIGR03922	1445	1132	890	320	825
TIGR03929	1031	92	243	281	378
TIGR03928	5648	6278	3718	3641	12908
TIGR02038	6350	5656	4002	2851	11298
TIGR02039	2898	5360	1606	2827	5991
TIGR02030	236	110	206	215	206
TIGR02031	1325	584	770	1389	2546
TIGR02032	143	0	328	0	84
TIGR02033	7611	10538	5760	6355	11002
TIGR02034	15326	15562	12175	11329	39792
TIGR02035	0	220	180	0	350
TIGR02036	6291	4814	4151	3388	7264
TIGR02037	8436	12704	7697	6084	15397
TIGR01764	1202	2426	1239	942	2293
TIGR01766	320	2294	377	113	751
TIGR01760	1021	922	768	502	4759
TIGR01763	9192	14542	6872	8516	22825
TIGR01815	8047	8738	5157	5721	9181
TIGR03810	316	190	365	155	276
TIGR03813	2518	12556	1362	5536	10409
TIGR03812	2652	8706	1190	3434	9233
TIGR03815	1380	370	512	243	1438
TIGR03814	2041	5842	1116	3287	8518
TIGR03817	1206	816	2351	691	1693
TIGR03819	5331	1634	3937	1097	5355
TIGR03818	444	0	392	0	390
TIGR03255	4871	4474	4131	3083	9680
TIGR01428	1905	672	714	667	2217
TIGR01426	0	1802	0	0	597
TIGR01427	2386	732	1509	368	3137
TIGR01424	6686	23176	5318	11579	20587
TIGR01425	10644	17296	10357	7764	24850
TIGR01422	1272	2442	482	1977	2625
TIGR01423	5311	21248	3799	10870	16453
TIGR01420	4378	1870	1946	732	4149
TIGR01421	6576	23226	5030	11942	17486
TIGR02856	425	70	226	98	298
TIGR02857	158512	170608	116358	107892	277662
TIGR02854	780	0	681	217	1090
TIGR00387	1200	3882	220	795	2901
TIGR00380	2088	2574	917	1907	3144
TIGR02853	918	0	409	0	1176
TIGR02850	13733	8816	9368	3562	16889
TIGR02851	1476	154	702	485	1584
TIGR00388	315	250	118	228	270
TIGR00389	6465	8392	3887	5467	11247
TIGR02858	1384	144	666	242	1936
TIGR02859	1699	276	2880	460	2208
TIGR01394	47907	62978	40108	28159	104245
TIGR01395	754	0	901	332	797
TIGR01396	504	0	475	229	367
TIGR01397	798	0	464	464	734
TIGR01390	4718	9564	5674	5023	9835
TIGR00147	6658	9972	7777	4940	9039
TIGR01392	0	672	0	0	660
TIGR01393	48396	59656	45508	24823	98065
TIGR00148	1558	688	201	516	719
TIGR00149	676	1276	1294	1404	1364
TIGR01398	1875	202	261	661	2285
TIGR01399	1904	202	832	681	2297
TIGR01553	76	0	598	430	1830
TIGR01550	161	90	127	76	288
TIGR01556	3137	6092	1573	3775	5583
TIGR01554	377	2396	406	1168	4009
TIGR01555	569	158	0	41	0
TIGR01558	0	74	0	285	92
TIGR00609	16365	16816	15469	12037	24613
TIGR02453	890	4782	427	1289	2635
TIGR04262	521	182	566	0	415
TIGR04261	3751	7206	2815	4022	6701
TIGR03540	36899	53662	32422	29808	57173
TIGR03547	1133	1880	2510	1712	1538
TIGR04266	11603	9814	6881	7223	23915
TIGR04265	13114	16324	14474	10332	26335
TIGR02967	2441	6442	1038	126	3878
TIGR04269	6355	7634	4845	5260	8114
TIGR03548	1487	2590	3474	1855	2176
TIGR02964	652	0	91	0	338
TIGR01088	2112	2890	2133	1533	3331
TIGR01089	3051	4218	7480	4684	12003
TIGR04063	9817	20602	8528	7255	12047
TIGR02965	4453	356	1239	804	4679
TIGR04064	11344	16202	7900	6882	14137
TIGR04066	113	242	0	1005	94
TIGR04069	29	0	0	0	0
TIGR04068	6409	18598	5054	5072	9677
TIGR01082	18337	26038	13996	11813	33433
TIGR01083	3145	7314	4282	3865	7286
TIGR01084	4875	9922	5881	4967	9536
TIGR01085	18392	26028	14879	9866	31621
TIGR01086	2446	3668	4515	1038	4337
TIGR01087	19218	27230	16449	9914	34945
TIGR00052	258	0	199	412	594
TIGR02420	472	932	285	1261	1051
TIGR02708	159	82	61	171	287
TIGR02709	1981	4166	1923	3313	4560
TIGR02706	5827	10280	7080	7311	10937
TIGR02707	5529	7332	6701	6251	12649
TIGR02705	783	166	437	269	698
TIGR02700	641	1564	452	752	807
TIGR00564	9539	11040	9897	6682	12961
TIGR00565	6758	7542	6365	4091	8504
TIGR00566	6864	9364	5786	5250	10612
TIGR00567	0	278	0	0	132
TIGR00560	2027	428	677	723	2503
TIGR00561	1517	3894	1446	2717	2841
TIGR00562	105	396	0	0	0
TIGR00563	5662	5220	4565	4285	7950
TIGR03494	6888	8234	6259	4085	9252
TIGR00368	6045	10138	6749	5290	10373
TIGR03496	24111	27956	19475	15929	57596
TIGR01178	1578	5184	431	574	3410
TIGR01179	21953	41658	19723	21570	36251
TIGR03493	0	0	42	0	0
TIGR01174	9319	12378	9652	5512	14860
TIGR01175	2698	0	429	676	2102
TIGR01176	15305	28754	22398	13824	38098
TIGR00361	6038	7680	5131	4603	11232
TIGR03499	6920	9708	5699	3426	12284
TIGR00367	4090	6182	2555	2207	7691
TIGR00364	2531	4148	2358	2722	4188
TIGR01173	3467	2726	1767	2206	3972
TIGR01378	2204	3672	970	1677	3205
TIGR01379	3523	7950	4089	1930	7990
TIGR01372	3237	8784	1871	3146	7835
TIGR01373	686	162	0	436	457
TIGR01371	3065	932	4641	897	1718
TIGR01377	444	0	0	429	385
TIGR02017	0	184	0	0	0
TIGR02632	21062	31508	14116	18312	37476
TIGR02633	107691	112948	82537	73035	192212
TIGR02630	1955	7530	1502	3367	6618
TIGR02631	1509	6170	1566	3142	5685
TIGR02636	7576	14240	6649	10129	18090
TIGR02637	1038	330	1177	1040	1535
TIGR02634	3870	2296	5341	888	4965
TIGR03723	4716	6558	4104	3637	8041
TIGR03722	4639	6558	4201	3831	7553
TIGR02638	17436	18208	9139	11793	33182
TIGR02639	27947	27408	25548	18221	54977
TIGR03727	947	0	288	667	2774
TIGR03725	4542	7910	4824	3715	7264
TIGR04116	182	120	52	0	0
TIGR01626	0	0	89	0	0
TIGR04281	3194	248	943	838	1542
TIGR04280	9141	18026	8715	2925	9486
TIGR04283	8805	15276	8572	10189	14552
TIGR04285	9993	10938	6503	7969	20416
TIGR04284	2734	5174	2040	3709	6395
TIGR04141	0	84	0	0	0
TIGR00775	3653	5536	7052	53	541
TIGR00776	2347	3966	3477	3888	4524
TIGR00771	926	686	476	1153	1720
TIGR00770	2822	6322	1812	4462	7224
TIGR00773	1351	5402	568	2350	3689
TIGR02524	2976	1030	1036	610	2224
TIGR02525	2901	1274	1665	783	3110
TIGR02521	2893	8078	1628	2620	5166
TIGR03035	50	96	212	67	624
TIGR03034	0	1496	0	0	0
TIGR03033	807	352	289	548	664
TIGR02528	52	0	0	33	0
TIGR02529	1874	3576	2557	3300	5011
TIGR01958	736	1528	60	548	1727
TIGR01959	2707	6116	2125	2073	5347
TIGR01956	1357	1796	509	683	2715
TIGR01957	1272	2820	1851	1469	2560
TIGR01954	0	0	26	24	50
TIGR01955	1827	1038	595	537	2690
TIGR01952	136	0	247	49	357
TIGR01953	6071	10192	6102	3438	15512
TIGR01950	0	0	0	0	207
TIGR01951	3032	4604	2249	1497	4361
TIGR03150	9086	15196	9227	9498	25776
TIGR03151	4040	10644	2258	3326	7627
TIGR03152	918	5120	856	2520	1854
TIGR03153	298	1644	316	404	275
TIGR03156	11313	20756	9464	8238	22400
TIGR00603	0	0	0	128	0
TIGR00604	1727	356	895	155	1551
TIGR02452	1622	0	177	263	361
TIGR00608	4884	10604	4841	7025	6505
TIGR02456	9826	9948	7371	5295	11091
TIGR02454	1854	556	1126	933	3267
TIGR03323	4967	4898	2848	3117	7171
TIGR01880	1620	3018	1045	1753	4021
TIGR01882	5475	9510	4584	5761	9380
TIGR01883	6544	10118	5747	7225	10294
TIGR01885	13265	16340	7933	10047	25102
TIGR01886	1141	2432	725	2296	3588
TIGR00402	560	1232	519	1741	2541
TIGR01887	1388	3776	809	2355	5143
TIGR00915	60871	200218	59524	98613	197556
TIGR00914	58216	211568	59669	101071	196312
TIGR00916	7894	13560	9026	6230	16765
TIGR00911	3295	3010	1714	1242	7883
TIGR00910	2400	10302	1349	5280	12709
TIGR00913	1437	260	946	0	1548
TIGR00912	291	0	417	0	301
TIGR03936	1190	52	505	171	1477
TIGR03937	20050	35566	18072	22419	29382
TIGR03933	459	454	229	0	150
TIGR03930	186	0	0	0	214
TIGR03431	166	0	108	104	305
TIGR03938	593	500	419	43	737
TIGR03939	148	750	84	0	0
TIGR02819	3356	3186	5024	3974	5788
TIGR03329	436	0	51	1412	3181
TIGR02044	1323	546	529	672	1591
TIGR02047	889	252	190	592	1155
TIGR02046	3084	5424	4832	2475	2509
TIGR02041	0	230	63	0	0
TIGR02043	1011	958	347	1046	1355
TIGR02042	0	0	63	0	0
TIGR01776	792	2192	1429	1016	1313
TIGR01777	188	4726	193	1243	1151
TIGR02289	3027	876	1909	1259	5293
TIGR02288	193	0	0	0	226
TIGR01772	6818	11014	6413	7253	17904
TIGR01773	2325	274	952	0	288
TIGR01770	4730	11192	7465	6806	16067
TIGR01771	9285	13660	6739	8144	22344
TIGR02283	0	0	70	117	0
TIGR02282	0	0	108	46	0
TIGR02281	736	0	127	92	0
TIGR02280	3512	4828	3646	1475	7125
TIGR02287	2350	3996	2438	2238	5115
TIGR02286	831	1692	343	634	2023
TIGR01778	581	790	3341	701	1596
TIGR01779	23207	64082	25881	36252	41568
TIGR03802	13428	40774	17687	21988	33671
TIGR00828	1574	976	386	476	941
TIGR03800	2051	672	1426	329	674
TIGR03801	3325	9210	1846	7367	8113
TIGR00821	207	0	42	0	0
TIGR00823	448	60	58	170	159
TIGR00822	1208	328	627	220	661
TIGR00825	284	0	75	0	0
TIGR00824	950	494	290	224	484
TIGR00827	3308	5352	1847	2388	5809
TIGR00826	945	370	606	758	2362
TIGR02801	1447	2662	425	794	1239
TIGR01413	248	1446	217	1053	173
TIGR01412	0	946	85	489	0
TIGR01411	761	2170	291	673	1344
TIGR03669	813	110	90	343	1566
TIGR01417	12330	6750	7884	4509	25177
TIGR01416	0	0	44	0	0
TIGR01415	7616	12444	8660	7928	15331
TIGR01414	4293	1806	1746	1488	2997
TIGR01419	1662	624	970	446	1160
TIGR01418	19346	14580	14060	7864	51788
TIGR02800	3288	8042	6065	5623	9282
TIGR02199	1136	2538	2993	515	1658
TIGR02198	3765	6898	4182	2720	7833
TIGR02197	15883	26836	14234	13350	28164
TIGR02196	0	46	51	0	0
TIGR02195	3223	4330	4641	4651	3986
TIGR02194	0	46	40	0	0
TIGR02193	1083	3138	3970	2032	1492
TIGR02192	70	190	0	0	125
TIGR02191	4360	6860	3895	3176	5013
TIGR02190	0	0	49	0	0
TIGR02002	3409	1080	2454	2199	6217
TIGR00177	1483	1616	436	465	2729
TIGR00176	237	0	185	96	230
TIGR00175	5717	9202	4935	4967	13854
TIGR00174	6289	12050	6248	5229	9020
TIGR00173	7352	10530	8097	6889	15576
TIGR00172	3087	4146	2749	2782	4422
TIGR00171	2948	3892	2491	2983	4881
TIGR00170	9126	12774	9956	8260	18384
TIGR00179	3940	6432	4413	3548	6488
TIGR01563	0	0	0	0	107
TIGR01562	0	0	120	67	0
TIGR01561	5787	13776	6636	6259	9777
TIGR02997	13785	8800	9195	5159	18247
TIGR02995	1101	366	945	0	2944
TIGR02994	1081	0	0	321	208
TIGR02993	1137	104	493	1296	614
TIGR02992	400	1286	0	391	699
TIGR02991	3979	2624	4712	2355	4428
TIGR02998	0	0	84	0	0
TIGR04274	1103	80	391	157	2170
TIGR03555	0	0	0	0	47
TIGR03556	0	0	84	0	0
TIGR03557	0	0	0	0	46
TIGR04270	579	0	286	0	841
TIGR03551	793	1728	167	849	2095
TIGR04272	81	70	0	87	208
TIGR03553	639	888	445	285	672
TIGR01410	337	0	23	81	527
TIGR00287	4398	4176	3850	1493	6680
TIGR00286	0	646	0	0	0
TIGR00281	1601	280	541	194	1385
TIGR03559	0	0	0	0	46
TIGR00283	0	0	96	0	0
TIGR00282	644	234	67	0	698
TIGR04072	0	0	0	0	139
TIGR04070	247	72	75	57	552
TIGR04076	421	888	368	226	290
TIGR04075	720	0	0	0	66
TIGR04078	0	0	0	0	84
TIGR02869	2674	100	1129	489	2855
TIGR02868	134190	141048	102091	87324	237243
TIGR02860	2343	54	1130	536	2701
TIGR02867	1250	0	408	337	1798
TIGR02866	0	0	52	0	0
TIGR02865	2635	168	1292	454	3904
TIGR02733	621	428	423	2362	2172
TIGR02730	797	646	396	2531	916
TIGR03549	0	3094	223	0	0
TIGR02735	5419	7308	4409	2667	10730
TIGR02734	757	608	523	3194	1059
TIGR00591	0	1690	0	0	0
TIGR00593	17076	23744	16656	10525	27198
TIGR00595	8924	13164	10257	6909	18083
TIGR00594	19880	160476	15241	11724	36829
TIGR01181	29371	55242	27801	28521	58196
TIGR01180	31113	84960	28722	47549	76682
TIGR01183	1329	1454	418	1698	2286
TIGR01182	2948	4058	2373	3521	5541
TIGR01184	113524	118518	81290	81628	202057
TIGR03480	2842	1858	927	1990	5338
TIGR00358	10222	15484	10806	3957	17790
TIGR01189	118015	128500	87806	83356	208928
TIGR01188	147776	158926	104538	103970	251959
TIGR00355	11249	17816	9701	6707	22503
TIGR00353	0	0	147	235	769
TIGR00351	0	0	49	67	0
TIGR00350	4222	286	1564	950	4777
TIGR01349	703	4298	0	1234	1269
TIGR01348	644	4412	53	1235	1191
TIGR01347	765	4072	74	1103	1240
TIGR01346	75	0	160	59	0
TIGR01345	0	0	161	0	0
TIGR01344	0	0	205	0	0
TIGR01343	9504	9692	8697	8014	17776
TIGR01342	9821	13210	11796	10464	22643
TIGR01341	5695	8738	5317	5612	13934
TIGR01340	12333	15898	12426	11487	26269
TIGR02008	0	0	32	0	0
TIGR01774	12958	12390	9588	8443	21643
TIGR02607	820	728	611	488	500
TIGR02606	0	200	19	0	0
TIGR04108	0	0	0	39	117
TIGR03738	357	938	127	0	1210
TIGR03734	8604	6770	6101	7068	21758
TIGR04103	732	2496	54	390	3790
TIGR04100	1315	84	329	308	918
TIGR03737	983	2150	295	156	2837
TIGR04107	9512	8680	6306	5502	11660
TIGR03732	1878	0	1041	42	718
TIGR04105	7410	11086	3451	5168	16019
TIGR04298	460	190	509	177	274
TIGR04299	466	364	599	149	530
TIGR04290	72	0	57	42	0
TIGR04291	857	730	938	3208	397
TIGR04295	312	840	98	0	0
TIGR00474	0	0	112	0	118
TIGR02519	769	1172	0	38	211
TIGR02518	2275	2934	1109	947	3528
TIGR00768	1473	1294	4816	3048	860
TIGR00766	0	0	90	0	0
TIGR02512	4104	4056	1209	2609	7067
TIGR00764	4496	4104	2898	4535	7203
TIGR00765	3235	6364	2863	3150	5807
TIGR00762	8762	946	3563	2585	9189
TIGR00763	13958	15262	8713	7574	20741
TIGR00760	2902	2888	2455	1341	4513
TIGR00761	4119	5390	3738	2482	8999
TIGR03020	674	322	647	382	547
TIGR00829	954	224	500	164	651
TIGR03022	15168	21076	6178	16168	16888
TIGR03023	16192	24042	8089	17591	19252
TIGR03025	16924	26546	8709	20036	20111
TIGR03026	14182	26820	7095	11357	14489
TIGR03027	1622	2948	2366	1228	2016
TIGR03028	2934	7298	3280	4578	5761
TIGR03029	4071	5966	4258	6527	8410
TIGR00653	8576	7712	5641	3502	13594
TIGR02424	17819	10996	9538	7713	21434
TIGR01963	25244	40122	14223	25063	48092
TIGR01962	1125	2508	1379	788	2780
TIGR01961	872	2134	1698	987	1377
TIGR01960	4989	10538	6987	5501	11144
TIGR01967	2262	158	1385	77	927
TIGR01966	217	0	54	95	156
TIGR02541	2220	5760	3302	4285	3434
TIGR01969	20836	21944	14534	16436	35451
TIGR01968	14263	14718	13727	11375	27087
TIGR00714	0	0	55	0	124
TIGR03129	0	0	268	0	0
TIGR03128	89	0	0	0	0
TIGR03125	400	138	294	0	0
TIGR03629	2001	1226	1712	1612	2229
TIGR03127	995	390	335	368	1373
TIGR03121	239	550	180	142	200
TIGR03122	0	226	0	0	117
TIGR00612	5056	8914	5037	5453	14151
TIGR00613	3660	3924	2798	1716	5748
TIGR00611	6605	10066	5765	3297	8635
TIGR00616	777	1744	0	83	572
TIGR00711	4941	18158	5858	7552	10648
TIGR00614	23223	52468	26066	26271	50455
TIGR00615	3245	3698	2431	2175	5358
TIGR02467	1767	1976	551	1766	2761
TIGR00618	4470	2640	3424	5871	11558
TIGR00619	2442	512	1477	1855	4494
TIGR02548	0	0	0	0	295
TIGR04223	67	0	36	147	0
TIGR00383	6464	13368	5208	6248	10544
TIGR03017	1620	822	440	70	0
TIGR03233	0	0	250	0	0
TIGR03235	12395	7394	8282	5050	17501
TIGR03234	247	1154	155	0	37
TIGR03239	308	884	156	0	396
TIGR00906	2351	784	1492	1513	2553
TIGR00907	0	0	99	0	2184
TIGR00904	20616	19048	15640	7681	32422
TIGR00905	3154	11716	3018	3413	14384
TIGR00902	0	0	57	0	0
TIGR00900	3537	8184	5721	1364	5456
TIGR00901	2992	9514	4843	5238	9231
TIGR03508	0	0	84	0	0
TIGR00908	5190	3604	1727	2352	7303
TIGR00909	6413	8466	2973	3760	12265
TIGR01749	0	0	64	0	0
TIGR01748	3974	6900	4409	5540	8571
TIGR02058	69	0	0	0	0
TIGR01743	3671	3214	3151	1793	3884
TIGR02057	0	0	55	30	391
TIGR02054	0	0	0	0	114
TIGR01740	627	686	82	175	1452
TIGR01747	1983	866	689	402	1471
TIGR02053	12660	33158	12301	15133	28602
TIGR01745	2582	4574	2427	898	5765
TIGR01744	4067	3892	3612	2238	5285
TIGR04158	2990	3566	1199	2473	4355
TIGR01988	282	0	198	0	0
TIGR00054	5236	10058	6325	2735	7539
TIGR02299	2845	5282	2031	4195	6849
TIGR01981	6146	11390	6786	3584	14606
TIGR01980	8186	15882	9138	6181	19064
TIGR01983	1168	3288	738	3038	2553
TIGR02297	19605	48642	20271	24718	33939
TIGR02290	2809	1058	1969	1038	5211
TIGR01984	261	0	71	0	0
TIGR01987	233	1600	201	436	909
TIGR03837	0	84	0	118	219
TIGR03835	3965	6590	3714	2961	6488
TIGR00839	4494	13372	5868	4774	9309
TIGR03832	2945	9390	2053	6697	12399
TIGR03831	91	0	100	0	51
TIGR03830	667	424	0	0	134
TIGR00832	560	524	3689	1583	384
TIGR00833	4261	3386	1287	1123	5873
TIGR00830	880	728	820	241	1241
TIGR00831	1985	9634	758	2414	5683
TIGR00836	8287	4592	8710	4240	11201
TIGR00837	0	0	396	0	0
TIGR00835	12143	7320	10546	5499	17197
TIGR01404	1166	0	654	361	716
TIGR01405	16389	11752	9271	6547	24965
TIGR01406	4267	4016	1765	1583	4561
TIGR01407	7298	7692	4494	4261	8513
TIGR01400	923	70	494	261	619
TIGR01401	545	0	501	0	531
TIGR01402	355	0	159	112	276
TIGR01403	243	0	147	102	203
TIGR01408	1932	1896	1962	1913	3669
TIGR03198	904	430	229	95	941
TIGR02180	0	0	86	0	0
TIGR02181	0	0	86	0	0
TIGR03909	399	0	316	46	115
TIGR02183	0	0	33	0	0
TIGR02185	207	494	184	452	259
TIGR04253	0	0	276	0	519
TIGR02187	665	2540	456	2207	2641
TIGR02188	13727	30280	15009	13590	34374
TIGR03902	433	984	333	566	141
TIGR03900	10910	20044	13844	8720	20836
TIGR03906	9553	13254	5361	5219	14540
TIGR03905	1462	1654	1334	1292	1994
TIGR03904	6630	10998	6434	6746	14643
TIGR00168	3977	6250	2546	2445	5052
TIGR00169	6695	9610	5566	6978	14268
TIGR00160	2719	6072	659	2367	4299
TIGR00163	497	0	247	0	860
TIGR00164	2243	5178	2777	1131	3198
TIGR00165	2595	3472	2123	1755	3509
TIGR00166	3192	3958	2229	576	4484
TIGR00167	12115	16512	8755	7362	18723
TIGR01578	19009	25844	17856	12256	31971
TIGR01579	18417	26596	17355	13207	31495
TIGR01573	1104	1150	300	120	2238
TIGR01574	19601	28362	18202	12600	33011
TIGR01575	2692	2364	1382	1668	2380
TIGR01577	1233	2156	336	3126	3282
TIGR02988	643	618	347	234	1109
TIGR02989	18651	47670	16115	23378	33556
TIGR02980	13464	7010	8935	3525	16557
TIGR02981	336	0	205	0	642
TIGR02982	128584	137240	94473	93101	225933
TIGR02983	29302	75058	24580	34781	48159
TIGR02984	1719	8334	985	795	1531
TIGR02985	42674	158352	33449	49119	69502
TIGR04340	1602	2090	674	500	4202
TIGR02987	727	288	364	0	298
TIGR01835	0	1282	0	0	0
TIGR01997	0	0	33	118	157
TIGR00298	95	0	0	0	0
TIGR00299	1002	52	418	220	1237
TIGR00296	656	0	0	0	66
TIGR00294	225	0	0	82	47
TIGR00295	932	320	1456	0	1072
TIGR00292	489	1654	0	0	85
TIGR00290	156	876	0	79	193
TIGR04047	11819	24430	13764	8625	16463
TIGR04043	0	0	256	0	207
TIGR04041	5387	6344	3175	3237	5934
TIGR04040	0	0	193	0	0
TIGR04049	1851	4364	1779	1134	4822
TIGR04048	1245	3396	1975	1359	1753
TIGR04342	0	42	0	0	0
1	6691	171928	409	269487	50245
TIGR02874	304	0	0	0	697
TIGR02875	47781	66652	33695	46003	78475
TIGR02876	2424	164	1105	415	2347
TIGR02877	0	0	78	0	0
TIGR02870	3615	2946	2596	1578	5598
TIGR02871	546	152	139	130	1204
TIGR02872	8791	13422	6665	6159	15361
TIGR02873	4619	4994	4661	5171	8212
TIGR02724	1412	600	184	462	705
TIGR02726	1799	5128	1752	1578	2952
TIGR02727	3142	4032	2467	2212	3615
TIGR02720	12644	13840	7484	7574	19763
TIGR02721	698	0	2142	0	342
TIGR02722	0	800	60	0	0
TIGR02723	1358	604	0	310	630
TIGR02729	11049	13890	9309	6719	19507
TIGR00580	21985	26164	20168	15777	40677
TIGR00581	663	88	74	102	1216
TIGR00586	1247	536	692	951	626
TIGR00587	3152	5140	1258	2635	5082
TIGR00584	0	0	67	0	0
TIGR00585	5495	7128	4188	4493	7599
TIGR00588	1550	106	319	409	800
TIGR00589	1832	3042	1388	1540	3067
TIGR01192	113641	111430	85351	72441	197112
TIGR01193	134895	147982	102145	90731	234287
TIGR00342	2806	0	1246	514	3797
TIGR00343	3594	1342	3054	631	1775
TIGR00344	17850	26494	15686	9103	41521
TIGR01197	1659	5264	991	3024	4378
TIGR01194	84272	68608	71748	55765	147493
TIGR00347	823	2956	461	1818	1269
TIGR00348	10225	20028	8285	6465	13413
TIGR01198	5989	10826	5191	7894	9962
TIGR01350	12169	33528	10210	17741	35033
TIGR01351	2733	3590	2880	834	6307
TIGR01352	2617	4012	2631	1745	3699
TIGR01353	4565	9060	5882	4108	9884
TIGR01354	1910	2656	1553	946	3573
TIGR01355	495	146	407	179	943
TIGR01356	9974	10338	7439	3290	13795
TIGR01171	9127	6698	8360	3569	19585
TIGR01359	3101	5104	2729	885	6141
TIGR02618	930	8374	508	2275	2926
TIGR02419	0	0	29	0	0
TIGR02613	0	144	0	0	0
TIGR02614	14402	16796	9275	8427	21803
TIGR02615	12330	16172	7799	8514	18687
TIGR02617	934	7940	533	2420	2938
TIGR04136	3214	5852	1136	969	2936
TIGR04134	149	1816	0	217	625
TIGR04133	1552	3172	1151	275	5114
TIGR03611	521	2030	0	576	956
TIGR04131	329	1280	777	0	0
TIGR04130	5071	10608	4382	4288	9632
TIGR02749	7507	13298	9889	4769	13081
TIGR02906	1658	202	857	396	1175
TIGR03589	6179	14558	4907	6619	11121
TIGR03588	9411	15582	5676	7769	11185
TIGR03587	0	0	0	0	34
TIGR03586	1245	5412	1678	834	3375
TIGR03585	316	226	408	456	574
TIGR03584	918	3832	1432	137	727
TIGR03583	703	254	0	0	0
TIGR02909	957	140	416	365	1535
TIGR00249	0	0	61	0	67
TIGR00075	807	716	0	39	667
TIGR00753	5088	7640	5172	2229	7915
TIGR00752	0	0	110	0	0
TIGR00751	1990	6238	2979	2278	4296
TIGR00750	2053	7190	964	3435	5549
TIGR00757	5199	12106	5196	2304	10146
TIGR00755	9902	12812	4658	2247	9822
TIGR00754	64	1340	83	0	159
TIGR02504	4736	16152	3063	6399	15157
TIGR02505	0	20120	0	0	0
TIGR00759	683	1646	955	782	1579
TIGR00758	570	112	99	205	867
TIGR03057	204	10	163	128	577
TIGR03056	136	208	145	0	701
TIGR00241	4431	540	1421	2735	4989
TIGR00240	2628	3312	2139	1967	3888
TIGR01974	6034	11312	6727	8270	13582
TIGR01975	1360	2168	516	824	1525
TIGR01976	12556	8578	8674	5120	19139
TIGR01977	13636	8428	9427	5282	21740
TIGR01970	3350	316	4053	39	537
TIGR01971	1384	3638	2044	1966	3370
TIGR01972	5863	9560	6429	6567	16120
TIGR01973	1294	2520	942	1130	2646
TIGR01978	93001	100750	73102	61451	168620
TIGR01979	13895	10276	9714	6559	22284
TIGR00397	532	1446	458	974	2553
TIGR03138	2644	3726	1690	848	2122
TIGR03139	2530	3292	1731	1094	2013
TIGR03136	8592	18660	6010	10302	24453
TIGR03137	2538	9886	1043	3209	5838
TIGR03134	176	0	264	51	0
TIGR03135	0	0	0	53	0
TIGR03132	406	138	294	0	0
TIGR03133	4178	4538	3307	2597	7578
TIGR03130	59	94	43	55	0
TIGR03131	4806	7188	4164	2209	7938
TIGR02470	284	480	1237	0	73
TIGR02472	439	994	1307	0	3088
TIGR00624	1206	3920	906	741	2548
TIGR02474	1174	2708	641	4129	4021
TIGR02475	2421	2664	3807	944	3562
TIGR00621	4901	5726	3581	3378	5583
TIGR02477	12853	22678	12008	12367	29610
TIGR02478	11461	18080	7908	9317	21216
TIGR02479	12395	7986	8470	4674	16201
TIGR00628	4735	7244	3254	2105	5465
TIGR03222	0	124	73	0	680
TIGR03220	0	0	69	0	0
TIGR00938	0	0	0	39	222
TIGR03226	5579	4750	4371	3437	7123
TIGR03227	976	606	393	540	1033
TIGR03224	672	1164	1021	2210	4738
TIGR02259	3443	242	766	1092	3594
TIGR00933	10554	16796	9997	11156	23547
TIGR00932	4034	13514	6050	6415	9212
TIGR00931	6869	12500	4982	6416	12444
TIGR03229	0	0	103	0	0
TIGR00937	5112	5648	5065	3617	6989
TIGR00936	1564	3120	118	1744	3715
TIGR00935	426	150	772	386	1575
TIGR00934	704	4190	1079	2087	2426
TIGR02157	0	0	31	0	0
TIGR02063	11907	19488	12903	4380	20757
TIGR02062	9433	13998	10307	4283	15651
TIGR02061	2499	0	195	597	2005
TIGR02060	136	0	0	0	252
TIGR02067	1755	8406	1619	3824	7491
TIGR01759	6353	12802	6346	7195	15692
TIGR02065	6613	8054	6003	3675	12331
TIGR02064	1619	102	330	0	1444
TIGR01756	2422	5614	3659	2094	4373
TIGR02068	8724	8178	6438	5210	15794
TIGR01750	2430	4578	2274	1993	5439
TIGR01751	281	820	537	303	406
TIGR01752	1651	5598	1872	1763	1811
TIGR01753	3377	5060	2330	2774	4884
TIGR03828	6894	7446	4652	4224	11413
TIGR02260	54	0	0	0	505
TIGR02263	699	0	138	411	2290
TIGR02262	22055	47000	21637	19075	45498
TIGR01992	1402	1960	1024	2863	5006
TIGR01993	410	0	992	0	353
TIGR01990	5658	8258	5829	4531	7083
TIGR01991	25148	20050	19044	10674	52069
TIGR01996	1854	2012	1131	2763	5808
TIGR03825	580	90	455	65	447
TIGR01994	1635	232	307	327	2044
TIGR01995	2971	2888	2291	3231	7105
2	1114	0	0	160159	6040
TIGR00809	33	0	120	86	111
TIGR00808	106	0	113	44	95
TIGR00807	34	0	45	0	33
TIGR02257	3497	10120	6193	7141	10495
TIGR00801	12014	6320	6838	4774	11063
TIGR00800	337	88	486	0	979
TIGR03301	4123	5754	6564	2965	6411
TIGR03918	12482	16142	7268	9589	22183
TIGR03914	719	132	106	199	963
TIGR03915	2123	4128	1391	2386	4514
TIGR03916	3088	6124	2260	3934	8444
TIGR03910	6156	9826	3708	6977	12338
TIGR03913	1084	1978	728	76	4134
TIGR03554	0	0	0	0	47
TIGR00119	3109	3744	2217	2661	4604
TIGR00118	13796	16368	7543	8348	22056
TIGR00115	11480	13354	5459	5762	22216
TIGR00114	2664	4564	1803	1858	3767
TIGR00117	3481	4926	4875	3590	8273
TIGR00116	8625	12916	4981	6462	17893
TIGR00110	8612	12034	7724	6833	19699
TIGR00113	8379	13206	7796	6353	15383
TIGR00112	3379	5726	3718	3470	6877
TIGR03481	0	0	0	0	171
TIGR01509	4273	5172	3884	4179	4455
TIGR01508	2206	3728	1587	1752	3744
TIGR00268	785	492	301	110	684
TIGR01504	12797	14452	7464	7367	19132
TIGR01501	0	178	0	0	0
TIGR01500	3813	4046	1690	992	2907
TIGR02089	6748	10210	5687	7031	16845
TIGR02088	6765	9662	5510	6126	15306
TIGR00359	519	536	743	585	699
TIGR02081	0	0	0	0	146
TIGR02080	7221	6962	8000	4981	14245
TIGR02083	9573	9734	8365	7408	18301
TIGR02082	14749	22040	12493	13545	27113
TIGR02085	9953	7320	6754	3644	14309
TIGR02084	3176	3788	2250	2701	4922
TIGR02087	3185	3918	2326	2647	4787
TIGR02086	9638	10004	8577	7888	18081
TIGR04058	158	132	0	0	0
TIGR01603	0	98	204	27	684
TIGR04050	186	0	0	0	191
TIGR04051	3510	8046	4321	1769	7683
TIGR04053	1594	2904	649	184	2965
TIGR04054	6395	8976	4442	1909	9446
TIGR04055	8902	9086	2185	4286	12720
TIGR04056	373275	902802	314940	547739	695318
TIGR04057	20074	49314	18217	37103	44769
TIGR00021	321	1140	217	1176	630
TIGR00020	14034	18368	11478	6491	28065
TIGR00023	1470	1092	771	329	2219
TIGR00022	3286	6824	1954	1936	3109
TIGR00025	807	934	1622	427	2009
TIGR00027	756	1204	270	1188	829
TIGR00029	2816	2498	1574	808	1888
TIGR01211	2712	1956	2729	2138	2622
TIGR01210	0	0	95	0	0
TIGR01212	5482	9582	5012	4865	9160
TIGR01215	630	0	219	91	387
TIGR01214	9472	15636	8511	6161	12414
TIGR01217	5448	8120	7726	3275	9049
TIGR01216	2199	1648	2021	1143	2997
TIGR02881	1435	1100	822	374	965
TIGR02880	1520	1132	850	317	868
TIGR02883	5298	4358	3397	1584	6101
TIGR02882	0	0	160	0	0
TIGR02885	13514	7930	8860	3394	15989
TIGR02884	5482	5210	4755	5404	9317
TIGR02887	332	0	0	0	525
TIGR02886	700	146	280	149	994
TIGR02889	381	0	69	0	753
TIGR02888	255	40	178	45	489
TIGR04356	0	0	212	0	86
TIGR00334	524	0	0	138	471
TIGR00337	10218	12670	7755	3351	19528
TIGR00336	2832	4940	3282	2190	7465
TIGR00331	2532	474	1163	372	3474
TIGR00330	156	42	202	0	73
TIGR00333	0	268	28	0	0
TIGR00332	1063	216	1056	264	1399
TIGR00338	1803	3720	1280	2025	5687
TIGR01325	7356	6970	7996	5659	14877
TIGR01324	6629	6870	8065	4130	13886
TIGR01327	15119	24368	10514	14295	30021
TIGR01326	13097	11850	12303	8139	25993
TIGR01321	0	0	48	0	0
TIGR01320	0	0	127	0	0
TIGR01322	8611	7774	5792	5669	8980
TIGR03550	544	462	279	1495	867
TIGR01329	7344	6398	8075	5570	13940
TIGR01328	7846	7384	8211	6042	15286
TIGR02669	5239	5768	5049	3237	8693
TIGR02668	3768	3988	3070	2261	5529
TIGR02665	122	0	161	86	285
TIGR02667	786	306	135	66	861
TIGR02666	5484	8368	2983	2100	5924
TIGR02660	9419	10330	5693	7992	14011
TIGR02662	1513	606	3104	0	1122
TIGR04121	10467	31864	16720	13350	28342
TIGR04122	136	0	0	0	225
TIGR03590	317	1870	976	569	694
TIGR03591	19210	28240	18303	10067	39101
TIGR03592	5709	4534	3787	1755	8758
TIGR03593	2330	7134	3532	1761	3171
TIGR03594	28212	35118	19554	17524	48380
TIGR03595	641	60	309	175	788
TIGR03596	5897	5952	3448	2597	9164
TIGR03597	1623	2990	3042	1244	3227
TIGR03598	7363	9702	6094	5301	14196
TIGR03599	4285	906	1929	719	6709
TIGR00243	6157	7688	5957	5298	10315
TIGR00242	1507	3076	1054	1118	3376
TIGR00245	758	3166	518	2569	1677
TIGR00244	1473	258	356	495	1414
TIGR00247	3678	6712	3060	2401	6359
TIGR00246	2430	3892	1964	1663	3990
TIGR01039	20835	23512	14499	14010	51544
TIGR01038	1420	226	641	382	1694
TIGR01031	2916	4850	1969	1515	2458
TIGR01030	1803	3674	1391	1229	1991
TIGR01033	5004	7326	4164	3829	9757
TIGR01032	4946	5290	2998	1208	5138
TIGR01035	1416	282	448	681	1308
TIGR02294	5425	1786	1894	938	6446
TIGR01037	6601	14752	4975	7224	13924
TIGR01036	5359	7598	3849	3920	7852
TIGR00744	10681	26420	14276	9298	17509
TIGR00745	3331	4304	1582	3363	6863
TIGR00746	1039	1480	1050	146	1618
TIGR00747	8299	14696	5626	7486	13357
TIGR00740	0	0	83	0	620
TIGR00741	1851	3076	929	981	3727
TIGR00742	4627	6316	4707	3238	7956
TIGR00743	0	0	109	0	0
TIGR00748	4768	4192	2439	2332	7042
TIGR00749	0	0	71	0	0
TIGR03186	69	0	520	0	350
3	0	0	0	1481	0
TIGR01710	257	60	190	128	0
TIGR01711	0	0	83	0	0
TIGR01712	62	0	0	0	0
TIGR03103	0	1016	329	0	400
TIGR00639	5019	10218	4010	7146	10088
TIGR01713	0	0	92	0	0
TIGR03107	691	612	635	0	1081
TIGR03106	505	0	654	0	1176
TIGR03105	4208	2162	1418	1813	5286
TIGR03104	4560	3810	3373	2933	6167
TIGR00630	23314	39790	19590	20491	51443
TIGR00631	13015	13934	8394	7029	22727
TIGR00632	2548	3246	1881	839	1168
TIGR03108	3398	4876	2243	2874	5488
TIGR00634	8501	9558	6667	6093	10286
TIGR00635	6099	10418	7325	4485	11293
TIGR00636	1640	4662	1067	3235	4604
TIGR00637	153	0	58	64	276
TIGR02405	15141	11400	12142	4827	12901
TIGR02404	3529	4900	1293	1407	3450
TIGR02407	13731	15114	7801	8955	22474
TIGR02401	5302	7768	4511	1895	5637
TIGR02400	1011	3272	725	2738	2991
TIGR02403	12586	13768	7688	5412	11845
TIGR02402	12566	14068	9029	10742	18653
TIGR04000	116	0	0	0	138
TIGR03424	0	0	0	0	105
TIGR02919	262	254	0	114	293
TIGR01699	3047	5504	3463	2452	7253
TIGR01698	3186	5688	3583	2470	7251
TIGR01695	1784	90	368	1103	3612
TIGR01694	2765	4698	3426	1406	6645
TIGR01697	3216	5818	3594	2487	7254
TIGR01696	1987	0	1064	569	1619
TIGR01693	252	0	836	0	876
TIGR01692	2237	494	511	1018	1458
TIGR04203	0	52	0	0	0
TIGR01656	1385	3752	1440	1952	3268
TIGR03217	6109	4696	4321	4438	10833
TIGR03216	2051	5202	1797	4153	6719
TIGR03215	0	0	53	0	0
TIGR00633	3874	5040	3139	1495	5890
TIGR00928	16715	28080	17928	10790	34278
TIGR00929	24181	42212	13950	27191	74963
TIGR03210	3586	4808	3679	1807	7208
TIGR00924	3043	11470	3529	2928	7044
TIGR02310	0	1844	0	0	0
TIGR02313	7968	11264	7998	5934	14889
TIGR00927	1889	2170	942	981	2456
TIGR02315	136848	146894	97328	96406	238060
TIGR00921	7420	19982	5614	13474	24359
TIGR02317	448	1528	304	173	982
TIGR02316	7942	13474	8612	8009	18672
TIGR02292	0	0	134	0	0
TIGR02074	24968	30852	25209	15925	40557
TIGR02075	4680	6586	3881	2704	7089
TIGR02076	3669	6064	3948	2486	6609
TIGR02070	6957	8588	6780	5377	9815
TIGR02071	10792	14704	9669	6448	17101
TIGR02072	5154	8824	3294	5752	8888
TIGR02073	12186	16474	9526	8737	17544
TIGR02078	8073	17450	7837	6765	14362
TIGR02079	9858	7150	9667	6109	14189
TIGR02273	2893	4212	2635	1924	4737
TIGR02276	0	0	19	0	0
TIGR03858	0	0	0	0	48
TIGR02274	0	92	232	0	0
TIGR02275	16288	35236	15755	16672	39922
TIGR03855	721	732	203	590	1414
TIGR03854	0	0	0	0	47
TIGR02278	2088	3568	1543	2112	4879
TIGR02279	2150	744	1050	891	5295
TIGR03851	2164	276	1143	559	1178
TIGR03850	3873	488	1506	846	2507
TIGR03853	180	726	103	603	365
TIGR03852	1886	394	1116	117	1402
TIGR00810	1492	1980	963	1139	1947
TIGR02562	0	0	0	0	397
TIGR00813	13491	18342	11204	18391	28459
TIGR00814	0	0	887	0	0
TIGR00815	8851	12232	7158	5595	13467
TIGR00816	0	0	90	0	157
TIGR02563	0	0	0	0	71
TIGR00819	1169	4720	574	2486	3376
TIGR03421	0	0	0	52	91
TIGR03866	0	0	14	0	155
TIGR00109	0	0	0	101	274
TIGR03423	21703	25936	20172	14107	33321
TIGR00107	2730	2448	1845	1597	5482
TIGR00104	839	692	974	153	1002
TIGR00105	2287	3798	1581	966	2929
TIGR00103	1444	0	519	378	1728
TIGR00100	638	322	148	72	1003
TIGR00101	376	908	0	94	219
TIGR01518	1105	2164	2749	143	1541
TIGR01517	25549	37996	15697	17657	45342
TIGR01514	2997	2994	1227	2212	4857
TIGR01515	16570	18008	12207	16581	30942
TIGR01512	19436	28964	12994	17334	39170
TIGR01513	4077	3062	1275	2316	6752
TIGR01510	2929	4440	2763	2548	5351
TIGR01511	23657	32318	15531	17695	49161
TIGR01187	113583	112562	78884	76830	197308
TIGR01186	133179	134412	92397	90558	227646
TIGR00357	240	1948	24	672	923
TIGR02099	0	0	292	175	771
TIGR02092	4289	1364	1618	1618	8749
TIGR02093	17206	14438	10852	7763	28794
TIGR02090	9567	9908	6105	7468	15826
TIGR02091	5874	3156	2353	1879	9511
TIGR02096	0	0	96	0	0
TIGR02097	0	0	34	0	0
TIGR02094	13043	24332	9623	9737	27968
TIGR02095	9058	12758	8359	3935	13531
TIGR04028	3483	1012	364	284	3408
TIGR04024	0	0	0	0	45
TIGR04027	0	0	0	0	38
TIGR04021	0	0	0	0	45
TIGR04020	0	0	0	0	48
TIGR04022	5282	8002	6338	3517	10447
TIGR00032	9324	9660	6917	5116	19309
TIGR00033	4200	6098	4108	2570	8218
TIGR00030	1787	1676	1306	813	1665
TIGR00031	9694	8900	2328	3190	6619
TIGR00036	3891	6488	4290	2940	6695
TIGR00034	1919	480	1389	473	2514
TIGR00035	199	402	278	94	359
TIGR00038	4458	7242	3374	2702	7781
TIGR00039	1324	3246	1797	1862	1710
TIGR01202	2271	1706	3068	2788	3064
TIGR01203	3398	6136	2911	2437	4427
TIGR01200	1854	9626	3831	615	1537
TIGR01201	12732	25598	16496	22926	26618
TIGR01207	9684	10222	5098	5941	12241
TIGR01204	397	0	0	88	102
TIGR01205	11191	17656	13116	9546	21607
TIGR01208	11969	17006	6155	7883	17530
TIGR03637	0	0	0	0	217
TIGR02892	749	36	307	141	893
TIGR02893	107	0	330	54	315
TIGR02890	203	182	64	0	154
TIGR02891	0	0	142	0	0
TIGR02896	21	0	82	0	0
TIGR02897	0	0	32	0	0
TIGR02895	83	0	0	0	0
TIGR00289	94	856	0	0	192
TIGR02899	44	566	204	183	361
TIGR03692	158	76	0	0	198
TIGR03697	0	0	118	0	0
TIGR03696	3251	2230	847	3850	4856
TIGR03695	1773	2676	1178	769	1927
TIGR03699	795	2242	170	1546	3386
TIGR03542	23692	29348	23198	18986	35984
TIGR03451	5466	5738	7061	6208	8123
TIGR02540	600	392	602	1244	643
TIGR03453	16252	15634	9692	14015	28261
TIGR03452	6092	24386	5035	11808	19053
TIGR03455	802	2370	995	1374	1765
TIGR03454	2451	4582	2967	3472	8420
TIGR03457	12644	14622	7505	7523	19640
TIGR04336	1129	0	0	0	0
TIGR03459	0	0	0	0	57
TIGR03458	5393	12112	6706	4219	15875
TIGR00326	4502	6890	4409	3668	7618
TIGR00325	2048	3566	3451	869	4204
TIGR00320	1745	206	1484	289	2138
TIGR00321	0	1290	0	0	0
TIGR03541	65	0	232	49	118
TIGR00328	1343	86	816	355	1290
TIGR00329	4426	6344	3923	3532	7479
TIGR01334	4490	5562	3615	3086	8283
TIGR01330	89	898	174	0	1354
TIGR01331	1833	9108	1455	4270	8399
TIGR02678	172	0	0	0	61
TIGR02679	113	178	0	0	118
TIGR02677	303	96	0	26	246
TIGR02674	0	0	0	0	40
TIGR02675	0	86	57	42	36
TIGR02672	59	0	0	72	269
TIGR02673	130998	138288	92269	91619	228101
TIGR02670	189	0	85	0	0
TIGR04157	10203	25060	11961	10273	16035
TIGR04150	547	6252	398	38	49
TIGR00360	1762	3424	1980	1778	3519
TIGR00258	315	0	157	0	0
TIGR00259	385	60	0	0	0
TIGR00252	1768	1416	554	894	2166
TIGR00253	830	24	342	319	964
TIGR00250	2436	3320	1947	1743	2680
TIGR00251	0	0	0	0	109
TIGR00256	2588	4158	2768	2756	5958
TIGR00257	3010	3462	1721	2516	3601
TIGR00254	15796	132	7507	4649	13132
TIGR00255	4782	7456	4388	2444	7996
TIGR01028	2706	1008	1337	607	6566
TIGR01029	7203	4664	4348	3174	12870
TIGR01022	1310	504	378	282	1558
TIGR01023	2572	3890	1357	1026	2214
TIGR01020	4586	3168	3575	1503	9045
TIGR01021	4571	4366	3670	1756	8805
TIGR01026	25517	27860	19723	15865	58989
TIGR01027	3933	4066	4226	4278	9093
TIGR01024	3686	6262	2264	1398	4244
TIGR01025	2836	1872	2345	733	2617
TIGR02319	145	436	203	83	490
TIGR02318	596	1120	529	1103	1094
TIGR03214	0	0	59	0	0
TIGR03073	987	1400	456	1902	1236
TIGR03072	7290	7000	4755	1721	13722
TIGR03071	1675	2006	1649	487	1087
TIGR03070	1747	1506	778	1512	1330
TIGR03077	880	2902	713	1625	2217
TIGR03075	76	878	318	450	1040
TIGR00882	961	0	160	0	0
TIGR03679	156	862	0	72	193
TIGR03670	9149	12742	7546	4644	25430
TIGR03673	4160	2846	3613	1456	5151
TIGR03675	3930	366	1091	976	4762
TIGR02311	308	890	156	0	396
TIGR00926	1411	4202	1617	2140	2020
TIGR02845	1851	158	540	456	2394
TIGR02312	0	0	69	0	0
TIGR04002	232	0	213	191	452
TIGR03190	660	162	138	415	3459
TIGR02847	0	0	66	0	0
TIGR02314	131965	128172	93168	88105	224855
TIGR02846	9127	4218	6286	2115	11028
TIGR00649	5480	1430	2017	1152	6454
TIGR03111	6398	8542	4159	5584	8089
TIGR03112	304	0	0	141	271
TIGR03987	76	1364	0	0	0
TIGR00645	0	0	100	0	141
TIGR00644	9066	14602	8309	6533	17804
TIGR00647	2109	384	1037	258	2023
TIGR03193	789	418	158	81	924
TIGR00641	6623	15734	2357	7677	14211
TIGR00640	1187	3370	432	2705	4427
TIGR00643	17081	23708	15535	12773	32787
TIGR00642	5173	14248	1987	7752	14939
TIGR02416	4874	452	1180	245	5459
TIGR02417	20175	18068	16901	6069	17805
TIGR02414	657	3446	525	1597	2999
TIGR00488	1333	160	387	130	1358
TIGR02412	1163	3848	888	1442	3887
TIGR02843	0	0	162	0	0
TIGR02411	269	3186	143	1469	2652
TIGR00483	33607	39414	32731	17727	72348
TIGR00482	2727	4320	2298	2164	4075
TIGR00481	0	0	0	0	181
TIGR02842	0	0	32	0	0
TIGR00487	34644	40898	36656	16142	79177
TIGR00486	3198	7358	2869	3484	6332
TIGR00485	37625	48364	36583	19203	87876
TIGR00484	61676	82922	52865	30742	117612
TIGR02923	538	116	561	0	1421
TIGR03733	1736	0	1339	347	596
TIGR04009	5405	8120	4843	6521	9170
TIGR00013	39	0	0	78	87
TIGR01688	0	100	98	0	0
TIGR01689	0	0	0	74	0
TIGR01686	96	0	0	768	1378
TIGR01687	0	0	0	68	0
TIGR01682	0	0	0	68	50
TIGR01683	904	584	220	348	1404
TIGR01681	0	0	0	334	559
TIGR03208	17246	33118	16090	16176	39744
TIGR03636	213	440	113	0	725
TIGR02924	6488	9888	5495	6287	15993
TIGR03200	2748	3146	2757	1171	5545
TIGR03201	4902	3632	6654	4472	5909
TIGR03202	493	296	0	0	182
TIGR03203	5028	5728	4877	2743	10886
TIGR03204	5381	9404	5780	4827	14176
TIGR03205	16711	31946	16450	16354	34661
TIGR03206	23912	35470	12745	20413	42006
TIGR03207	4615	10954	4614	3163	12059
TIGR00151	2351	4096	2767	2262	3722
TIGR02309	0	1898	0	0	0
TIGR01382	2140	4194	2464	2814	4630
TIGR02303	2192	3982	2119	2370	4003
TIGR02306	0	0	0	0	107
TIGR01381	0	0	0	79	0
TIGR02304	147	0	0	0	157
TIGR02305	1921	3332	2146	1486	3057
TIGR01380	0	0	67	0	0
TIGR00797	66681	74900	45168	50258	120152
TIGR00796	1199	684	104	0	2273
TIGR00795	2366	1864	4172	3755	3498
TIGR00794	1277	158	3023	0	0
TIGR00792	13845	11416	13381	5864	21256
TIGR00791	2233	2676	799	541	2040
TIGR01386	105495	185272	74951	113904	178827
TIGR03639	2175	3114	3361	425	3283
TIGR03638	0	0	0	22	348
TIGR02247	5380	4252	5315	1491	5009
TIGR02243	83	698	0	0	352
TIGR02691	575	608	2305	1421	1220
TIGR03848	4066	1110	1484	1255	5292
TIGR02240	74	0	131	0	0
TIGR03846	230	1922	111	88	660
TIGR03844	72	2582	0	0	893
TIGR03845	205	1662	98	66	455
TIGR02249	15369	35474	13285	18093	30277
TIGR02248	0	0	89	0	0
TIGR00864	0	392	0	0	0
TIGR00861	305	2452	411	1293	1848
TIGR01542	880	0	0	81	2984
TIGR02693	41	0	264	57	581
TIGR00133	4236	582	2004	1207	5178
TIGR00132	2824	636	1622	675	4955
TIGR00131	7492	10402	4854	4872	12571
TIGR00130	0	402	0	0	84
TIGR00137	4278	4294	3182	2921	7215
TIGR00136	12512	17166	11765	9160	20024
TIGR00135	789	122	419	265	879
TIGR00134	1741	548	1008	383	2490
TIGR00139	7174	7116	4960	6406	18188
TIGR00138	3254	3970	2576	2380	5172
TIGR01523	15077	20882	10075	10511	28371
TIGR01522	25197	36554	14982	16367	42724
TIGR01521	9628	16266	8348	7046	16425
TIGR01520	9176	9200	7573	6773	12984
TIGR01526	464	0	124	0	0
TIGR01525	26991	39464	16529	20188	56203
TIGR01524	20928	29876	17041	14188	35605
TIGR01529	2620	4628	2910	1266	3212
TIGR01528	1801	4312	485	2349	2864
TIGR02939	15090	34612	13971	14293	27260
TIGR02938	11967	16012	3593	13035	18947
TIGR04038	960	78	329	281	918
TIGR04039	120	3206	79	50	1161
TIGR04036	0	0	0	0	48
TIGR02933	304	1002	190	101	284
TIGR02932	32	0	0	121	0
TIGR02937	60041	163848	43548	54679	90996
TIGR00007	4336	3730	3278	3356	6896
TIGR00006	5899	6020	4625	2311	9945
TIGR00005	15298	24390	13993	11833	26101
TIGR00004	2731	3300	2366	1738	3452
TIGR00003	545	446	55	160	1283
TIGR00002	2290	3860	1449	979	3708
TIGR00001	2569	2226	1253	790	2572
TIGR00009	1527	2132	1241	1309	1610
TIGR00008	2532	3498	1653	1530	3228
TIGR01237	2853	6030	1980	2527	7025
TIGR01236	2747	5584	1697	4602	6838
TIGR01235	20693	27268	22320	18527	50806
TIGR01234	4374	3928	2994	2376	11275
TIGR01233	3164	2126	2545	3695	4483
TIGR01231	2212	308	628	733	2697
TIGR01230	845	3466	124	614	2070
TIGR01239	3472	574	1635	857	4828
TIGR01238	2706	5442	1717	3737	7006
TIGR03857	0	0	0	0	48
TIGR03680	15191	15270	14589	8660	47332
TIGR03683	11493	16544	9638	7054	27112
TIGR03689	8334	8242	6329	3872	15823
TIGR04322	1343	4248	2094	986	2111
TIGR03443	1276	1026	676	1169	1576
TIGR00319	80	0	0	0	0
TIGR04321	62	0	122	0	0
TIGR03446	82	0	0	0	0
TIGR03447	7429	12126	8841	6068	20601
TIGR00767	10253	13038	10124	5389	19167
TIGR00313	3087	6750	1401	1954	5705
TIGR00312	2008	2326	846	2292	2665
TIGR04328	704	58	1662	0	47
TIGR04329	3200	320	3113	987	4058
TIGR00317	1065	2970	634	1613	2273
TIGR01308	1187	2996	1651	321	2794
TIGR01303	10073	15538	8017	6784	21056
TIGR01302	9853	13596	7307	7198	22926
TIGR01301	2595	6908	4339	3429	5468
TIGR01300	125	28	0	0	0
TIGR01307	13195	17954	11962	6337	29011
TIGR01306	5073	6040	4496	3635	14522
TIGR01305	5284	7330	4306	3711	14736
TIGR01304	3929	6740	3585	3610	13172
TIGR02515	840	1540	60	38	246
TIGR02643	2033	114	678	333	2008
TIGR02646	620	72	1226	0	608
TIGR02645	2036	0	693	522	2069
TIGR02644	1970	108	654	320	1977
TIGR02649	3582	4662	3610	2421	5713
TIGR03287	0	498	0	0	0
TIGR00445	5777	6046	4996	3201	8054
TIGR03573	123	224	170	0	37
TIGR04145	111	0	0	0	51
TIGR03570	10458	21518	8348	10466	16548
TIGR03289	1612	84	0	0	0
TIGR03571	0	0	0	0	47
TIGR04148	3626	8248	2389	1357	2990
TIGR04149	42	420	54	0	110
TIGR00441	443	568	324	1206	1397
TIGR03476	526	850	2631	2362	1768
TIGR00266	871	448	639	63	806
TIGR00263	6897	11414	8474	7316	16014
TIGR00262	3371	3324	3205	2307	4354
TIGR00260	7876	6186	8147	6234	12385
TIGR02698	631	296	448	261	716
TIGR01019	525	304	0	886	598
TIGR01018	1134	2880	695	630	2247
TIGR01017	5387	9266	5761	1929	10307
TIGR01016	674	484	81	384	429
TIGR01013	3631	4068	3939	2594	4849
TIGR01012	2152	1712	2290	268	2104
TIGR01011	7355	9978	5576	2044	10952
TIGR04311	261	192	132	0	548
TIGR04119	434	310	0	0	90
TIGR03069	1870	0	607	369	1406
TIGR03064	4539	1198	2483	425	3103
TIGR03061	1427	96	564	183	389
TIGR03062	1446	122	506	344	633
TIGR02795	1008	2576	515	1922	1811
TIGR02794	107	0	44	176	686
TIGR02797	1307	1526	2473	965	1943
TIGR02796	5357	6910	4124	3758	10603
TIGR02790	4375	1386	1014	841	4722
TIGR02793	70	412	61	85	173
TIGR04090	0	0	0	0	184
TIGR02799	1532	870	1334	516	1161
TIGR02798	421	0	0	0	729
TIGR03664	2534	2638	3625	1972	5216
TIGR03478	51	82	209	492	1392
TIGR02429	155	1480	131	74	225
TIGR02428	487	1404	94	104	81
TIGR00658	9944	14102	9049	7615	20573
TIGR00659	3241	5544	2480	2860	5568
TIGR00656	13837	28470	11986	14107	26282
TIGR00657	13857	28578	11451	13442	26261
TIGR00654	40	0	55	0	81
TIGR00655	3583	8696	1919	4103	8923
TIGR00652	4439	4804	4071	4436	5886
TIGR02426	11740	16588	11245	5622	23408
TIGR02425	1029	2142	542	1285	2027
TIGR00651	8768	15564	10935	9540	20020
TIGR00498	3229	986	2628	679	2647
TIGR00499	21642	32430	19297	15717	45668
TIGR00494	1236	2952	1068	523	1896
TIGR00495	229	200	0	0	0
TIGR00496	3617	4560	2847	1983	7177
TIGR00497	8778	22574	10404	6248	15677
TIGR00490	33290	47220	29383	18144	65568
TIGR00491	6660	8914	8556	2332	21235
TIGR00492	7135	9230	6186	4758	9231
TIGR00493	4816	6730	3430	3408	6527
TIGR01831	20707	27694	12715	18429	37741
TIGR01830	26202	41994	15671	25427	48138
TIGR01833	0	148	0	0	0
TIGR01832	24451	38596	14066	22330	44178
TIGR03279	2263	408	738	27	1060
TIGR00366	428	544	39	330	0
TIGR02339	5725	5884	4175	4068	11390
TIGR02337	318	2028	403	1194	1617
TIGR02336	2175	384	1339	687	1993
TIGR02334	0	0	170	0	198
TIGR02333	5413	8686	4736	5293	15007
TIGR02332	0	582	195	231	136
TIGR00783	79	0	0	0	24
TIGR00784	338	162	0	0	190
TIGR00785	9972	5674	6698	6532	11942
TIGR00786	3789	1408	290	2686	7532
TIGR00787	2373	872	120	1116	5285
TIGR00789	599	0	332	207	635
TIGR02003	2439	878	1761	1441	4977
TIGR01786	21357	47986	25505	33835	37817
TIGR01785	24682	60028	30239	34383	41904
TIGR01784	12166	14512	26455	5335	9307
TIGR01783	12855	35494	16904	23569	18935
TIGR01782	9701	26750	16609	9663	25510
TIGR01780	3245	4738	1913	3991	6798
TIGR02252	2858	3424	1819	2528	4767
TIGR02253	11925	11970	10837	6802	12580
TIGR02254	3787	4800	2481	3190	5945
TIGR02256	725	0	39	0	44
TIGR01788	2660	10500	1019	4136	11465
TIGR03873	130124	135824	92759	93251	230398
TIGR03300	705	1300	329	1681	1809
TIGR03303	9245	25364	18937	8555	24381
TIGR03302	1205	3824	1441	2037	2813
TIGR03305	19577	19066	13623	11246	47974
TIGR03307	1753	4418	3039	2313	2677
TIGR03306	3967	4368	4144	3463	7446
TIGR03309	793	188	72	0	747
TIGR03308	5470	9262	2409	5557	8864
TIGR00876	0	0	128	64	56
TIGR00877	9199	11262	6822	3828	15546
TIGR00874	2002	3408	1088	1991	3992
TIGR00875	2714	4272	1067	2089	4196
TIGR00872	1980	1564	323	1720	2883
TIGR00873	2392	6062	710	3939	6659
TIGR00870	56	0	46	0	0
TIGR00871	1556	6200	900	3462	5938
TIGR03240	2756	4648	1951	4245	6604
TIGR00878	5427	7786	5154	3838	14610
TIGR00879	5712	19194	5999	6762	10522
TIGR03899	45	0	0	0	33
TIGR03891	83	870	0	0	153
TIGR03890	0	502	0	0	0
TIGR03895	53	910	331	307	872
TIGR03897	0	1828	0	0	826
TIGR03124	294	0	175	0	0
TIGR03788	0	0	0	0	309
TIGR01659	0	266	0	0	0
TIGR01652	3263	3530	3063	1432	6404
TIGR01655	54	0	106	0	0
TIGR01654	183	0	0	0	0
TIGR01657	10898	15414	8459	10346	23658
TIGR00990	2261	4874	2022	1879	2720
TIGR04172	0	0	0	180	1484
TIGR04171	1031	1240	852	650	2138
TIGR00124	603	0	373	0	152
TIGR00125	1791	1740	2755	1300	2862
TIGR00126	4276	7126	2494	2837	5501
TIGR00127	4864	548	5442	1004	4432
TIGR00120	3711	294	763	790	6033
TIGR00121	3881	5762	3536	2869	5907
TIGR00122	436	0	188	111	546
TIGR00123	367	40	200	0	99
TIGR00128	4930	7216	4065	2205	8885
TIGR00129	0	0	214	149	227
TIGR01534	11065	9782	7002	3234	15532
TIGR01536	8565	9262	6521	3542	13274
TIGR01537	0	2376	265	600	1466
TIGR01530	2844	6672	3275	2080	6094
TIGR01531	516	862	0	441	555
TIGR01532	9955	9664	4350	3124	15271
TIGR01533	0	142	0	0	0
TIGR01538	1115	3192	299	184	1051
TIGR01539	342	0	0	124	382
TIGR02469	763	776	343	845	1016
TIGR02468	112	0	0	0	0
TIGR04003	4820	6270	3234	3267	6412
TIGR00019	14588	17434	11283	7087	28418
TIGR04001	491	2134	91	0	146
TIGR02464	301	500	180	0	271
TIGR04007	632	1568	280	873	1470
TIGR04006	224	0	240	0	0
TIGR04005	2385	7084	3435	1618	6057
TIGR00010	5060	9930	5522	5132	9735
TIGR00011	1906	3430	970	1998	3212
TIGR02920	9625	15736	8624	4713	18497
TIGR04008	4614	8260	3265	6151	5436
TIGR00014	42	332	120	0	0
TIGR02927	815	4142	53	1066	1122
TIGR00016	8389	11418	8840	7133	15744
TIGR00017	3481	4528	3328	2895	4778
TIGR01228	1964	7484	1643	4537	9270
TIGR01229	687	3680	64	541	1718
TIGR01221	5170	7166	2386	3129	5924
TIGR01222	1156	108	407	257	824
TIGR01224	2184	8516	1911	3125	5444
TIGR01225	3196	10294	2370	7343	14428
TIGR01226	2842	9368	2110	8601	12849
TIGR01227	220	2390	124	193	1660
TIGR04308	0	162	0	0	0
TIGR04317	2035	4428	2489	911	4228
TIGR04316	24097	38112	14368	22774	40909
TIGR04365	1863	2380	1859	1231	4970
TIGR00309	1241	5924	867	1439	4963
TIGR03471	760	1394	1033	0	1455
TIGR03470	586	702	357	783	2430
TIGR00305	0	68	0	0	189
TIGR00306	2720	5464	3300	4759	6546
TIGR02547	0	0	0	274	850
TIGR03479	57	0	553	421	1574
TIGR04318	626	248	1040	486	2030
TIGR01318	14942	10772	11519	6219	21049
TIGR01314	10495	7428	10389	7244	19074
TIGR01315	4531	1494	1899	1059	6574
TIGR01316	15667	14430	12570	6187	25980
TIGR01317	14077	11402	10368	6547	22438
TIGR01311	11198	8840	8993	10520	23549
TIGR01312	18503	15428	15854	16305	32019
TIGR01313	0	0	74	0	0
TIGR00370	0	68	0	0	267
TIGR04178	214	0	32	176	57
TIGR03789	2522	7328	3291	2213	6879
TIGR02651	5174	6930	5856	4024	5609
TIGR02653	2843	2456	6758	3554	5191
TIGR03785	69458	122520	47618	74890	115626
TIGR03784	349	100	0	506	439
TIGR03787	52903	59780	34297	38768	81856
TIGR04170	2147	6070	1811	2707	6255
TIGR03781	6090	15036	4376	11040	16209
TIGR03780	7784	23416	7673	19007	28326
TIGR03783	22753	60782	17034	41907	77773
TIGR03782	5726	20416	2226	13891	19096
TIGR00376	8225	11738	11438	9456	12747
TIGR03405	14970	17198	8525	11256	29782
TIGR00271	625	4082	412	1580	2558
TIGR00273	2680	3294	3441	2724	4427
TIGR00274	1965	3432	2301	2440	3893
TIGR00275	4923	1090	4701	1200	5833
TIGR00276	480	2106	475	0	585
TIGR00277	2946	6040	3329	1708	5215
TIGR00278	1842	2272	1338	1289	2518
TIGR01000	692	0	0	832	1502
TIGR01001	4812	6020	3792	1811	7439
TIGR01003	2566	234	1286	701	3185
TIGR01005	6624	10192	10245	8652	14210
TIGR01006	2461	0	264	330	2478
TIGR01007	9538	12480	9985	9589	17137
TIGR01008	4258	5250	5795	3552	8096
TIGR01009	6387	5778	6751	4733	9439
TIGR02684	0	0	0	111	0
TIGR02241	98	992	0	64	0
TIGR03097	0	452	0	123	76
TIGR03099	10067	13786	9539	6917	14844
TIGR03098	21521	35726	18024	19431	44203
TIGR02786	290	5528	858	2152	4843
TIGR03338	5136	2048	1419	1625	5804
TIGR02784	8947	13962	7412	6771	12332
TIGR02785	13604	7380	7130	6530	16273
TIGR02782	5461	1316	3355	1211	4978
TIGR02783	232	0	0	0	0
TIGR03659	1458	442	626	422	686
TIGR02781	151	0	0	177	0
TIGR03654	7330	6210	4397	2634	10131
TIGR03653	4863	4104	3749	1503	6432
TIGR03652	1345	2246	2949	1062	1220
TIGR02788	4331	1072	3014	1082	4886
TIGR02789	3947	1930	753	1010	5562
TIGR00663	9182	12328	5607	4457	12284
TIGR00661	678	3176	758	570	1407
TIGR00667	1290	458	2072	1374	2229
TIGR00666	2182	7304	3093	2393	5705
TIGR00665	9784	17240	6653	7976	20604
TIGR02434	476	0	248	0	0
TIGR02435	698	0	0	0	859
TIGR00669	3250	7094	3549	2026	7384
TIGR02437	4386	4092	3649	1851	9874
TIGR02430	3091	722	1714	310	7269
TIGR02431	574	972	779	160	899
TIGR02432	6312	7586	3602	3440	9366
TIGR02433	64	38	58	0	86
TIGR00461	3811	14658	2480	7584	16329
TIGR00460	7486	14100	6386	7559	12136
TIGR00463	15748	21440	13682	11374	32407
TIGR00462	10206	11864	7906	7352	23311
TIGR00465	8447	8276	5498	4803	19861
TIGR00464	14615	17162	11486	8313	26481
TIGR00466	2176	4966	2272	2313	3764
TIGR00469	2556	3572	1975	2080	5511
TIGR00468	4969	8092	3961	3899	10180
TIGR00012	1115	506	630	406	2190
TIGR01822	6240	21764	7156	10484	22887
TIGR01823	6700	8772	6630	5462	10611
TIGR01820	8972	11442	9748	5604	11987
TIGR01821	5879	21620	7228	11759	22185
TIGR01826	652	0	212	40	137
TIGR01824	7953	12504	9025	6901	11586
TIGR03269	102729	107852	72819	70501	182830
TIGR03267	2034	3598	864	1543	3537
TIGR01828	24654	19078	17554	9864	65338
TIGR01829	25720	41106	15672	23993	44773
TIGR03262	12379	5872	7510	4877	17106
TIGR03263	4018	4206	2881	1985	5231
TIGR03261	1580	724	911	612	1313
TIGR02320	446	2206	279	150	965
TIGR02321	403	1416	294	160	806
TIGR02322	657	0	540	170	724
TIGR02323	78193	71958	55043	46295	134416
TIGR02324	96378	99486	75234	68044	173074
TIGR02325	4284	4632	1387	1499	3528
TIGR02326	4062	5790	6226	3006	6059
TIGR02328	115	0	0	0	0
TIGR02329	19139	45632	14950	26050	52581
TIGR02623	2826	2444	887	3578	3958
TIGR00417	1498	0	535	447	1865
TIGR00410	519	536	743	585	699
TIGR00411	96	0	0	0	0
TIGR01798	8526	5328	6897	5520	12627
TIGR01799	79	804	0	0	0
TIGR00412	323	1070	1113	573	339
TIGR03425	0	0	0	0	106
TIGR01791	319	780	129	178	217
TIGR01792	0	2404	0	0	691
TIGR01793	8247	3438	6893	5056	11222
TIGR01796	211	0	0	0	0
TIGR03427	0	330	0	0	221
TIGR02228	501	0	0	0	494
TIGR02225	55949	124430	39364	55439	108538
TIGR02224	60046	129082	40454	60124	110983
TIGR02227	4640	4424	2921	4547	7665
TIGR02226	0	450	0	0	0
TIGR02223	0	0	74	0	0
TIGR02222	1724	3168	2264	1107	4040
TIGR03864	138810	148038	97827	96004	240619
TIGR03313	4713	400	1186	186	5206
TIGR03310	1640	436	471	425	1312
TIGR03311	3316	1050	1282	917	2907
TIGR03316	8206	12378	8018	6876	18754
TIGR03861	792	0	1840	0	460
TIGR03862	4024	878	4397	1113	5042
TIGR03315	16006	12256	13396	7076	25457
TIGR00843	0	0	37	82	0
TIGR00842	1091	0	3418	415	913
TIGR00841	1916	2306	570	724	2133
TIGR03319	10637	16040	8026	5927	17800
TIGR03868	965	34	68	397	289
TIGR00846	1116	300	500	0	1038
TIGR00845	40	0	102	54	604
TIGR02447	0	0	38	0	0
TIGR00689	2756	3494	1778	1490	4049
TIGR00688	222	130	120	227	191
TIGR00681	848	2412	400	2056	2009
TIGR00680	3062	10934	1464	3602	5743
TIGR00683	7800	10112	7599	5994	14037
TIGR00682	3255	7418	3979	3331	6285
TIGR00685	367	1212	302	1898	1875
TIGR00684	0	0	0	61	0
TIGR00687	4712	4452	5152	3748	5398
TIGR00686	0	84	81	0	0
TIGR02787	1548	504	392	430	1207
TIGR04348	545	1804	330	0	769
TIGR03881	828	118	395	227	776
TIGR03886	419	70	75	0	220
TIGR02822	3373	3588	3862	3556	6079
TIGR00547	0	0	67	0	120
TIGR01078	234	2540	61	0	341
TIGR02130	957	166	563	297	784
TIGR02133	2785	3420	1904	1407	3725
TIGR02135	4711	5022	2193	3080	9152
TIGR02134	2475	4026	1013	1905	4602
TIGR02137	1090	0	706	261	1981
TIGR02136	5599	7396	5641	3892	8008
TIGR02139	8783	6856	5074	5704	14177
TIGR02138	4607	4714	2426	4664	10324
TIGR01641	31	648	65	0	333
TIGR01646	1026	2946	872	1717	4451
TIGR01647	25395	36146	14967	20376	44086
TIGR01644	131	0	0	0	140
TIGR03253	127	242	581	106	910
TIGR04014	12868	15194	11612	9172	21103
TIGR04015	577	1620	552	445	1420
TIGR04016	1431	1098	601	840	1415
TIGR04017	2766	6514	3990	3572	6439
TIGR00069	5472	6526	4799	3297	8120
TIGR00068	860	1946	441	1741	1580
TIGR04012	66	306	0	0	0
TIGR04013	17777	22340	16993	12979	27495
TIGR02917	10280	23796	12940	11029	17531
TIGR00064	8476	13160	7677	6501	18145
TIGR02915	22557	57050	18311	30640	59922
TIGR02510	1379	7994	1531	3514	9216
TIGR04018	3946	5088	2885	1010	8412
TIGR00060	4131	2516	2379	1616	5636
TIGR02911	6850	6922	6288	4537	10827
TIGR00062	3372	3772	1711	1729	5700
TIGR01259	2503	2244	2712	1834	3535
TIGR01258	2442	5180	1297	4716	4428
TIGR01255	16694	16684	13832	10149	34089
TIGR01254	221	218	0	0	484
TIGR01257	73368	71718	51839	53255	130363
TIGR01256	878	554	122	328	2098
TIGR01251	8948	9048	5499	4665	13175
TIGR01250	1033	888	2187	188	1028
TIGR01253	1641	0	210	359	1315
TIGR01499	7973	7438	6230	2978	10655
TIGR01498	1873	3406	2146	1065	2856
TIGR01491	662	2648	353	1223	3129
TIGR01490	1371	3194	1899	1329	3565
TIGR01497	26255	36446	15752	18218	51961
TIGR01496	3052	6990	3805	2437	5049
TIGR01494	21924	32608	13272	16980	47173
TIGR03468	1740	1908	2888	1659	3949
TIGR03469	532	298	622	454	1224
TIGR04301	540	382	1000	185	2068
TIGR04303	5060	2878	869	148	5501
TIGR03466	4808	12134	5154	4629	6742
TIGR03467	65	0	0	0	229
TIGR02055	79	0	183	0	0
TIGR02052	436	316	0	225	1106
TIGR01746	2224	3012	2310	291	269
TIGR02050	0	0	110	0	0
TIGR02051	387	328	89	323	666
TIGR01989	0	0	71	0	0
TIGR02116	509	2346	702	224	664
TIGR03796	152139	149980	112518	98269	250399
TIGR03797	137943	134732	103718	87579	231917
TIGR03794	551	2102	0	1013	1261
TIGR04167	373	236	181	187	466
TIGR04162	54	0	0	0	0
TIGR04163	7408	9618	5645	4930	9870
TIGR01663	0	512	0	0	0
TIGR01664	0	534	0	0	0
TIGR01665	117	128	0	0	463
TIGR00205	157	0	246	45	178
TIGR00204	15533	18204	14549	12574	27256
TIGR00207	1213	0	490	363	1613
TIGR00206	578	0	917	732	862
TIGR00201	2590	4720	3038	1921	3365
TIGR00200	2996	4846	2391	2280	4995
TIGR00203	3254	8232	3912	3713	5268
TIGR00202	282	44	285	179	340
TIGR01667	0	0	242	0	0
TIGR00209	0	0	81	0	0
TIGR00208	476	0	351	99	630
TIGR01075	16719	13644	9559	9204	19984
TIGR01074	20079	18322	14999	11288	22565
TIGR01077	1156	720	426	0	2098
TIGR01076	807	500	146	701	1255
TIGR01071	4109	5620	3428	964	7054
TIGR01070	22575	32162	21820	15501	45709
TIGR01073	20122	19986	16703	12335	26815
TIGR01072	9477	9806	7028	2790	13487
TIGR01079	3380	2242	3395	1329	5312
TIGR02296	545	0	0	0	325
TIGR01982	797	562	152	0	616
TIGR03519	1445	13094	2627	59	0
TIGR02517	570	1528	113	58	248
TIGR03082	116	0	60	89	0
TIGR03081	1139	3414	436	1023	2752
TIGR03087	1912	2326	641	1760	1811
TIGR03192	4136	378	733	1145	4289
TIGR03088	21859	41514	21675	19855	30556
TIGR02436	2634	1570	352	1716	1759
TIGR00519	5409	14600	4270	8565	12742
TIGR00518	3188	7572	3427	3661	4999
TIGR00668	0	0	28	80	200
TIGR03644	7791	4382	8817	4273	10494
TIGR03648	3852	4104	2467	4768	7170
TIGR00510	1051	6166	1079	3501	5502
TIGR00513	2397	1956	1013	1589	3541
TIGR00512	543	1862	510	84	642
TIGR00515	4942	7648	3383	3879	11027
TIGR00838	10786	18064	11330	6576	19276
TIGR00517	2754	4200	1753	843	4944
TIGR00516	313	80	35	69	245
TIGR01109	9205	18770	5881	9849	25087
TIGR01108	12857	25080	13174	13881	33841
TIGR01103	565	0	461	88	749
TIGR01102	642	0	449	228	666
TIGR01105	866	486	148	181	1512
TIGR01104	4135	13154	7775	7945	13651
TIGR01106	16345	25274	11494	10905	27997
TIGR00674	7922	10960	7872	6057	15094
TIGR00675	12725	18774	10566	5456	7835
TIGR00676	4755	6510	4452	4354	8330
TIGR00677	3553	6870	4460	3880	7398
TIGR00670	7858	8126	5667	3972	15569
TIGR00671	2441	5506	1491	2536	5502
TIGR00672	0	0	106	0	0
TIGR00678	6959	9816	6404	3717	13013
TIGR00679	1974	0	841	724	3867
TIGR00472	13599	18462	12053	7019	23119
TIGR00473	2039	3306	2153	659	2698
TIGR00470	0	86	0	0	0
TIGR00471	5844	7626	5866	4518	9537
TIGR04226	526	296	271	89	391
TIGR00477	0	106	61	0	107
TIGR02689	499	618	2359	1428	1098
TIGR00475	29827	41802	33997	18153	73465
TIGR02687	667	0	5713	196	2353
TIGR02685	13196	17708	8200	9244	23245
TIGR00479	11658	9432	8348	4336	16702
TIGR02681	298	902	0	133	126
TIGR02680	779	398	0	0	468
TIGR02516	826	1334	60	38	219
TIGR04335	625	0	0	0	65
TIGR03838	8442	9364	5877	5312	14589
TIGR04334	4246	10650	6709	1883	4384
TIGR04337	1062	0	0	0	127
TIGR02539	1438	3256	1226	2845	3031
TIGR03007	2935	8184	4588	5255	9965
TIGR01817	17018	38460	11943	21071	42440
TIGR01816	16141	26630	22538	12030	36074
TIGR03251	10552	14530	6972	8655	18081
TIGR03250	2645	5166	1741	4299	6616
TIGR01813	5756	6722	5868	8182	19824
TIGR01812	17311	28800	22233	12549	37675
TIGR01811	15441	29244	21732	13336	37572
TIGR03254	12516	14380	7539	7284	19456
TIGR03258	134979	136622	94108	92967	234168
TIGR01818	61193	102730	49785	58404	108269
TIGR02355	5297	5810	4326	4382	9533
TIGR02354	4009	4378	3903	3544	7289
TIGR02357	708	118	135	163	1188
TIGR02356	4571	5594	3867	3791	9674
TIGR02351	6949	8732	4796	6512	15032
TIGR02350	23071	20750	18990	10956	51244
TIGR02353	231	362	0	0	84
TIGR02352	703	2630	604	1370	5545
TIGR02182	0	0	28	0	0
TIGR02359	385	0	0	249	1103
TIGR02358	659	0	366	0	1181
TIGR02238	0	0	0	0	657
TIGR02236	144	0	0	0	845
TIGR02237	2961	60306	3839	2000	7641
TIGR02235	1144	5544	2785	1485	3702
TIGR02231	143	972	0	47	140
TIGR03327	2345	0	759	431	2110
TIGR03325	16847	25442	12032	9566	32096
TIGR03324	18884	23036	13809	12776	50493
TIGR00858	5953	20808	6798	10202	21926
TIGR03322	220	164	51	162	484
TIGR03321	2439	212	1168	659	2708
TIGR00854	902	482	353	202	524
TIGR00855	4256	3168	3741	474	5139
TIGR00856	1138	144	0	419	0
TIGR00857	7328	9764	5249	5645	10781
TIGR00851	616	0	271	0	601
TIGR00852	2666	1546	1910	3294	6299
TIGR03328	2323	1538	2290	810	3889
TIGR00698	3161	9054	2164	2473	6805
TIGR00699	6993	9388	4585	5237	11416
TIGR00692	5752	7194	7682	7112	9374
TIGR00693	3207	4462	1699	1893	3797
TIGR00690	43	64	42	0	95
TIGR00691	18534	28470	18120	15980	35167
TIGR00696	3280	4712	3034	674	3900
TIGR00697	1519	4214	2202	1898	2786
TIGR00694	1407	726	2269	233	2378
TIGR00695	5726	9196	6318	6723	11015
TIGR00892	0	0	0	0	131
TIGR02122	1707	186	819	627	2421
TIGR02123	3364	1726	191	332	6728
TIGR02120	3934	1968	1720	630	2317
TIGR02121	10362	10644	5337	10484	26639
TIGR02127	4349	6284	3764	3484	8291
TIGR02124	2768	5074	2171	1602	6641
TIGR02125	0	834	0	105	117
TIGR01675	0	94	0	0	0
TIGR02129	1537	120	1614	24	1052
TIGR01672	0	0	61	0	0
TIGR01671	103	0	0	0	199
TIGR01670	1817	4374	1638	1500	2798
TIGR02900	4893	748	1805	1873	5408
TIGR02901	0	0	63	0	0
TIGR02902	7551	8402	6314	6494	11276
TIGR02903	6075	6448	4479	5706	9062
TIGR02904	289	0	595	0	361
TIGR00078	4634	6740	3629	3337	9069
TIGR00079	3744	5012	3031	2179	4826
TIGR00077	1286	1488	1196	333	1708
TIGR00074	234	350	48	34	187
TIGR01825	6187	21806	6759	11059	22869
TIGR00072	301	384	66	0	83
TIGR00073	1093	1426	303	207	1649
TIGR00070	2777	4846	2086	2627	4421
TIGR00071	5326	5304	3251	2945	6615
TIGR01249	0	0	0	0	35
TIGR01246	3146	8006	3662	3842	8064
TIGR01247	1380	1366	2239	1866	2324
TIGR01245	4305	4706	3688	3496	4943
TIGR01242	9133	10030	6590	4687	19921
TIGR01243	13374	11854	10704	5379	23498
TIGR01240	0	50	0	0	0
TIGR01241	15835	15474	13444	6778	31259
TIGR00897	0	0	0	0	292
TIGR03265	142976	146598	101797	98566	246676
TIGR01488	1576	3160	1922	1556	3667
TIGR01484	12746	11346	7416	6025	13318
TIGR01486	0	0	117	0	68
TIGR01487	8222	5714	4886	4538	8045
TIGR01480	0	48	0	0	0
TIGR01481	22150	19240	16313	8554	24072
TIGR01482	11154	7566	7615	5595	9257
TIGR03419	1071	292	333	228	2364
TIGR03418	12886	6066	6299	5627	13536
TIGR03415	109724	104214	78622	76039	190630
TIGR03414	889	2908	303	1335	1721
TIGR03417	13651	40024	8548	24964	38373
TIGR03416	1921	4472	204	2857	5082
TIGR03411	129737	136976	92774	86435	222766
TIGR03410	138401	147588	98591	94630	237713
TIGR03413	3550	1970	2662	2756	3304
TIGR03412	0	0	0	38	47
TIGR03903	3707	2622	5257	1832	4415
TIGR02773	7720	706	2600	771	7350
TIGR02772	0	0	0	0	42
TIGR04190	0	136	101	0	0
TIGR04195	561	416	758	422	345
TIGR02771	137	0	0	0	140
TIGR02974	11983	28880	8293	13181	30529
TIGR00041	881	506	446	92	1746
TIGR03521	0	3682	0	38	105
TIGR03520	16299	31454	15560	11655	27409
TIGR03523	1344	3664	2764	0	56
TIGR03522	132467	139806	94067	93498	228116
TIGR03525	2142	5094	2287	996	658
TIGR03524	388	4876	832	39	85
TIGR03527	765	220	0	149	1027
TIGR03526	1870	2770	3056	1848	2326
TIGR03529	2927	5268	4327	1745	606
TIGR03528	2737	1218	2521	406	2082
TIGR03148	0	0	90	521	771
TIGR02970	0	0	50	0	0
TIGR00216	4489	5460	4085	3723	5350
TIGR00217	8868	4880	5181	3431	11454
TIGR00214	711	3258	461	1687	2681
TIGR00215	3445	6868	4055	3348	5351
TIGR00212	1340	0	389	327	1067
TIGR00213	1222	4056	1415	2079	2702
TIGR00210	1635	136	748	854	3286
TIGR00211	917	400	281	230	666
TIGR00218	3777	5866	3962	2001	3795
TIGR00219	3787	6332	3908	3343	5500
TIGR01066	3462	4756	2809	1374	7264
TIGR01067	4004	2920	3791	1991	4760
TIGR01064	7866	11938	7046	5209	16213
TIGR01065	2789	2282	2586	2300	4115
TIGR01062	14616	18298	9250	7152	32203
TIGR01063	26015	32140	18518	9315	47738
TIGR01060	8986	14578	5549	4501	18712
TIGR01061	14811	16766	8839	8524	29899
TIGR01068	5619	11132	4444	4545	8053
TIGR01069	18412	28036	14581	16063	37259
TIGR00638	0	0	0	42	122
TIGR03635	4137	3160	2338	1215	3813
TIGR00508	13730	16910	8106	10197	26166
TIGR00509	93	0	828	503	3335
TIGR03631	3539	1702	2902	2333	4427
TIGR03630	0	260	50	0	0
TIGR03632	3706	2052	3703	2522	4246
TIGR00502	6366	10124	5163	8641	11224
TIGR00503	48366	63318	42785	25778	94729
TIGR00500	8753	12294	8401	6116	18082
TIGR00501	2858	5218	2830	1366	7414
TIGR00506	3832	5746	3441	3060	6505
TIGR00507	4417	6018	3756	2342	6977
TIGR00504	85	76	0	81	239
TIGR00505	3360	5032	2711	3453	5254
TIGR01118	1993	3246	1012	1025	2186
TIGR01119	2455	3370	1903	1450	3410
TIGR02112	0	0	46	0	0
TIGR01110	337	148	179	287	214
TIGR01116	22945	33730	15114	14473	41237
TIGR01117	13807	25698	9830	10379	33548
TIGR00447	3254	4070	2748	2029	4252
TIGR00446	4285	4868	3918	3662	5562
TIGR02692	7115	10212	6470	4465	12223
TIGR00444	2620	6056	1617	2425	5117
TIGR00443	7047	7718	5192	4266	11945
TIGR00442	11883	14858	8015	7118	18168
TIGR02696	15282	25718	11949	8431	36635
TIGR00440	12604	17068	12205	10138	24753
TIGR03741	549	826	168	334	1662
TIGR03740	124873	137484	92881	90303	218472
TIGR03743	89	0	175	41	311
TIGR00449	5686	7854	4928	4341	10603
TIGR00448	86	138	134	44	132
TIGR01808	51	0	0	25	31
TIGR01809	3663	2282	3655	1813	4322
TIGR01800	8956	6032	7193	6251	13452
TIGR01801	116	0	0	28	84
TIGR01803	202	242	806	95	276
TIGR01804	3689	5884	1898	4481	7074
TIGR01805	651	958	130	176	961
TIGR01806	0	0	0	0	27
TIGR01807	0	164	0	0	69
TIGR03246	14091	16462	8170	10095	25467
TIGR03247	127	364	44	0	183
TIGR00999	24378	75530	29299	38043	62548
TIGR00998	12632	35282	20558	18807	30636
TIGR03242	0	0	49	0	0
TIGR00997	0	0	86	76	95
TIGR00996	1570	2220	2488	64	913
TIGR03248	5411	4296	2349	4278	8674
TIGR03249	6873	8066	4493	3405	10058
TIGR00992	670	0	85	103	138
TIGR02346	880	0	433	0	1193
TIGR02347	1998	4348	3040	1261	5362
TIGR02344	1271	286	840	0	2949
TIGR02345	4527	5116	4029	3943	8831
TIGR02342	3743	4526	3684	2839	7262
TIGR02343	3884	4646	3631	3945	8877
TIGR02340	1220	312	739	0	3106
TIGR02341	1939	76	1504	208	4663
TIGR02348	13262	17624	11175	9555	28657
TIGR02349	7863	11120	6440	6020	12947
TIGR02621	0	0	0	219	404
TIGR02203	146364	148982	109198	96954	249274
TIGR03339	19824	11250	11033	8772	23706
TIGR02201	945	2536	482	3027	1705
TIGR02207	1953	5628	3994	1218	3931
TIGR02206	251	336	0	0	188
TIGR02205	0	0	46	0	0
TIGR02204	150038	149096	108188	96046	256005
TIGR03330	305	298	0	0	0
TIGR03331	503	76	0	68	308
TIGR02209	0	38	0	0	0
TIGR02208	1490	4596	3305	1118	2770
TIGR03334	1823	2948	1302	1633	4082
TIGR03335	3612	11598	3270	8603	14199
TIGR03336	8488	16332	7284	7503	17362
TIGR03337	3122	4248	1256	1165	2831
TIGR03312	1454	312	122	284	782
TIGR00849	143	0	66	0	0
TIGR03019	220	1464	79	0	0
TIGR00848	2041	1148	1024	566	1282
TIGR03860	0	0	0	0	26
TIGR03317	0	0	0	0	43
TIGR01660	0	44	104	533	851
TIGR01661	681	3594	340	1373	1357
TIGR01662	2928	4698	2408	2007	4436
TIGR02114	1662	2092	956	982	2369
TIGR02113	2637	3208	2159	1724	3719
TIGR03314	2641	5708	1222	212	3688
TIGR01666	0	0	188	0	0
TIGR02110	2811	7334	4206	4744	5634
TIGR01668	1254	222	283	264	1277
TIGR02119	9199	9996	4262	7157	19650
TIGR00840	678	1258	735	0	1615
TIGR03869	7763	11072	5560	5737	12163
TIGR04366	302	1652	1249	565	448
TIGR03407	812	754	98	360	1100
TIGR03074	0	0	181	0	0
TIGR00043	2215	3090	1984	1195	4079
TIGR00042	3617	5202	3540	1516	5864
TIGR02977	996	0	340	254	280
TIGR00040	3736	2996	2731	2286	3974
TIGR02971	5088	10388	6542	3951	8217
TIGR00046	3426	3760	3069	2923	4793
TIGR00045	2928	5386	2694	3145	4985
TIGR00044	3429	4476	2789	1172	5785
TIGR02805	653	1946	1307	369	2754
TIGR00049	0	0	69	114	150
TIGR00048	5243	10238	6599	5093	9837
TIGR02978	737	3002	420	1700	2320
TIGR02804	0	0	64	0	93
TIGR01273	7892	20624	11680	6242	15026
TIGR01272	11689	22330	20134	14661	20451
TIGR01271	43480	43568	31256	27647	78171
TIGR01277	121665	125436	86257	83397	211608
TIGR01275	136	206	0	696	0
TIGR01274	101	208	0	695	0
TIGR01279	0	0	52	0	0
TIGR01278	354	0	220	298	379
TIGR01470	1578	286	142	339	854
TIGR01473	0	266	113	0	159
TIGR01472	11786	23988	9623	13006	21485
TIGR01475	42	676	199	0	93
TIGR01474	0	594	217	0	57
TIGR01476	0	0	0	510	85
TIGR01479	8394	15366	11384	8461	10289
TIGR03786	61	388	0	0	0
TIGR03408	1109	120	426	573	2892
TIGR03409	1677	564	522	661	4288
TIGR03406	1203	2934	1587	1606	2200
TIGR04367	1356	1340	972	828	1634
TIGR02803	494	82	134	0	39
TIGR02802	1267	4762	2208	218	3197
TIGR03402	13725	8464	9586	5680	20836
TIGR03403	13724	8118	8754	5118	19136
TIGR02806	0	0	279	0	13
TIGR00195	3863	4936	3132	1491	5849
TIGR00194	9766	14662	9362	2773	15785
TIGR00197	2900	3156	2969	2557	4054
TIGR00196	3336	4362	3382	2427	4946
TIGR00191	2984	496	755	903	2129
TIGR00190	5797	6988	5060	3983	12037
TIGR04320	0	448	0	0	0
TIGR00192	0	482	0	0	142
TIGR02162	0	0	266	0	305
TIGR00199	1665	3018	1795	1761	3502
TIGR00198	0	0	121	0	0
TIGR01584	852	0	607	0	131
TIGR01587	2450	1848	804	1344	5247
TIGR01581	8562	6378	6102	5301	12995
TIGR01580	62	0	318	150	425
TIGR01583	0	0	96	70	325
TIGR01582	76	100	355	597	1712
TIGR01588	647	0	333	0	0
TIGR04182	4943	7008	3380	5229	6464
TIGR04183	181	224	0	0	0
TIGR04180	23332	41764	21253	23990	48483
TIGR04181	8456	15646	6338	6716	9292
TIGR04189	9840	18858	18448	0	182
TIGR03532	6652	14138	3146	7850	10220
TIGR03533	4513	6618	4382	2662	6806
TIGR00229	1001	1964	645	1540	1748
TIGR00228	1560	3530	1513	1630	3231
TIGR03537	30671	37624	27749	23530	41565
TIGR03534	6857	8552	5333	3247	9589
TIGR04215	92	72	0	0	0
TIGR00223	1932	3276	1902	1614	3505
TIGR00222	2712	4894	3237	2283	6337
TIGR03538	27258	34546	25251	23755	39336
TIGR03539	24978	27790	20245	17744	37100
TIGR00227	2283	3656	1570	1676	3743
TIGR00225	10959	24214	16310	16121	25045
TIGR00224	23409	14988	25272	9112	54577
TIGR01059	25442	34832	23658	15665	60154
TIGR01058	25389	33544	23415	15129	60176
TIGR00193	0	544	0	0	156
TIGR01051	25518	45130	18371	30493	49249
TIGR01050	3447	1880	2713	708	3631
TIGR01057	22846	42972	14448	30037	48098
TIGR01056	36035	56920	26858	41139	67032
TIGR01055	24861	34672	23129	14988	59806
TIGR01054	21323	38516	17119	23871	44290
TIGR01299	270	1654	163	480	645
TIGR01291	442	96	156	0	0
TIGR01293	5828	10980	5980	7114	12240
TIGR01292	15264	23806	12695	11319	30592
TIGR01297	4949	10250	4715	4320	8137
TIGR01296	5296	8512	5427	2554	12738
TIGR02593	218	0	40	287	39
TIGR02592	450	1188	0	0	124
TIGR02590	1565	116	218	801	2204
TIGR02750	0	0	0	202	0
TIGR02752	2543	6534	3294	2748	5584
TIGR02755	0	0	240	0	0
TIGR02754	0	0	0	0	55
TIGR02757	1113	5362	340	1075	3044
TIGR02759	3192	624	973	3154	1029
TIGR03626	3921	3692	3355	1523	6655
TIGR03627	3753	2858	2761	2152	6079
TIGR03625	6540	7406	4931	3076	8899
TIGR03622	1315	212	183	435	3747
TIGR03623	3219	7770	6566	4078	5762
TIGR00539	8580	8002	6102	5739	11249
TIGR00538	7992	6456	5036	4814	10313
TIGR00537	986	280	170	392	1972
TIGR00536	5760	7128	3956	2921	7343
TIGR00531	2916	4296	2250	4490	6387
TIGR00530	3756	2914	2520	3073	4815
TIGR01129	7594	8292	5560	4060	14001
TIGR01128	4721	7036	3629	3332	7136
TIGR01127	10536	8936	8367	5465	13188
TIGR01126	3521	9496	3446	2399	6154
TIGR01125	19251	26486	17813	11791	32022
TIGR01124	9533	7818	8842	5677	13067
TIGR01123	6311	7186	5727	4274	12087
TIGR01122	7064	8494	5701	4083	12286
TIGR01121	620	1462	234	65	421
TIGR01120	2752	3502	1899	1498	4095
TIGR00458	22733	31730	18758	15280	47430
TIGR00459	21685	27562	16501	11676	40322
TIGR00450	15479	23512	11259	8992	25063
TIGR00452	0	0	58	0	0
TIGR00453	4704	8438	6285	2786	6904
TIGR00455	1003	2764	643	722	2001
TIGR00456	10490	17924	11088	9376	21261
TIGR00457	21255	32068	18757	15665	46449
TIGR03754	0	0	104	66	311
TIGR01642	645	3316	461	1587	2657
TIGR03117	230	0	0	71	217
TIGR01643	510	0	418	415	1281
TIGR03110	250	0	72	0	300
TIGR00648	866	196	411	155	636
TIGR01879	535	594	286	507	710
TIGR01875	48	0	203	288	231
TIGR00374	2790	2586	3382	1348	1752
TIGR01876	1392	192	147	1161	2578
TIGR00142	0	0	67	0	0
TIGR01870	0	0	0	0	65
TIGR01873	0	0	33	0	84
TIGR02379	9806	15712	5621	8318	12698
TIGR02378	0	0	70	0	0
TIGR00988	3537	6250	2229	2891	4350
TIGR02372	1107	412	547	0	639
TIGR02371	464	1290	0	395	943
TIGR02370	3109	5032	2694	3895	7418
TIGR00982	331	2338	0	0	1172
TIGR02427	2099	2876	2937	965	2666
TIGR02374	5242	15916	4698	7198	15397
TIGR02578	165	0	0	31	610
TIGR00646	46	0	0	74	89
TIGR02571	2977	4306	2417	1373	5399
TIGR00143	1486	2710	46	135	1719
TIGR02577	0	202	0	0	0
TIGR02169	8944	302	3255	1325	10466
TIGR02214	19394	18440	13749	12418	28129
TIGR01900	2753	5674	4341	2999	6736
TIGR01903	22	0	0	42	246
TIGR02415	25648	39710	14687	21799	44034
TIGR02210	15434	20532	13500	9261	24012
TIGR02211	127502	136500	92435	89453	223301
TIGR02212	9050	15936	10242	8760	13095
TIGR02213	6324	14892	7277	6281	9457
TIGR01909	925	1924	1557	905	1869
TIGR03344	0	0	126	0	0
TIGR03347	258	0	0	0	0
TIGR03346	25068	29222	16941	16742	55553
TIGR03341	0	0	100	0	0
TIGR03340	884	2392	866	1294	3313
TIGR03343	46	76	36	47	125
TIGR03342	0	0	41	0	0
TIGR03189	1742	2462	973	837	4986
TIGR03188	1379	2192	1081	1934	2705
TIGR03183	300	192	53	0	4105
TIGR03182	1171	3008	229	721	2253
TIGR03181	1055	3218	357	814	2451
TIGR03187	0	0	295	208	1328
TIGR03530	1181	2422	2441	39	104
TIGR03185	1223	3014	5680	1004	4873
TIGR03184	31	58	29	0	0
TIGR04211	101	0	496	32	306
TIGR04217	2192	4638	2635	842	4569
TIGR02109	3340	4606	3558	214	7250
TIGR02418	12949	14608	7215	7604	19443
TIGR02100	8171	9960	5479	5317	12590
TIGR02102	4024	4270	1608	6841	9287
TIGR02103	1870	2178	1261	3027	3567
TIGR02104	11168	12920	8121	12509	20014
TIGR00221	4794	9036	3235	4910	10029
TIGR02106	0	0	19	0	0
TIGR03983	2770	1828	3330	1428	3969
TIGR01617	1229	886	679	184	791
TIGR03980	783	0	311	346	895
TIGR01611	26	0	0	81	98
TIGR03986	0	0	0	0	198
TIGR01613	2549	3306	927	1396	4574
TIGR03989	4768	6176	7038	4517	6423
TIGR01618	140	378	70	329	0
TIGR03299	0	0	249	539	99
TIGR03298	2765	1318	1081	545	4791
TIGR03297	462	3448	270	82	1229
TIGR03296	1863	434	3300	355	439
TIGR03295	322	608	86	39	191
TIGR03294	203	36	43	131	224
TIGR03293	47	0	0	0	0
TIGR03292	78	0	0	81	0
TIGR03290	70	812	0	0	411
TIGR03968	881	1160	1215	764	1038
TIGR00341	951	5194	794	3046	4875
TIGR03961	501	2536	549	574	1337
TIGR03960	4370	844	1545	205	4524
TIGR03963	1553	69044	1592	1003	1806
TIGR03962	8552	4270	7219	3207	10279
TIGR03965	11881	21290	10047	10562	19340
TIGR03964	791	294	2133	534	914
TIGR03966	214	76	63	167	286
TIGR01191	0	0	63	106	121
TIGR01196	8594	11958	7840	6768	19005
TIGR02962	41	0	142	0	95
TIGR00345	330	190	211	791	317
TIGR01729	529	522	55	231	392
TIGR01728	3200	1042	1021	1735	2556
TIGR00346	1065	196	1340	124	1288
TIGR01721	1369	6038	1237	2921	4503
TIGR01722	2681	4728	1762	4247	6673
TIGR01725	0	0	0	0	40
TIGR01727	1241	390	508	133	1354
TIGR01726	3005	570	2175	873	3632
TIGR03473	231	210	116	155	926
TIGR02963	1117	590	293	252	1097
TIGR02966	111548	211582	80298	133538	199991
TIGR00055	4078	5578	3776	2133	5487
TIGR00056	2592	7334	3777	2202	3840
TIGR00057	4552	9868	3749	4794	6878
TIGR00050	93	160	35	34	142
TIGR00051	2469	4276	2535	2830	4107
TIGR02960	3026	8252	5420	3780	7021
TIGR00053	996	1128	1066	444	1156
TIGR00058	322	0	0	232	267
TIGR00059	3711	5396	2921	2422	4621
TIGR02969	4103	990	1114	698	2444
TIGR01264	30155	38606	27885	24611	43491
TIGR01265	34776	43886	29327	27701	48952
TIGR01260	1501	1710	953	762	2826
TIGR01261	1414	3882	1512	2551	3244
TIGR01262	0	0	220	71	181
TIGR01263	144	0	0	92	0
TIGR01462	4819	6264	4386	2197	7297
TIGR01463	402	1660	280	2051	2010
TIGR01460	719	408	372	212	1386
TIGR01461	5312	6050	4307	1892	7232
TIGR01466	1717	1428	651	1428	2748
TIGR01467	2562	1940	710	1696	2118
TIGR01464	243	1392	252	1311	1628
TIGR01465	3126	3010	1584	3194	4205
TIGR01469	2851	2470	962	2134	3925
TIGR03433	2212	2112	1391	998	2455
TIGR03432	7443	8810	7169	6517	17114
TIGR02818	4627	5256	6670	4893	6552
TIGR04350	31705	40638	26012	23579	44968
TIGR04357	494	0	153	0	103
TIGR03436	0	864	0	0	0
TIGR03434	22919	82924	30637	31128	43664
TIGR02812	0	0	46	0	0
TIGR02813	9196	16222	10749	6963	22755
TIGR02810	285	0	99	348	0
TIGR01357	4681	6890	4126	3244	7955
TIGR02817	0	1038	0	0	0
TIGR02814	0	0	75	0	0
TIGR02815	392	326	67	396	27
TIGR00186	10117	16144	8193	6960	17065
TIGR00187	3519	5256	2981	2722	6099
TIGR00184	10356	12942	6914	5325	19552
TIGR00185	1941	434	519	447	2341
TIGR00182	3860	1136	1297	1003	4088
TIGR00183	4520	8314	3949	5283	10257
TIGR00180	8591	7368	5311	6748	19444
TIGR00181	2874	1150	1921	1089	5083
TIGR03361	1088	368	901	1765	4778
TIGR00188	1532	344	700	140	1289
TIGR00189	0	0	74	0	0
TIGR01596	871	670	268	266	1778
TIGR01595	1838	254	216	954	2717
TIGR01592	180	0	99	170	206
TIGR01593	108	656	148	89	689
TIGR04330	6559	164	10790	0	770
TIGR01591	344	0	1325	813	2041
TIGR03367	1091	3272	1526	1594	1480
TIGR01922	0	0	205	56	73
TIGR03365	1633	28882	2302	1227	2394
TIGR03506	2252	88	1443	1025	2271
TIGR04225	0	310	0	0	0
TIGR00238	707	4850	421	1304	3607
TIGR00239	0	0	223	126	626
TIGR04221	6452	8402	10396	3418	16180
TIGR03500	27	0	0	0	63
TIGR00234	9818	12766	8494	6529	23597
TIGR00235	5810	9838	5903	4811	9740
TIGR00236	6672	11154	4832	5997	9410
TIGR00237	4102	4728	4812	1948	3890
TIGR00230	917	298	653	273	1454
TIGR00231	44288	60966	38902	22457	85377
TIGR00232	13838	19414	10430	11485	25286
TIGR00233	5817	8286	5315	4714	11613
TIGR03368	0	0	104	136	274
TIGR01048	12700	19838	12823	7981	19158
TIGR01049	3406	5124	2921	1595	6552
TIGR01044	4028	1848	3127	1331	3978
TIGR01046	3406	3006	2921	659	4399
TIGR01047	4747	9386	3958	3023	8092
TIGR01040	18549	22562	14077	14838	48066
TIGR01041	18430	21356	12196	13966	48785
TIGR01042	16643	17292	11963	12606	38083
TIGR01043	14930	15556	10241	10336	40181
TIGR01288	125240	133766	87876	87369	218985
TIGR01289	302	1580	341	725	1376
TIGR00896	0	230	394	0	0
TIGR02844	614	58	259	164	839
TIGR01283	438	0	296	477	449
TIGR01280	231	0	118	145	316
TIGR01281	372	0	89	269	495
TIGR01287	1396	0	604	1733	933
TIGR01284	386	0	55	0	0
TIGR02585	69	0	250	363	331
TIGR02580	0	116	0	0	0
TIGR02581	0	0	0	0	139
TIGR02582	0	0	0	74	130
TIGR02589	1966	260	218	1023	2804
TIGR02743	0	0	0	41	0
TIGR03619	0	0	0	0	47
TIGR02746	26766	40202	17049	33775	79547
TIGR02747	0	0	0	78	0
TIGR03613	130	0	0	46	181
TIGR02748	7748	12328	9862	6138	13125
TIGR03610	2415	3358	3261	1316	3358
TIGR03616	12062	4778	7064	4266	10878
TIGR03614	0	0	0	0	415
TIGR00520	5371	14882	3731	8910	10668
TIGR00521	4911	6942	4705	3100	8292
TIGR00524	488	1786	467	84	613
TIGR00525	1539	2946	1744	381	1581
TIGR00526	1589	2962	1921	327	1522
TIGR00527	1021	3404	656	1925	2690
TIGR00528	2511	8186	1581	2826	5452
TIGR00529	0	0	0	77	255
TIGR01130	3339	7518	3259	1791	5321
TIGR01131	4096	4616	4036	3858	6873
TIGR01132	6773	12056	4270	2770	12531
TIGR01133	6232	7578	5440	4752	9241
TIGR01134	13268	18684	12185	10470	23881
TIGR01135	12959	16226	9098	7920	18574
TIGR01136	11334	10800	8065	6232	15677
TIGR01137	9160	8776	7095	4426	13210
TIGR01138	8749	8610	6615	4287	11930
TIGR01139	11423	10780	8058	6266	15478
TIGR00384	3760	6442	5557	2489	5667
TIGR00385	1038	3484	574	2268	3368
TIGR02855	186	0	61	0	71
TIGR00425	3567	5702	3505	2142	7130
TIGR02852	620	0	286	142	1246
TIGR00427	1970	9920	1266	2327	4890
TIGR00426	1227	1014	1207	1092	1062
TIGR00421	454	390	121	260	307
TIGR00420	7146	15530	6178	8945	17835
TIGR00423	690	1546	131	944	1584
TIGR00422	40549	41522	24497	20047	81681
TIGR00382	10434	10506	7334	6715	14411
TIGR03766	309	0	1575	0	1153
TIGR02918	2722	3714	577	2154	4244
TIGR02840	341	0	277	282	247
TIGR00065	7676	8990	6744	4381	14731
TIGR02916	53746	118958	39878	71537	109527
TIGR00067	3876	5228	3685	3066	4982
TIGR00066	0	0	106	102	683
TIGR01868	0	0	0	0	207
TIGR01869	0	0	0	135	641
TIGR01866	327	0	0	0	326
TIGR00061	3202	4616	2378	1973	4371
TIGR01865	2229	2616	938	293	2924
TIGR01862	384	0	234	291	0
TIGR01863	3614	428	316	693	4150
TIGR01860	243	0	0	0	0
TIGR02912	1489	286	337	286	1629
TIGR00063	3045	64016	3119	2917	3939
TIGR02364	242	0	0	0	0
TIGR02365	1147	638	28	0	59
TIGR02366	2516	222	771	561	2630
TIGR02910	127	436	0	0	0
TIGR02361	1488	856	180	125	110
TIGR02362	1123	1144	112	46	41
TIGR02363	1140	1152	229	118	41
TIGR00731	2322	5970	2855	1236	5021
TIGR00730	3208	4054	3216	3609	5953
TIGR00733	4355	9966	6370	4260	10410
TIGR00732	3384	4652	3902	2760	5212
TIGR00735	4145	4376	3214	3349	6375
TIGR00734	1460	2414	242	2057	1917
TIGR00737	6383	11000	6435	6848	15033
TIGR00736	216	0	89	0	70
TIGR00739	1771	3278	1291	511	3174
TIGR00738	2781	732	763	1238	4063
TIGR03621	0	0	0	0	34
TIGR02566	0	0	0	0	127
TIGR00140	308	390	0	0	85
TIGR02564	0	0	0	0	80
TIGR02565	0	0	0	0	125
TIGR00790	1041	326	1137	383	890
TIGR01391	12355	12824	12678	5310	22595
TIGR00145	0	0	92	0	0
TIGR01912	1980	6180	899	4094	4081
TIGR01913	0	0	0	0	42
TIGR01910	4346	10820	5068	5964	11815
TIGR03628	3074	2382	3093	2503	4074
TIGR01915	0	0	0	0	173
TIGR03356	3980	2076	2754	3385	4984
TIGR03354	50	0	0	0	158
TIGR01919	3490	4304	2522	2840	5599
TIGR03350	1841	5264	3789	1658	2807
TIGR03351	5341	6684	1287	4097	8640
TIGR00887	2077	8834	4091	1410	4446
TIGR00886	1201	520	181	960	1095
TIGR00885	9999	17028	17300	11298	15954
TIGR00884	5665	7264	3982	5676	11734
TIGR00883	1532	3750	1245	787	1714
TIGR03199	520	298	97	0	35
TIGR00881	5630	15306	8244	9815	15118
TIGR00880	7326	14058	5084	7023	9691
TIGR03194	4881	456	1255	212	5731
TIGR03195	41	0	69	0	105
TIGR03196	4936	476	1280	250	5698
TIGR03197	176	0	137	1061	3481
TIGR04060	799	278	1173	397	849
TIGR03191	50	0	0	0	181
TIGR00889	3665	4932	4727	4227	6583
TIGR00888	9232	10748	7082	5128	13109
TIGR02975	0	0	41	0	0
TIGR02179	287	516	269	651	1532
TIGR02178	4254	6918	3373	2772	7108
TIGR02175	7375	9710	7557	8457	20311
TIGR02177	3398	8882	3480	4457	8393
TIGR02176	30130	31002	18913	18143	83214
TIGR02171	302	380	0	1289	0
TIGR02170	2260	2048	1618	159	2737
TIGR02173	276	0	41	0	231
TIGR02172	0	0	0	0	263
TIGR03994	8440	5930	5160	4132	10417
TIGR03996	1901	1904	392	1782	9077
TIGR03997	5644	4854	3466	3456	17301
TIGR03990	14387	17276	10670	7125	23896
TIGR03991	1067	320	847	265	761
TIGR03992	17773	21978	12812	13472	22523
TIGR03993	0	0	70	0	98
TIGR03999	21690	40370	18096	19905	30517
TIGR01608	233	0	134	0	0
TIGR00716	154	400	39	56	0
TIGR00959	11197	19304	10444	8750	24892
TIGR00958	129908	141452	103725	90878	233873
TIGR00155	0	0	102	0	0
TIGR03283	1155	2910	961	1892	2009
TIGR03284	2000	4656	1559	2376	5576
TIGR03286	3850	344	969	1394	4748
TIGR01282	387	0	249	154	0
TIGR03288	454	684	0	38	776
TIGR00950	11489	27936	13409	9055	19066
TIGR00952	3095	3896	2100	771	4243
TIGR00955	104656	113330	78289	72631	190693
TIGR00954	23296	34328	23145	22339	49259
TIGR00957	58368	48564	46180	34727	103854
TIGR00956	31004	33476	26090	28012	60267
TIGR03978	6498	10660	3692	4894	10700
TIGR03979	36	0	0	61	115
TIGR03973	485	66	208	100	691
TIGR03971	21848	35536	14388	20102	41206
TIGR03976	0	262	0	108	0
TIGR03977	342	1960	0	457	262
TIGR03974	11106	17026	7034	6703	15512
TIGR03975	1764	3826	914	2438	2942
TIGR01632	4964	3660	3627	795	4061
TIGR02000	1023	186	266	235	2415
TIGR01738	298	720	407	147	994
TIGR01739	5112	11500	8206	4747	10411
TIGR02005	3374	1038	2352	2610	6548
TIGR02004	3459	1142	2367	2546	6259
TIGR02007	0	0	19	25	95
TIGR02006	11466	5604	7121	5053	18721
TIGR02009	8044	9960	6328	5823	9017
TIGR01733	19687	36284	19191	18550	45302
TIGR01730	32218	94986	40174	48983	81808
TIGR01736	11679	14734	11560	8099	21471
TIGR01737	4328	5246	4403	3300	7668
TIGR01734	17263	27998	13399	16765	33307
TIGR01735	15465	25158	19220	8386	29793
TIGR01635	0	0	0	0	83
TIGR02021	323	86	0	547	61
TIGR01457	769	440	416	182	1466
TIGR01455	13641	15294	10974	5185	24124
TIGR01454	6925	8250	3892	4074	7342
TIGR01453	697	3600	0	0	6011
TIGR01452	744	386	419	139	1342
TIGR01451	74	50	0	0	0
TIGR01450	0	0	261	126	535
TIGR01459	617	288	408	0	631
TIGR01458	631	308	128	84	1347
TIGR04344	0	0	0	0	103
TIGR04345	750	0	304	149	309
TIGR03426	1527	2594	771	994	1611
TIGR04347	3127	3316	1830	1058	5643
TIGR03420	4699	7190	3862	3852	7696
TIGR04341	30	0	59	0	34
TIGR02829	886	0	739	341	1555
TIGR04343	7262	7030	6563	4281	11165
TIGR02827	8723	9872	6674	7339	12427
TIGR02826	2839	2824	2448	1534	3003
TIGR02825	0	0	48	0	0
TIGR02824	2265	3508	5196	3352	3866
TIGR03428	1587	980	737	0	4694
TIGR04349	1731	27746	2080	1400	2063
TIGR02821	837	2710	242	1444	2429
TIGR01034	9204	12688	8534	4559	21238
TIGR02506	5607	16102	3758	6915	14928
TIGR03544	38	122	0	22	99
TIGR02959	18618	54228	14377	21495	29862
TIGR03461	817	104	53	0	395
TIGR02952	15271	39594	11668	13948	23670
TIGR02951	417	334	880	837	2161
TIGR02950	23955	117002	21457	24648	42727
TIGR02957	2389	4106	2310	3130	5820
TIGR02956	131967	250976	100812	162131	235549
TIGR02955	112	0	153	0	0
TIGR02954	11920	29158	12213	12115	22212
TIGR03518	782	2520	437	714	908
TIGR04239	1079	352	260	605	412
TIGR03510	0	0	20	0	0
TIGR03511	1250	2686	2032	1522	2014
TIGR03512	0	1180	0	0	45
TIGR03513	1028	3490	2177	59	55
TIGR03514	1685	4044	1056	2100	2964
TIGR03981	70	1894	159	98	928
TIGR03517	1690	5102	2972	34	96
TIGR04306	0	860	0	68	913
TIGR01927	2726	3004	3131	2301	2989
TIGR00941	0	0	0	70	0
TIGR00089	19716	27056	18183	12126	32971
TIGR00088	3485	5348	2733	2109	5209
TIGR00087	2166	3592	2696	2050	2387
TIGR00086	2535	4626	1863	1971	4060
TIGR00084	2809	4486	2694	2377	4363
TIGR00083	4555	6896	4573	2180	8276
TIGR00082	2523	4028	2144	1423	3637
TIGR00081	7253	9148	4508	3726	14097
TIGR01926	0	130	0	0	0
TIGR02777	95	242	0	348	0
TIGR02775	60	0	0	0	0
TIGR02774	4734	616	1826	430	4824
TIGR03608	129294	142030	93607	91611	228360
TIGR03609	1170	830	352	0	658
TIGR03448	57	0	0	0	0
TIGR02770	113990	116318	80170	78033	196562
TIGR03604	0	0	0	29	0
TIGR03605	248	232	0	587	262
TIGR03600	8130	15094	6142	8072	17514
TIGR00555	758	1378	2271	1437	1914
TIGR00554	0	68	269	0	0
TIGR00557	3588	6746	2073	2676	4245
TIGR00556	465	80	35	102	253
TIGR00551	15785	26790	21269	11594	37222
TIGR00550	5696	7404	4809	3462	9941
TIGR00553	7725	11890	8514	5396	11104
TIGR00552	2753	5164	2520	1672	7960
TIGR00559	867	4088	1006	2424	4118
TIGR00558	379	1738	227	905	944
TIGR01145	3414	3102	2915	2092	4802
TIGR01144	3185	3540	2528	1789	5374
TIGR01146	6785	5594	5033	3960	9399
TIGR01141	35115	45862	31598	28537	52885
TIGR01140	30625	41574	29487	26370	50080
TIGR01143	20504	33614	18074	13637	35770
TIGR01142	8131	13280	11242	7465	21714
TIGR02489	1932	104	1124	935	1728
TIGR02488	1957	154	1679	628	2442
TIGR02485	608	0	0	1529	5847
TIGR02487	16958	15520	11916	8462	24680
TIGR02481	953	122	166	492	366
TIGR02480	342	0	182	129	193
TIGR02483	12867	21182	7961	10339	26920
TIGR02482	14910	20608	9401	11660	28300
TIGR00438	0	0	62	0	157
TIGR00439	6305	7270	4826	2236	7214
TIGR00436	10015	14726	5905	5807	18757
TIGR00437	21556	21044	15279	10205	42278
TIGR00434	137	0	132	31	137
TIGR00435	8397	13708	9936	6914	23842
TIGR00432	3971	5616	4604	2992	9265
TIGR00433	3863	7494	1605	4316	9116
TIGR00430	6249	8276	5131	4344	10123
TIGR00431	3180	5246	3325	2086	6390
TIGR03770	3629	5498	3430	2751	5264
TIGR03771	112743	119204	80193	79887	200000
TIGR03772	2205	2978	2117	2030	3242
TIGR03779	9472	24414	7406	25159	32015
TIGR01853	5042	12098	5443	5364	8962
TIGR01852	5283	12888	6407	6084	9947
TIGR01851	3952	6670	4096	3175	8587
TIGR01850	6835	10628	8685	3833	14889
TIGR01857	19428	21608	18263	7824	32491
TIGR01856	3554	6096	1109	3518	5739
TIGR01855	2877	4106	2158	2314	4171
TIGR01854	2192	5324	2775	2671	4033
TIGR01859	11984	16442	8723	7295	18791
TIGR01858	9680	6002	3584	3759	7748
TIGR02391	0	1756	157	0	559
TIGR02390	12748	16764	12406	9987	32711
TIGR02393	13443	8144	9166	5207	17376
TIGR02392	12793	8022	9445	3367	17263
TIGR02395	4620	13066	7310	4112	8671
TIGR02394	15154	11686	10523	5639	19118
TIGR02397	12375	16848	10432	5520	23589
TIGR02398	613	2320	512	2130	2426
TIGR01081	9340	12856	7816	6517	13369
TIGR00722	5886	7794	5033	4895	9927
TIGR00723	3763	6270	3047	2642	7605
TIGR00720	3165	7378	3481	1978	6669
TIGR00726	3498	2894	3462	2132	3891
TIGR00724	0	0	0	0	571
TIGR00725	1045	754	1339	1255	1691
TIGR00728	3785	9474	6446	3988	9912
TIGR00729	2559	3078	2663	472	2818
TIGR02552	2014	4368	1506	1237	2350
TIGR02551	640	0	152	194	374
TIGR02550	6219	100	5475	1088	16477
TIGR01877	139	850	124	471	553
TIGR00018	3520	7316	3573	2034	6252
TIGR00898	3337	14468	4616	4634	7625
TIGR00899	337	0	348	0	0
TIGR01925	993	534	431	300	1244
TIGR01924	857	0	137	257	942
TIGR01923	23359	36148	20528	20455	43852
TIGR03366	4806	4902	6212	5820	7789
TIGR01921	2722	6646	4827	3353	5368
TIGR03364	357	148	114	306	505
TIGR00890	573	0	176	398	1065
TIGR00891	2298	7808	922	1294	722
TIGR03369	0	0	115	0	0
TIGR00893	8324	19730	10680	11795	20247
TIGR00894	936	2938	1371	4364	4435
TIGR00895	10093	22202	9154	10727	19618
TIGR01929	3584	4824	3674	1820	7191
TIGR01928	2419	4682	2741	3589	4421
TIGR03160	1848	4632	1301	2521	5149
TIGR03162	5757	5540	4021	4467	9250
TIGR03169	3859	10822	5039	5330	6221
TIGR03168	8022	7966	4819	4011	12455
TIGR00220	2188	3072	1574	1824	2478
TIGR02168	9241	1530	3424	1599	11900
TIGR00987	2306	5516	1161	1770	4478
TIGR02166	348	0	921	911	4115
TIGR02167	659	58	54	0	32
TIGR02164	157	0	737	496	2695
TIGR01630	177	1004	0	88	1295
TIGR01637	0	124	0	0	0
TIGR02163	2165	3228	1035	1593	3642
TIGR02160	619	1354	397	0	139
TIGR02161	0	0	125	0	166
TIGR00948	502	0	90	87	184
TIGR00949	618	2372	439	1604	1487
TIGR00942	100	0	0	0	0
TIGR00940	5414	10868	6880	7755	13420
TIGR00981	5431	5532	4096	2248	9568
TIGR00946	4385	316	1319	932	3834
TIGR00947	772	226	0	274	145
TIGR00944	6305	10728	6454	5981	14304
TIGR00945	1948	6224	887	4277	4194
TIGR00318	0	0	214	0	0
TIGR03948	3542	8980	1254	2798	14100
TIGR03947	25496	32814	22206	21824	40512
TIGR03945	10822	10010	7758	5963	14142
TIGR03944	797	1290	0	397	808
TIGR03943	1075	122	394	463	1385
TIGR03942	7593	14252	6609	5777	14367
TIGR03736	1151	2550	396	854	4301
TIGR02473	433	0	169	202	288
TIGR00623	0	0	54	0	0
TIGR03791	132	3094	271	164	1475
TIGR02012	5520	93372	6073	3537	13364
TIGR02013	26346	53562	28944	13380	71146
TIGR02010	1942	510	622	892	2961
TIGR02011	0	0	33	114	50
TIGR02016	367	0	89	295	283
TIGR02476	742	2978	819	1521	2004
TIGR01709	0	0	194	0	0
TIGR01708	0	0	37	0	0
TIGR01707	0	0	44	0	0
TIGR01706	56	0	586	282	1691
TIGR02018	3467	4706	1338	1156	2915
TIGR01704	3432	3594	4043	2466	5444
TIGR01703	5945	5878	6067	6636	9143
TIGR01702	0	230	0	1196	0
TIGR01701	208	0	801	217	1259
TIGR01700	3020	5818	3599	2479	7253
TIGR03388	0	34	0	0	0
TIGR03381	5995	11078	9118	7440	9425
TIGR03380	3366	4764	3230	2617	5025
TIGR03385	7455	23906	7529	11428	20930
TIGR03384	0	0	56	33	80
