	NOM026	DOM025	NLM021	NLM031	DLM005	NOM008	NOM017	DOM012	DOM017	DOM005
TIGR01957_clust0.7_1	932	1645	2522	3328	870	3943	3336	601	2289	2064
TIGR02712_clust0.7_1	0	2083	3703	1586	655	6714	0	306	1163	4272
TIGR02712_clust0.7_6	1115	0	1631	1422	176	0	651	112	383	158
TIGR02712_clust0.7_10	528	212	5165	94	1675	6218	112	234	4052	2821
TIGR02712_clust0.7_11	656	1469	3365	3399	808	2725	0	175	1194	2463
TIGR02712_clust0.7_13	1978	3789	4024	4863	716	7927	602	285	2490	892
TIGR02712_clust0.7_14	1978	5872	7727	6449	1371	14641	0	591	3653	5164
TIGR02712_clust0.7_77	916	565	3389	1548	388	1713	0	182	1530	1876
TIGR02712_clust0.7_16	0	265	103	64	398	860	0	193	1685	5054
TIGR00152_clust0.7_2	426	124	428	207	346	954	42	69	0	0
TIGR00152_clust0.7_15	0	161	228	134	214	150	0	77	820	1353
TIGR00741_clust0.7_2	835	1891	2814	2370	990	2702	0	210	1522	1137
TIGR03131_clust0.7_7	791	2871	4357	5242	1151	6423	4808	628	3417	2255
TIGR00090_clust0.7_1	504	583	1687	2148	624	2031	44	196	1059	1659
TIGR00092_clust0.7_0	2906	4243	8147	7193	3797	12451	14299	1635	3210	8227
TIGR00092_clust0.7_1	1832	124	507	441	725	363	737	1747	818	0
TIGR00092_clust0.7_3	439	969	1675	1475	790	2618	3805	336	734	1753
TIGR00092_clust0.7_9	591	279	667	1062	69	0	433	335	326	154
TIGR00092_clust0.7_11	1706	71	1047	895	0	0	981	278	580	468
TIGR00092_clust0.7_14	574	206	422	1039	192	457	823	0	61	0
TIGR00880_clust0.7_33	80	813	654	1207	181	1569	0	71	909	976
TIGR00880_clust0.7_2	751	123	882	359	278	906	30	64	739	0
TIGR00880_clust0.7_7	554	137	1625	775	596	1293	560	193	307	1194
TIGR00880_clust0.7_10	51	669	272	490	36	676	0	0	87	45
TIGR00880_clust0.7_11	525	845	1512	698	432	1250	51	57	394	1321
TIGR00880_clust0.7_174	572	254	1308	598	432	640	51	193	1618	1112
TIGR00880_clust0.7_50	404	137	1461	737	435	1027	31	106	237	1111
TIGR00880_clust0.7_221	659	112	387	190	255	831	62	94	0	0
TIGR01020_clust0.7_1	3407	165	1956	1347	148	0	686	285	533	297
TIGR01020_clust0.7_4	1405	2470	5410	5109	1540	6651	3875	751	4301	3114
TIGR02214_clust0.7_17	2731	4256	7456	7922	1912	10656	269	1295	6411	7721
TIGR02214_clust0.7_26	581	67	729	215	355	704	40	572	620	331
TIGR02214_clust0.7_13	473	958	916	3685	116	1800	85	57	1910	1572
TIGR02214_clust0.7_191	581	67	729	215	187	427	40	286	0	0
TIGR03906_clust0.7_8	578	479	89	438	275	1423	55	106	1114	337
TIGR03906_clust0.7_1	1129	1325	3851	4262	880	5611	93	106	1316	4120
TIGR03906_clust0.7_2	3046	209	1530	2104	198	0	740	262	1140	274
TIGR03906_clust0.7_9	354	111	928	891	208	2496	1358	570	504	0
TIGR01962_clust0.7_2	547	1587	2673	2367	522	2452	119	217	1128	1252
TIGR01962_clust0.7_4	460	541	2098	1275	522	2290	86	136	898	1140
TIGR01800_clust0.7_0	3165	339	2933	2426	303	545	1801	425	1618	572
TIGR01800_clust0.7_6	1108	2716	5475	4558	2598	7909	8551	1045	2930	6115
TIGR01900_clust0.7_0	1801	2426	3956	4289	1153	6532	210	347	2305	4519
TIGR00005_clust0.7_0	1441	983	5876	5744	1037	6915	209	397	5087	5615
TIGR00005_clust0.7_8	626	1780	1509	3226	492	3501	59	299	1708	3303
TIGR00005_clust0.7_69	0	138	64	22	129	192	0	78	477	1585
TIGR00005_clust0.7_81	1275	1707	3136	2334	1317	6964	7540	607	918	4142
TIGR02627_clust0.7_9	1473	0	419	1154	137	0	188	375	865	114
TIGR02627_clust0.7_3	2013	321	3447	904	806	2853	168	40	1454	0
TIGR02627_clust0.7_12	219	2039	2087	4947	699	5466	15	268	2239	5094
TIGR02627_clust0.7_28	0	294	703	122	476	257	0	78	1687	2695
TIGR02252_clust0.7_9	725	113	1178	444	447	943	20	0	1638	0
TIGR02252_clust0.7_2	619	139	1375	502	507	620	81	182	708	0
TIGR02252_clust0.7_5	105	966	301	1171	330	999	0	0	1362	3183
TIGR00342_clust0.7_0	1810	169	1219	1086	65	65	628	299	653	383
TIGR03992_clust0.7_32	0	228	467	998	361	1256	0	51	700	651
TIGR03992_clust0.7_70	4543	0	2465	2213	249	113	852	190	1206	609
TIGR03992_clust0.7_6	533	70	67	666	0	106	53	441	276	0
TIGR03992_clust0.7_7	309	1776	1779	3727	630	3117	0	140	2130	2727
TIGR03992_clust0.7_140	350	94	803	191	269	735	38	109	1250	0
TIGR03992_clust0.7_13	734	505	636	2047	978	2628	1761	52	240	1504
TIGR03992_clust0.7_77	0	96	271	403	350	176	0	88	577	1694
TIGR03992_clust0.7_15	44	210	67	211	391	1326	1420	486	0	343
TIGR03992_clust0.7_80	427	36	181	86	0	228	68	0	145	92
TIGR03992_clust0.7_17	2097	675	2292	778	520	3674	6454	1174	4443	7759
TIGR03992_clust0.7_20	1138	0	1119	936	211	0	397	163	522	330
TIGR03992_clust0.7_54	291	340	112	171	0	228	97	192	73	97
TIGR03992_clust0.7_125	0	361	57	150	1694	440	6390	206	31	2566
TIGR03992_clust0.7_30	1691	0	2231	835	343	1533	1973	34	105	167
TIGR00087_clust0.7_4	0	1601	747	2985	109	2853	44	0	1424	810
TIGR01316_clust0.7_6	1531	223	2231	921	624	1707	97	226	1816	0
TIGR01316_clust0.7_13	1418	3371	4039	6781	2054	10300	10825	418	4946	7268
TIGR01316_clust0.7_14	2010	286	661	1176	0	0	425	97	1018	372
TIGR01316_clust0.7_15	152	694	3485	991	495	5766	366	401	753	2145
TIGR01316_clust0.7_114	34	276	429	2217	194	0	994	599	521	0
TIGR01316_clust0.7_19	152	260	44	458	236	0	1173	0	224	381
TIGR01316_clust0.7_20	0	2053	749	2099	520	2033	0	126	1800	3742
TIGR01316_clust0.7_86	522	63	1428	785	281	0	414	189	375	0
TIGR01316_clust0.7_25	2282	950	1637	1452	0	0	1450	226	649	549
TIGR00914_clust0.7_1	1671	1288	6635	774	714	5620	360	715	3722	0
TIGR00914_clust0.7_4	3837	7112	16430	12782	3534	25226	480	665	8959	13777
TIGR00914_clust0.7_5	2234	9018	22728	15349	3847	31111	325	801	13442	23051
TIGR00914_clust0.7_7	297	4631	3422	3022	2337	10783	0	217	5901	11113
TIGR00914_clust0.7_11	115	1234	1216	3436	423	1565	203	405	2174	1461
TIGR00914_clust0.7_13	1622	2247	2513	1955	1677	187	0	1506	0	1012
TIGR00914_clust0.7_15	804	243	6051	3620	2691	1730	0	404	2410	10793
TIGR00914_clust0.7_146	1069	267	1781	774	651	1665	97	0	956	0
TIGR00914_clust0.7_19	4549	6757	15404	13257	3520	24972	359	284	10922	14957
TIGR00914_clust0.7_21	4886	6557	11036	7755	1944	19466	437	486	8422	18907
TIGR00914_clust0.7_24	2606	1196	1964	1240	267	4489	218	272	2815	0
TIGR00914_clust0.7_25	929	3795	4618	5832	1264	18245	1567	4032	8938	3509
TIGR00914_clust0.7_29	331	3508	8977	7199	426	13928	176	0	6293	10847
TIGR00914_clust0.7_133	3629	270	2260	1008	1949	5513	77	889	894	1194
TIGR00914_clust0.7_33	304	6012	6284	6039	1269	15939	0	1354	4440	11473
TIGR00914_clust0.7_40	0	6816	5722	9829	1029	11378	0	387	5960	12664
TIGR00914_clust0.7_45	3202	388	4813	2276	2168	4856	92	639	99	1264
TIGR00914_clust0.7_52	614	4113	14283	10416	1721	21564	567	254	7243	11598
TIGR00914_clust0.7_53	0	421	1919	2403	142	160	426	328	570	468
TIGR00914_clust0.7_55	1286	5912	8621	5707	1252	10364	207	522	8557	10107
TIGR00914_clust0.7_159	0	571	239	1211	1115	595	0	171	1334	4720
TIGR00914_clust0.7_61	0	573	8417	0	45	773	91	611	4469	1076
TIGR00914_clust0.7_84	2036	317	10509	3170	0	2558	131	546	2088	0
TIGR00914_clust0.7_87	3091	3549	3782	5399	2786	10747	142	488	1502	5317
TIGR00914_clust0.7_92	376	337	642	40	0	1260	171	0	745	68
TIGR00914_clust0.7_93	2395	1710	6075	4702	2057	4068	102	481	1406	2493
TIGR00914_clust0.7_98	0	306	21	137	1224	727	0	229	1518	5061
TIGR00698_clust0.7_5	0	247	87	66	369	339	0	190	443	1652
TIGR00698_clust0.7_6	1070	2036	4284	3975	1130	4676	70	205	3423	4811
TIGR02195_clust0.7_0	1514	184	1473	262	720	1902	129	271	1809	0
TIGR01981_clust0.7_32	1374	730	3239	2169	1029	3042	206	163	3070	2168
TIGR01981_clust0.7_1	692	762	3097	2942	488	5448	13421	484	1282	2691
TIGR01981_clust0.7_2	2347	1726	7636	5022	2019	8684	9007	960	3551	5113
TIGR01981_clust0.7_3	826	148	1260	1578	647	141	899	531	684	162
