scaffold5910_5_TIGR00880:26295:26712:+	196	24.0	25.3860911271	4.76368137686
scaffold5910_2_TIGR03992:2636:3452:+	442	44.0	46.0294117647	11.8111827058
scaffold8299_3_TIGR02214:328:526:+	49	13.0	13.3434343434	2.15397971423
scaffold3150_1_TIGR00914:3:528:+	404	47.0	49.1238095238	10.4410319122
scaffold4631_8_TIGR01316:5:1031:+	530	50.0	51.1754385965	10.2275485608
scaffold4631_8_TIGR02195:1827:2814:-	756	62.0	66.8774062817	15.7627472469
scaffold4631_7_TIGR01316:2387:2669:+	168	56.0	58.7021276596	12.6315740167
scaffold43912_2_TIGR02712:3405:4758:-	431	39.0	38.6755358463	4.94616698083
scaffold43912_2_TIGR00698:48:1059:+	369	41.0	40.5509396637	6.46516394335
scaffold26498_9_TIGR01800:1873:2335:+	117	15.0	16.4805194805	4.30174752453
scaffold31148_18_TIGR01957:158:590:+	56	8.0	7.90046296296	2.23850970773
scaffold14691_3_TIGR01316:3:333:-	60	14.0	13.7121212121	2.70333773221
scaffold14691_2_TIGR01316:236:1094:-	161	24.0	24.5582750583	3.20830548175
scaffold11353_14_TIGR00880:15299:15665:+	121	21.0	20.4617486339	4.08414382975
scaffold3739_2_TIGR01981:2:698:-	89	8.0	8.98275862069	3.21852421727
scaffold5576_10_TIGR00880:1114:1438:-	52	10.0	9.51851851852	2.25728511199
scaffold30676_2_TIGR00005:1801:2650:+	264	20.0	20.5524146054	3.51807005364
scaffold18931_11_TIGR03992:522:900:+	77	12.0	12.2804232804	3.16155608172
scaffold51236_2_TIGR00092:122:518:-	309	48.5	49.4444444444	8.88077280992
scaffold24_33_TIGR02214:1191:1416:+	46	12.0	11.5911111111	2.10858796589
scaffold14499_22_TIGR03992:1232:1865:-	144	13.0	14.3807266983	3.18796236698
scaffold18723_3_TIGR01981:28:856:-	122	7.0	8.55797101449	6.25468108673
scaffold6842_4_TIGR02627:411:1104:+	107	9.0	9.73015873016	3.28416984148
scaffold6842_7_TIGR03906:9:1032:+	348	22.0	23.0869990225	4.50385488054
scaffold4961_56_TIGR00914:1689:2481:+	114	9.0	9.53914141414	3.21195419766
scaffold13655_2_TIGR02712:11221:11536:+	288	80.0	83.1682539683	10.0963741
scaffold21393_7_TIGR01020:3715:4219:-	148	28.0	28.3313492063	5.01736363663
scaffold9987_1_TIGR01900:1:703:-	114	10.0	10.349002849	4.00026607057
scaffold12630_10_TIGR01316:3:705:+	107	13.0	14.1566951567	4.80810740004
scaffold33452_12_TIGR00880:5:389:-	110	18.0	17.984375	4.23646934676
scaffold587_10_TIGR03906:1:496:-	112	12.0	13.7535353535	8.40705948102
scaffold21143_2_TIGR00880:15797:16232:+	120	17.0	17.1057471264	4.57156016835
scaffold14627_5_TIGR02214:1246:1522:+	63	13.0	12.7246376812	2.56443941367
scaffold2701_5_TIGR00914:4132:7222:+	1958	43.0	43.8055016181	8.95765129137
scaffold4048_1_TIGR01981:2236:3088:+	449	53.0	58.1115023474	14.3373346013
scaffold22139_15_TIGR01020:3:300:-	76	15.0	15.7205387205	4.45999981648
scaffold22139_18_TIGR02252:16:391:-	80	18.0	17.9386666667	4.16576182175
scaffold51029_4_TIGR00914:1:763:-	118	8.0	10.7729658793	7.85212102488
scaffold34365_3_TIGR00087:3:471:+	59	8.0	8.50854700855	1.84377319598
scaffold11397_17_TIGR00914:2520:2895:+	79	15.0	14.1306666667	3.68875673123
scaffold10174_11_TIGR01316:367:721:+	59	10.0	10.5141242938	3.90509929507
scaffold5466_12_TIGR00880:3301:3718:+	88	13.0	12.7889688249	3.7002265977
scaffold10817_4_TIGR00880:6277:6697:+	81	12.0	12.2952380952	2.57986271146
scaffold4283_23_TIGR00152:1674:1752:-	65	31.0	36.0641025641	8.01495356224
scaffold22838_3_TIGR00005:1572:1971:+	49	8.0	7.66666666667	1.44807076451
scaffold36453_8_TIGR01800:2:770:-	140	9.0	12.3046875	7.88777924138
scaffold37758_4_TIGR00741:463:757:+	175	25.0	27.5714285714	17.680266874
scaffold10160_8_TIGR00914:5:788:+	142	8.0	11.9181585678	13.0448156378
scaffold13820_9_TIGR03906:7:229:-	24	6.0	6.41891891892	2.1519324445
scaffold39620_3_TIGR00914:5:1196:+	169	10.0	10.1368597817	4.01097276002
scaffold5760_16_TIGR00880:786:1224:-	78	11.0	10.7397260274	2.26262503987
scaffold42452_17_TIGR03992:3208:3940:-	142	12.0	12.806010929	3.90082896331
scaffold24616_8_TIGR03992:167:611:+	67	10.0	10.0382882883	2.23120230744
scaffold42802_4_TIGR02712:3:333:-	70	12.0	12.903030303	3.90760601349
scaffold41276_1_TIGR03906:1:514:-	46	6.0	6.01169590643	2.34289179396
scaffold20291_9_TIGR00152:151:658:+	61	7.0	7.35305719921	2.81157187582
scaffold21973_3_TIGR00092:901:1114:-	58	16.0	16.2159624413	5.31896497384
scaffold13465_34_TIGR01316:48:555:+	110	15.0	14.0039447732	3.40610662605
scaffold12871_6_TIGR00914:4:988:+	152	11.0	10.9156504065	3.25289098806
scaffold12871_5_TIGR00914:649:2788:+	348	11.0	11.2586529467	3.21958785982
scaffold1505_4_TIGR00087:494:1199:+	109	9.0	9.36028368794	3.57145657221
scaffold22139_5_TIGR03992:1046:2135:+	258	15.0	15.5307621671	4.16523054781
scaffold4305_7_TIGR00090:1264:1564:-	69	14.0	14.0333333333	2.18148776959
scaffold53515_1_TIGR00880:1767:2223:+	149	25.0	25.3837719298	2.92442823632
scaffold4071_25_TIGR02712:1:274:-	46	10.0	10.2124542125	2.09628806398
scaffold29534_2_TIGR03992:3:684:+	80	7.0	7.56093979442	2.24678625062
scaffold3600_54_TIGR00005:222:912:-	159	13.0	13.7246376812	3.47280973815
scaffold8365_24_TIGR00342:1361:1694:-	65	13.0	12.1261261261	3.94964654316
scaffold3074_27_TIGR01900:4:658:+	82	8.0	8.59633027523	2.50303521946
scaffold34033_4_TIGR02627:622:928:+	49	9.0	9.57516339869	1.64174628236
scaffold18751_1_TIGR02195:6991:7429:-	219	117.0	116.557077626	12.5714463246
scaffold18751_2_TIGR02195:547:1546:-	354	37.0	37.1621621622	3.87617781896
scaffold24100_4_TIGR00914:3:2637:+	691	18.0	17.9377372817	5.225724471
scaffold27564_6_TIGR01020:8413:8890:+	323	42.0	41.8553459119	8.77066518899
scaffold58102_1_TIGR02214:2909:3920:+	717	83.0	83.1404549951	8.81068361633
scaffold19496_2_TIGR00092:2:233:-	34	9.0	8.80952380952	0.983894214431
scaffold6719_9_TIGR02214:15:867:-	190	16.0	15.2136150235	3.23223241247
scaffold6719_4_TIGR01800:2:1052:-	184	12.0	12.0104761905	3.40879601171
scaffold56545_2_TIGR00914:11925:14850:+	1088	26.0	26.2300854701	5.9152461994
scaffold35801_2_TIGR00005:17850:18786:-	386	26.0	26.8514957265	8.35972474205
scaffold5341_6_TIGR02627:22:322:-	48	9.0	9.39333333333	4.02309444195
C699935_1_TIGR00880:60:477:-	143	20.0	19.6858513189	4.29986518186
scaffold27140_4_TIGR01981:4:304:+	50	10.0	10.48	3.2643937671
scaffold38685_14_TIGR03992:2297:2984:+	182	17.0	16.807860262	4.93754848956
scaffold38685_14_TIGR02252:4840:5443:+	143	15.0	15.0613598673	3.06446213345
scaffold9015_17_TIGR00092:323:1421:-	217	13.0	12.8479052823	4.48125016935
scaffold35648_2_TIGR00741:299:593:+	43	10.0	9.05119453925	2.67476647694
scaffold651_1_TIGR00090:5936:6236:-	269	75.0	74.8733333333	4.9116143533
scaffold651_1_TIGR00087:200:905:+	409	59.0	59.8326241135	6.30706568153
scaffold55834_17_TIGR00914:6040:9133:+	888	20.0	20.3808600065	4.79779784705
scaffold55834_14_TIGR02252:6518:7109:+	157	18.0	17.3434856176	4.63731507075
scaffold18333_4_TIGR00914:5:1256:-	199	11.0	11.3709032774	3.38920806655
scaffold25382_3_TIGR01981:2:734:-	150	14.0	14.0150273224	3.64302513072
scaffold25382_8_TIGR00005:4:619:+	107	10.0	11.8341463415	5.01365337915
scaffold25382_9_TIGR00005:3:189:+	61	20.5	20.1774193548	7.37809354156
scaffold43364_2_TIGR00880:11055:11484:+	253	36.0	36.2167832168	3.91841006505
scaffold20833_6_TIGR03992:716:1484:-	167	13.0	14.2421875	4.76818792081
scaffold18585_1_TIGR02214:22144:23908:+	607	23.0	23.5317460317	5.6126488093
scaffold3459_6_TIGR00005:6:525:-	137	15.0	15.5240847784	7.38814455997
scaffold46454_2_TIGR00914:3806:6836:+	1146	26.0	26.201320132	6.39056634354
scaffold8276_5_TIGR00880:385:787:+	88	14.0	13.5721393035	2.08787542291
scaffold8679_47_TIGR00342:1:793:-	118	10.0	10.2537878788	2.79880670739
scaffold1964_6_TIGR00005:1:670:-	129	13.0	12.9043348281	4.29131243039
scaffold39804_1_TIGR00914:15771:18897:+	975	21.0	22.0799744082	5.20212093164
scaffold8797_1_TIGR00880:5:272:-	57	13.0	13.2958801498	2.911700192
scaffold21819_25_TIGR03992:8798:9362:+	115	14.0	14.0496453901	4.69506492245
C753214_1_TIGR00087:943:1654:+	556	44.0	49.0070323488	17.7859979393
scaffold26505_2_TIGR01316:5:311:+	38	11.0	10.9346405229	1.83350517061
scaffold6169_19_TIGR02897:2497:3061:+	137	14.0	14.8492907801	5.43011528232
scaffold1505_17_TIGR00090:195:495:-	88	13.0	14.2333333333	5.55147628013
scaffold49793_1_TIGR01800:3:753:+	137	13.0	13.0493991989	3.41307707204
scaffold18329_3_TIGR01316:71:548:-	45	6.0	5.69182389937	1.51698843308
scaffold1930_13_TIGR02214:806:2306:+	343	16.0	15.9086666667	4.51844275043
scaffold4265_5_TIGR00914:4:562:-	68	7.0	7.41756272401	4.07230965027
scaffold10990_64_TIGR02214:3192:4437:+	270	19.0	19.1895582329	3.7107533152
scaffold37695_1_TIGR02712:889:1246:-	257	52.0	57.8347338936	21.5555597214
scaffold25655_9_TIGR01020:5605:6076:+	112	14.0	14.161358811	3.16487380145
scaffold25655_4_TIGR03992:2806:3286:-	102	12.0	13.0333333333	3.9331567757
scaffold2916_10_TIGR02621:2:563:-	69	8.0	8.0944741533	1.98388915198
scaffold7758_26_TIGR00087:3:555:+	117	12.0	13.0706521739	5.75468375169
scaffold18330_7_TIGR00914:2273:2921:+	171	17.0	17.6661514683	5.5224550346
scaffold2742_3_TIGR00914:2:2843:-	502	12.0	12.2847588877	3.67150955625
scaffold18330_8_TIGR00914:9:1737:+	357	13.0	14.0810185185	5.95899653493
C703753_1_TIGR00741:190:484:+	101	19.0	20.6088435374	3.85008923247
scaffold15889_2_TIGR01316:136:727:-	117	24.0	23.5346869712	3.56876819907
scaffold58047_1_TIGR03992:4612:5314:+	629	84.0	83.3418803419	6.07807098442
scaffold315_1_TIGR03992:966:1701:+	430	38.0	37.9414965986	5.4188489821
scaffold1662_20_TIGR02195:747:1746:+	134	9.0	9.01701701702	3.0822412173
scaffold34986_4_TIGR00342:2:743:-	74	7.0	7.03238866397	2.05104320649
scaffold14758_10_TIGR03992:8710:9400:+	234	23.0	23.1202898551	4.95881822382
scaffold11627_4_TIGR03992:283:640:-	33	6.0	6.39215686275	1.5674365227
scaffold58100_1_TIGR00880:5765:6191:-	139	20.0	20.0680751174	5.76923722625
scaffold8299_2_TIGR02214:8:551:+	91	10.0	11.2449355433	3.92996318446
scaffold11758_2_TIGR00880:543:831:+	47	10.0	9.89236111111	1.87977465631
scaffold8723_15_TIGR00880:559:970:-	91	12.0	12.6885644769	3.78951564709
scaffold8723_11_TIGR00880:3:279:+	62	13.0	13.2137681159	1.97299492896
scaffold21453_7_TIGR00005:3:702:-	92	8.0	8.54649499285	3.63247924351
scaffold19920_11_TIGR00741:1675:1969:+	97	19.0	20.2993197279	5.83493462879
scaffold16681_8_TIGR03992:1655:2033:-	224	35.0	35.7142857143	5.75356867797
scaffold16681_9_TIGR00914:1833:4911:+	1635	36.0	36.2371669916	7.26046707158
scaffold36491_14_TIGR03131:11810:12677:-	641	55.0	60.585928489	25.8262392684
scaffold19215_2_TIGR02712:1161:2097:+	563	40.0	39.8450854701	6.58106398676
scaffold3607_4_TIGR00880:4093:4501:+	94	14.0	14.8088235294	2.95517502024
scaffold15068_17_TIGR00880:5416:5833:+	125	19.0	18.5179856115	4.58757447758
scaffold15068_17_TIGR03239:5899:6643:+	180	16.0	15.7459677419	5.53155511773
scaffold43215_3_TIGR00005:50:950:-	210	19.0	20.0722222222	4.22956598188
scaffold51623_1_TIGR01800:26272:27427:+	844	48.0	49.3497835498	9.81211758329
scaffold8494_13_TIGR02214:5:683:-	76	8.0	7.91887905605	2.97445821846
scaffold33566_1_TIGR00880:1090:1507:+	168	23.0	24.0263788969	3.75276391577
scaffold8356_10_TIGR02712:1030:1402:+	44	7.0	7.25268817204	2.24581289724
scaffold24153_5_TIGR01900:3:798:-	147	12.0	12.506918239	4.51534239209
scaffold49811_3_TIGR01900:4964:5810:+	295	22.0	22.3628841608	5.54048014948
scaffold6482_12_TIGR01316:122:1256:-	188	12.0	11.3906525573	3.72014167358
scaffold24103_5_TIGR02252:92:467:-	59	9.0	9.04266666667	1.93997754855
scaffold53682_1_TIGR00092:6729:7008:-	208	40.0	42.1182795699	5.87842686579
scaffold53682_1_TIGR00914:16539:19479:-	1876	45.0	45.4006802721	9.19937883587
scaffold29870_2_TIGR02627:3:660:-	232	22.0	22.8356164384	9.08460542182
scaffold29870_3_TIGR02627:2:581:-	248	23.0	24.1796200345	10.8313591545
scaffold39348_1_TIGR00914:3:513:+	189	24.0	25.2882352941	8.12604495986
scaffold729_38_TIGR00914:2:659:-	75	8.0	8.07762557078	2.58935918093
scaffold729_39_TIGR00914:82:478:-	96	14.0	14.2247474747	3.78693843547
scaffold729_37_TIGR00914:165:1953:-	317	12.0	11.8730425056	3.56767276435
scaffold37170_2_TIGR00880:2630:3038:+	113	25.0	24.637254902	3.98843724786
scaffold53338_1_TIGR00152:333:678:-	42	7.0	7.90144927536	2.50717768189
scaffold13079_6_TIGR03131:251:464:-	20	7.0	6.54929577465	1.53325024428
scaffold1429_7_TIGR03131:4616:5531:-	480	33.0	33.7081967213	6.83362695821
scaffold1429_2_TIGR00092:2010:3105:+	653	38.0	38.8794520548	8.76898267954
scaffold74_26_TIGR01316:7827:7956:-	33	11.0	11.3565891473	1.50347633146
C719462_1_TIGR01962:600:726:+	85	44.0	42.380952381	8.09943868607
C699481_1_TIGR00914:63:534:+	207	27.0	27.9681528662	6.14518648783
scaffold49_9_TIGR00090:2512:2806:+	71	16.0	15.768707483	3.53229613941
scaffold21254_40_TIGR03992:771:1605:-	211	28.0	28.5455635492	3.67908871151
scaffold36491_5_TIGR00880:5732:6140:-	267	36.0	39.3333333333	11.7961304168
scaffold43085_3_TIGR00914:372:3507:-	882	19.0	19.5830940989	4.96739300814
scaffold57748_1_TIGR02712:3:678:+	558	73.0	72.8385185185	13.0140322284
scaffold4622_31_TIGR00005:7:313:+	58	12.0	11.908496732	3.52277274395
scaffold48519_3_TIGR00914:24:1218:-	230	15.0	14.986599665	3.44151733056
scaffold48519_1_TIGR00914:3:756:-	115	11.0	11.0278884462	2.89717872167
scaffold44223_1_TIGR02712:3:255:-	125	28.0	27.9880952381	7.5153188227
scaffold54034_1_TIGR00880:18012:18429:+	222	33.0	32.3741007194	5.06164405092
scaffold54034_1_TIGR01020:2485:2962:+	364	49.0	47.4842767296	8.12985956277
scaffold13306_1_TIGR00090:1233:1527:+	89	18.0	18.0952380952	3.50574520368
scaffold49186_8_TIGR00880:10755:11169:-	230	43.0	41.8043478261	7.8953224356
scaffold3155_3_TIGR00914:3:375:-	63	9.0	10.5430107527	5.03544208157
scaffold4074_7_TIGR00914:5:1094:-	152	10.0	9.85583103765	3.17623832137
scaffold4074_9_TIGR00914:1:1435:-	274	12.0	12.7412831241	3.65043472307
scaffold55896_2_TIGR03906:32791:33844:-	554	36.0	35.9420702754	5.33168299669
scaffold40317_5_TIGR00005:2:482:-	47	7.0	6.775	1.4844331129
scaffold37236_5_TIGR01800:904:1090:-	47	13.0	14.4569892473	3.85639805896
scaffold35764_2_TIGR00005:243:564:-	51	8.0	9.31464174455	4.67218893906
scaffold20777_19_TIGR02214:5:1256:-	153	8.0	8.6826538769	3.05727547412
scaffold45663_4_TIGR02214:299:737:-	50	7.0	7.51369863014	2.54880122607
C719724_1_TIGR01316:501:627:+	105	38.0	39.6349206349	5.45486992935
scaffold41410_1_TIGR00914:3622:6751:+	875	35.0	35.3569830617	5.13494006142
scaffold4443_2_TIGR02214:9:984:+	99	7.0	7.1641025641	2.29061487429
scaffold8844_7_TIGR03992:713:1253:+	98	11.0	11.0444444444	3.06984537351
scaffold6169_45_TIGR00880:1410:1680:+	60	13.0	13.8962962963	5.05565187807
scaffold12000_3_TIGR03992:5:872:+	151	13.0	12.6066897347	4.22478014136
scaffold51764_2_TIGR00092:104:701:+	99	11.0	11.110738255	3.29038952305
scaffold20663_2_TIGR00741:131:437:-	43	11.0	10.7287581699	1.43996065681
scaffold1781_2_TIGR00914:868:1228:+	46	9.0	8.325	2.79830057555
scaffold1781_3_TIGR00914:8:614:+	73	11.0	11.303630363	1.92265115934
scaffold1781_9_TIGR00914:5:425:+	66	10.0	10.1547619048	2.3749388344
scaffold57749_1_TIGR02712:3:654:+	506	71.0	68.935483871	16.282136618
scaffold3742_3_TIGR03992:753:1179:+	320	58.0	57.5187793427	5.57036713864
scaffold20574_9_TIGR02627:2451:3117:+	140	15.0	14.4294294294	4.23222003932
scaffold21254_41_TIGR03992:338:1415:-	249	15.0	15.5431754875	4.84286439061
scaffold9015_9_TIGR00880:2785:2959:-	50	14.0	13.9770114943	2.70366720515
scaffold713_4_TIGR00914:906:1944:-	268	20.0	19.8323699422	3.62086018612
scaffold713_6_TIGR02712:434:1769:-	277	14.0	13.9670411985	2.65698849729
scaffold19215_26_TIGR00880:38:458:-	255	37.0	37.1357142857	5.57572636432
scaffold45632_4_TIGR00880:647:1058:+	117	17.0	17.104622871	3.72160824422
scaffold12942_7_TIGR02627:1611:1911:+	66	18.0	18.59	4.80158654336
scaffold27639_8_TIGR00914:1:631:-	63	7.0	7.20634920635	1.73350484645
scaffold47611_2_TIGR03992:6048:6804:-	581	49.0	49.2023809524	8.29961716736
scaffold8723_28_TIGR00698:1946:2948:-	219	14.0	14.3063872255	3.47688964429
scaffold9071_21_TIGR00698:4:301:+	60	13.0	12.5521885522	4.23527000854
scaffold6308_9_TIGR01800:2959:4186:-	231	13.0	12.7758761206	3.01441334294
scaffold54501_1_TIGR00914:8909:12020:+	1291	35.0	35.9228543877	8.27480219407
scaffold15395_14_TIGR00092:434:608:-	37	12.0	12.4022988506	2.63469237496
scaffold43501_2_TIGR00914:263:704:-	45	7.0	6.75283446712	1.61207107316
scaffold5629_23_TIGR02252:513:849:-	69	10.0	10.1458333333	3.70402538699
scaffold7577_9_TIGR02214:1173:1698:+	167	22.0	20.2361904762	5.32249715488
scaffold21610_2_TIGR02627:502:799:+	71	13.0	14.2794612795	5.28316196829
scaffold21610_3_TIGR02627:4:694:+	193	24.0	26.7347826087	9.37870430912
scaffold21610_4_TIGR02627:5:257:+	98	19.0	18.4880952381	4.32093661112
scaffold4756_1_TIGR00005:1:544:-	57	7.0	7.17863720074	2.25030065171
scaffold10996_2_TIGR00090:1586:1877:+	73	15.0	15.587628866	3.75289829072
scaffold49424_4_TIGR00914:19724:22766:+	1819	58.0	58.9674556213	7.59571356739
scaffold15797_4_TIGR00005:9184:9850:-	427	40.0	41.6846846847	8.08752643022
scaffold2716_4_TIGR00880:8364:8778:+	217	43.0	43.3043478261	6.3019152395
scaffold13436_11_TIGR03992:1090:1393:+	35	7.0	7.42244224422	1.93280468994
scaffold47627_2_TIGR03992:82:826:+	89	8.0	7.70698924731	2.00608069443
scaffold47601_20_TIGR00741:7851:8133:+	95	19.0	18.9716312057	4.66227239273
scaffold12770_18_TIGR02195:10:532:+	104	12.0	12.662835249	3.6829988936
scaffold50015_3_TIGR01981:60:576:+	81	10.0	10.4127906977	1.92448300789
scaffold16892_2_TIGR01316:7246:7606:+	71	12.0	12.6888888889	2.25656791731
scaffold18181_1_TIGR01316:201:1023:+	194	15.0	15.5437956204	5.92408619722
scaffold17911_7_TIGR03992:69:777:-	95	8.0	8.46186440678	2.66807087119
scaffold21701_2_TIGR00914:4:427:+	92	11.0	13.4089834515	6.84862427953
scaffold11510_2_TIGR00698:5:473:+	56	10.0	10.6794871795	2.05580430998
scaffold52715_6_TIGR02627:250:646:-	74	10.0	11.6893939394	4.54405912924
scaffold2716_18_TIGR00914:2687:5822:+	1526	33.0	33.7074960128	7.24303050244
scaffold2716_10_TIGR01981:2994:3810:+	482	38.0	37.2340686275	7.14471325974
scaffold5607_3_TIGR00914:4:1147:+	243	15.0	13.9081364829	3.91593133553
scaffold10054_8_TIGR01957:1470:1902:+	89	12.0	11.1643518519	2.8379582427
scaffold10054_9_TIGR01962:1039:1273:+	59	13.0	12.9316239316	2.26729439169
scaffold27184_2_TIGR02214:334:616:+	35	7.0	6.84042553191	1.54118305499
scaffold38555_1_TIGR00698:95:1076:-	363	22.0	23.5942915392	6.98261479028
scaffold38555_1_TIGR00152:10898:10970:+	57	26.0	26.625	1.73555546664
scaffold24968_1_TIGR02252:16786:17389:+	385	40.0	41.35986733	6.70621463584
scaffold8254_5_TIGR01900:1359:2469:-	273	17.0	16.845045045	3.92650358505
scaffold5339_28_TIGR01316:1:493:-	113	14.0	14.7052845528	3.03042373414
scaffold47615_2_TIGR01316:3870:5043:+	391	23.0	22.4620630861	6.80476500514
scaffold314_16_TIGR03992:73:733:-	173	17.0	17.0212121212	3.720887608
scaffold29838_3_TIGR02627:5594:5897:-	171	36.0	36.3564356436	4.75592559019
scaffold4073_3_TIGR02195:1249:1516:-	38	10.0	9.48689138577	4.85316380836
scaffold4073_1_TIGR03992:4278:5028:-	134	11.0	11.596	3.93456274572
scaffold10176_5_TIGR00005:10607:11282:-	451	57.0	57.4592592593	4.94976686763
scaffold10176_5_TIGR00914:2654:5777:-	1683	51.0	51.7572846622	9.07622436869
scaffold45730_6_TIGR02712:241:544:-	249	67.0	67.4488448845	8.44101199408
scaffold45730_3_TIGR00880:3759:4167:+	204	31.0	29.9387254902	3.60196982371
scaffold175_2_TIGR00005:5961:6900:+	579	41.0	40.9829605964	9.19437060776
scaffold20127_3_TIGR00914:1:787:-	122	9.0	9.67175572519	6.94849398598
scaffold20127_4_TIGR00914:1:685:-	96	10.0	9.66081871345	2.79601584274
scaffold20127_5_TIGR00914:12:480:-	82	10.0	10.6773504274	3.18861486772
scaffold55115_1_TIGR01900:8:644:+	63	6.0	6.7248427673	2.8236555448
scaffold9945_3_TIGR00152:29:590:-	83	9.0	9.86987522282	3.29627372703
scaffold12630_7_TIGR02214:4:1402:+	290	14.0	14.3519313305	3.84563087329
scaffold12630_9_TIGR01316:2811:3381:+	83	10.0	10.1614035088	3.22303955841
scaffold41_2_TIGR03992:63:624:-	91	11.0	10.9964349376	2.7679064947
scaffold33058_6_TIGR03131:4591:5557:+	179	12.0	12.0641821946	2.58279478203
scaffold45688_2_TIGR03906:382:760:-	275	47.0	45.7671957672	6.5859223817
scaffold45688_2_TIGR00005:29695:30631:+	485	34.0	33.0811965812	8.58466065539
scaffold52859_1_TIGR01316:2126:3476:-	253	11.0	12.4192592593	4.33424770347
scaffold25595_1_TIGR00152:478:1039:+	115	13.0	12.7308377897	3.46882127602
scaffold31492_3_TIGR00880:2:335:-	45	7.0	8.24624624625	2.65074515435
scaffold8002_3_TIGR03131:135:996:+	211	14.0	15.3542392567	6.15300055474
scaffold33470_4_TIGR00090:238:517:+	28	6.0	6.04676258993	1.67331154707
scaffold4071_20_TIGR00914:445:1354:-	158	12.0	11.9779977998	3.22216607068
scaffold4071_21_TIGR00914:1:1303:-	251	14.0	13.8947772657	3.18871190755
scaffold4071_23_TIGR02712:2738:3011:-	45	9.0	9.23443223443	2.38047332459
scaffold4071_23_TIGR00914:1:604:-	98	10.0	10.4875621891	3.81075042044
scaffold4071_24_TIGR02712:2:743:-	126	11.0	12.290148448	3.80719860876
scaffold9435_10_TIGR00880:6:150:-	24	9.0	8.70833333333	1.49942118462
scaffold7738_3_TIGR00152:1489:1834:-	50	14.0	14.2811594203	2.6030793004
scaffold46164_1_TIGR03131:5:317:+	66	14.0	13.391025641	3.50013501195
scaffold4048_11_TIGR02214:22126:22330:-	116	34.0	33.0196078431	8.49334271265
scaffold20174_8_TIGR01962:887:1133:+	36	10.0	9.82926829268	2.80158873938
scaffold20174_9_TIGR01962:4:601:+	94	13.0	12.8993288591	2.52901276981
scaffold20174_7_TIGR01957:200:575:+	73	13.0	12.808	3.32833331664
scaffold2689_8_TIGR02195:2787:3810:+	219	17.0	17.4613880743	4.43638920716
scaffold30232_5_TIGR00152:29:437:+	69	12.0	11.4068627451	2.87588894369
scaffold1928_4_TIGR00005:8:944:+	166	11.0	11.9262820513	4.18686303505
C735482_1_TIGR01316:3:507:-	282	35.0	36.5595238095	7.78024236138
scaffold174_5_TIGR00092:7853:8951:+	816	65.0	65.6338797814	11.1868881287
scaffold4973_6_TIGR00698:88:589:+	70	14.0	14.108	1.90796645673
scaffold4973_7_TIGR00698:4:448:+	60	9.0	8.50900900901	2.73077389122
scaffold32323_1_TIGR02712:5705:6692:-	345	34.0	35.4032421479	7.63022768294
scaffold32323_4_TIGR01316:1030:1153:+	50	20.0	19.5853658537	4.05235418734
scaffold97_24_TIGR00092:4651:4816:+	38	16.0	16.6606060606	2.33678611123
scaffold97_24_TIGR02214:4972:6001:+	192	17.0	16.72303207	2.76835936018
scaffold97_25_TIGR02214:1292:2060:+	145	11.0	12.5690104167	6.16001285678
scaffold15335_2_TIGR02252:33:420:+	56	9.0	8.75452196382	1.18526655771
scaffold57247_3_TIGR01316:978:2007:+	403	25.0	25.7657920311	6.00376913356
scaffold19215_19_TIGR02214:154:364:-	147	37.0	37.680952381	6.55512297278
scaffold13439_6_TIGR00914:12:687:+	75	10.0	10.4207407407	2.39768704276
scaffold13439_1_TIGR00914:151:721:+	53	6.0	6.27943760984	1.82954152162
scaffold13439_2_TIGR00914:5:647:+	90	10.0	9.40809968847	2.32522329401
scaffold50996_4_TIGR00914:4:346:+	103	20.0	19.8333333333	3.50751073825
scaffold50996_3_TIGR00914:6693:9426:+	632	16.0	16.0552506403	5.10047805431
scaffold3965_25_TIGR01316:2:242:-	35	9.0	8.49583333333	2.5964686221
scaffold3965_24_TIGR01316:384:1431:-	122	8.0	8.08022922636	2.49263686362
scaffold57880_1_TIGR04346:9960:10338:-	265	166.0	165.248677249	6.92029916827
scaffold2300_2_TIGR02214:10:493:+	43	6.0	6.03519668737	1.48030664967
scaffold41802_1_TIGR00914:9:555:-	268	50.0	52.5549450549	8.51596772632
scaffold2309_9_TIGR00914:3:666:+	105	10.0	10.6742081448	2.40149179355
scaffold56784_2_TIGR02621:1868:2384:+	179	23.0	22.1162790698	5.718700328
scaffold37762_4_TIGR01316:3:564:-	93	10.0	10.4830659537	3.2953511052
scaffold5349_3_TIGR00914:3:933:-	104	8.0	7.78494623656	2.40004239374
scaffold27281_18_TIGR01800:214:583:+	40	7.0	7.29268292683	2.79294030837
scaffold4071_4_TIGR00880:3893:4328:+	108	15.0	15.6965517241	2.75762050834
scaffold43028_1_TIGR00090:121:421:-	61	13.0	11.9733333333	3.08425391663
scaffold28298_8_TIGR01316:461:1046:+	118	13.0	12.8170940171	3.00524585789
scaffold19086_4_TIGR03992:420:648:+	23	6.0	6.02643171806	1.19440953597
scaffold12564_2_TIGR00914:21349:23161:+	918	32.0	33.7715231788	11.2956312883
scaffold17345_5_TIGR00005:2650:3388:-	119	10.0	10.5420054201	4.03191835557
scaffold5210_13_TIGR01316:722:974:-	32	7.0	7.58333333333	1.94492624416
scaffold9598_8_TIGR01800:991:1189:-	44	12.0	13.5909090909	4.90303123947
scaffold6690_4_TIGR03992:108:870:-	154	13.0	13.1784776903	3.0299742803
scaffold17345_17_TIGR01981:343:712:-	61	10.0	10.189701897	3.98191061003
scaffold49086_1_TIGR00005:387:1095:+	509	53.0	53.0762711864	7.54739089088
scaffold421_1_TIGR00880:1462:1789:+	211	39.0	38.3363914373	4.31447210526
scaffold47601_16_TIGR00092:670:1108:-	108	20.0	19.5913242009	5.09674599207
scaffold42802_2_TIGR02712:57:762:-	144	12.0	13.1943262411	4.09919163541
scaffold43164_2_TIGR00914:5211:8328:+	1886	40.0	41.6387552133	9.94762089607
scaffold43164_1_TIGR00914:8:485:+	334	47.0	46.9601677149	11.1530465314
scaffold1358_10_TIGR00092:3:867:-	140	10.0	11.3738425926	4.08024952183
scaffold999_1_TIGR01316:18239:19574:-	707	39.0	38.8434456929	6.54848126315
scaffold3088_21_TIGR00092:300:1398:+	267	13.0	14.7987249545	8.27853668197
scaffold687_6_TIGR01316:3908:4745:+	170	13.0	13.109916368	3.09620488668
C700629_1_TIGR01316:167:542:-	236	39.0	37.8186666667	6.69201899446
scaffold57814_1_TIGR00914:12909:15933:+	1624	37.0	37.9937169312	6.44217462991
scaffold8723_31_TIGR01316:1435:1699:-	48	12.0	11.6136363636	2.71680440422
scaffold30541_2_TIGR00914:727:1435:+	173	24.0	23.9292786421	5.38614492826
scaffold30541_1_TIGR00914:325:772:+	147	144.0	144.362416107	6.32407575913
scaffold861_7_TIGR03992:174:1032:+	122	9.0	9.61655011655	3.24249986087
scaffold16634_1_TIGR00741:22:316:-	65	13.0	12.2891156463	4.08432592548
scaffold27903_1_TIGR00880:7296:7710:-	344	51.0	50.8961352657	5.3605586396
scaffold172_1_TIGR01316:1081:2410:+	724	36.0	37.1534988713	7.08290612956
scaffold44039_2_TIGR00880:12827:13259:+	161	22.0	22.0763888889	4.46759918921
scaffold57839_2_TIGR03992:13314:14010:+	391	34.0	36.3735632184	13.1837627386
scaffold27867_1_TIGR03992:99:261:-	113	36.0	35.4259259259	2.67315311934
scaffold1697_5_TIGR00914:649:2134:+	429	16.0	18.1509433962	9.11443379606
scaffold22308_3_TIGR01900:208:1237:-	648	43.0	43.7094266278	6.2610926683
scaffold37563_1_TIGR02214:5688:7230:-	489	22.0	21.5142671855	5.06886340455
scaffold5451_4_TIGR00880:562:802:+	25	7.0	6.28451882845	1.96906272934
C745126_1_TIGR00914:5:1625:+	547	24.0	23.5049382716	6.34253524951
scaffold57886_1_TIGR00880:2629:3055:-	236	69.0	70.8873239437	6.68411886126
scaffold4961_20_TIGR00914:4:493:+	60	8.0	8.37832310838	2.35717163752
scaffold48857_3_TIGR00880:21:234:-	35	8.0	8.15492957746	2.01856096646
scaffold36972_8_TIGR01316:2999:3758:+	103	16.0	16.9709762533	3.00776512145
scaffold7758_16_TIGR00005:1049:1313:-	60	11.0	11.8787878788	5.17208460264
scaffold55568_2_TIGR00005:3690:4371:+	214	19.0	20.2114537445	5.82686454763
scaffold6551_9_TIGR00880:5866:6169:+	42	9.0	8.66666666667	3.70947112371
scaffold7216_3_TIGR02627:33:873:-	99	10.0	10.819047619	2.61463264243
scaffold44989_1_TIGR00914:3:2337:-	1003	30.0	30.1829477292	8.4402959221
scaffold44989_2_TIGR00914:1:808:-	392	34.0	33.3135068154	7.04611142512
scaffold4803_5_TIGR03992:3205:3775:-	438	49.0	49.7842105263	5.66869796844
scaffold8199_1_TIGR02712:128:437:+	61	10.0	11.7249190939	7.09884400156
scaffold7362_2_TIGR03992:11311:11710:+	70	10.0	11.0977443609	4.29465716037
scaffold9562_5_TIGR01900:214:1363:+	278	20.0	20.2872062663	3.7217426143
scaffold9562_5_TIGR01316:9940:10090:+	51	22.0	20.2133333333	4.97002570975
scaffold9533_7_TIGR00914:2:545:-	106	9.0	11.6464088398	8.56285507898
scaffold20321_6_TIGR00090:710:1010:+	170	27.0	29.7133333333	7.1333364486
scaffold20321_6_TIGR00087:6226:6931:-	292	25.0	26.2893617021	5.43288779613
scaffold20321_4_TIGR01962:14791:15025:+	112	25.0	25.6666666667	3.01137444838
scaffold20321_4_TIGR01957:12914:13346:+	157	21.0	21.9884259259	5.14667776014
scaffold29432_2_TIGR02195:6896:7958:+	879	55.0	56.4717514124	10.393874615
scaffold23816_4_TIGR02252:7:316:+	62	8.0	9.80582524272	5.16471395855
scaffold18252_9_TIGR03131:1:460:-	113	15.0	14.688453159	3.34000926308
scaffold23739_4_TIGR00698:3:543:+	90	10.0	10.5648148148	3.5747912349
scaffold57908_1_TIGR00914:6:2460:-	1292	36.0	37.1687041565	8.18709891368
scaffold2404_1_TIGR03906:46:610:+	48	6.0	5.92021276596	1.22865432246
scaffold9562_10_TIGR01316:10:1174:-	267	18.0	17.9845360825	5.15429638035
scaffold713_23_TIGR00880:919:1336:+	76	11.0	11.2230215827	2.82514361291
C716739_1_TIGR01981:3:246:+	200	57.0	54.8888888889	10.4345895193
scaffold19598_1_1_TIGR00741:109:403:-	179	30.0	33.4047619048	12.626884359
scaffold33346_4_TIGR00092:1492:2578:+	273	17.0	16.7366482505	4.13188221568
scaffold33346_3_TIGR00548:1912:2515:+	135	14.0	13.7844112769	3.0847545376
scaffold14924_8_TIGR03992:295:1381:+	487	30.0	29.9254143646	6.64039195433
scaffold8365_27_TIGR00342:1:337:-	82	16.0	15.5178571429	2.44577676406
scaffold10695_4_TIGR00880:878:1292:+	80	11.0	11.8019323671	3.40352135569
scaffold55027_1_TIGR00880:1793:2195:-	225	38.0	39.5995024876	6.32780327443
scaffold6169_26_TIGR00342:602:854:-	45	11.0	11.2380952381	3.77529263331
scaffold6169_28_TIGR00342:1:472:-	105	15.0	15.0360934183	3.43838282603
scaffold45978_2_TIGR00914:1:529:-	97	8.0	11.5909090909	8.56212107806
scaffold22002_8_TIGR02712:282:1281:-	164	11.0	11.3183183183	2.84057100217
scaffold8299_1_TIGR02214:1028:2105:+	275	18.0	17.7946096654	3.83434982784
scaffold58023_1_TIGR03992:23087:23246:-	105	29.0	29.6100628931	2.91798144602
scaffold5209_7_TIGR02627:383:671:-	57	10.0	10.9930555556	3.66097385302
scaffold47086_2_TIGR01800:2551:3730:+	874	48.0	48.1009329941	8.5316846458
scaffold57543_1_TIGR01800:1:655:-	128	16.0	16.4464831804	3.99572150985
scaffold10990_50_TIGR01900:1226:1733:+	149	19.0	18.6706114398	3.48057220308
scaffold15786_5_TIGR01316:5:920:+	121	9.0	9.11584699454	2.84224959364
scaffold15786_4_TIGR01316:535:907:+	57	10.0	10.1266846361	2.00205138872
scaffold11191_1_TIGR00741:1110:1404:+	158	54.5	54.193877551	12.0319796353
scaffold57222_1_TIGR00005:1955:2621:-	367	27.0	29.8948948949	8.29021662296
scaffold57222_1_TIGR02627:9610:10978:-	504	25.0	24.7668128655	6.30746177576
scaffold35192_15_TIGR00092:5:857:+	152	12.0	12.0622065728	4.14209228101
scaffold24_54_TIGR00087:640:1345:+	123	11.0	11.1858156028	3.55397253629
scaffold2579_2_TIGR00005:250:511:-	28	9.0	8.63218390805	1.93247073025
C757201_1_TIGR02252:4532:5129:-	451	50.0	49.1306532663	6.27026818065
scaffold41186_4_TIGR00914:323:905:+	96	11.0	11.3264604811	3.09082794227
scaffold41186_5_TIGR00914:5:1019:+	153	11.0	10.4891518738	2.95251383391
scaffold21973_6_TIGR00092:2:170:-	40	11.0	10.8273809524	4.51715911541
scaffold28375_17_TIGR00005:546:1458:+	224	16.0	16.0625	3.897175864
scaffold28375_18_TIGR03906:5:1265:-	293	16.0	16.2801587302	4.31884978517
scaffold41801_1_TIGR00914:9:555:-	257	48.0	51.5146520147	8.84071321936
scaffold19956_30_TIGR00914:1222:2182:-	127	9.0	8.85208333333	2.11467980076
scaffold19956_34_TIGR00914:1:1180:-	145	8.0	8.61916878711	3.68040530292
scaffold33452_4_TIGR03239:1668:2343:-	89	22.0	21.6637037037	2.87019440321
scaffold36516_1_TIGR00005:4043:4898:+	612	47.0	47.069005848	6.59283047193
scaffold1244_31_TIGR03906:381:795:+	69	11.0	10.8913043478	2.55003490345
scaffold713_5_TIGR00914:15:1857:-	369	14.0	14.0119435396	4.34965629716
scaffold2908_5_TIGR02214:7935:9711:+	1137	44.0	44.411036036	7.84814862018
scaffold53916_3_TIGR02252:3132:3729:+	244	25.0	25.9748743719	5.45771365908
scaffold42191_4_TIGR00880:103:517:+	36	5.0	5.36473429952	1.89579060839
scaffold30064_6_TIGR02627:259:745:+	71	9.0	9.3353909465	2.51511123371
scaffold23883_1_TIGR03992:7160:7967:-	487	47.0	48.0582403965	8.11520691499
scaffold7250_35_TIGR01981:4:529:+	148	17.0	17.9580952381	5.06511469249
scaffold49632_3_TIGR03992:32809:33355:+	263	30.5	28.3864468864	6.63096572326
scaffold43929_3_TIGR00914:3:576:-	76	8.0	8.20593368237	2.97684485321
scaffold58000_1_TIGR02712:9116:9368:+	171	38.0	40.6785714286	9.61293859522
scaffold4709_22_TIGR00005:2623:3526:+	179	12.0	12.5083056478	3.63837180609
scaffold4709_23_TIGR03131:3730:4270:+	99	11.0	11.7407407407	3.27269956065
scaffold3262_3_TIGR01020:2546:3011:-	173	22.0	22.423655914	5.70748231502
scaffold97_4_TIGR03906:3:1044:+	198	12.0	12.7780979827	3.34470786974
scaffold15308_5_TIGR00698:21904:22849:-	600	45.0	43.8772486772	5.87288278604
scaffold15308_6_TIGR00152:966:1533:-	346	38.0	36.9982363316	5.96033305124
scaffold179_3_TIGR00880:204:645:-	179	23.0	23.6530612245	3.16941104401
scaffold179_1_TIGR02712:3749:4151:-	216	30.0	28.8059701493	12.4765317679
scaffold4961_16_TIGR00914:4:775:+	102	9.0	9.00518806744	2.50601850073
scaffold4961_15_TIGR00914:58:640:+	68	9.0	9.71649484536	2.13392723537
scaffold55657_1_TIGR02627:2401:3778:+	806	39.0	39.4640522876	6.48323185387
scaffold9568_4_TIGR00005:9:567:-	109	9.0	12.4695340502	9.09773516253
scaffold3150_3_TIGR00914:3:444:+	285	42.0	42.6054421769	9.23629670008
scaffold12504_1_TIGR00005:511:1069:+	103	12.0	11.9874551971	3.41484010614
scaffold7758_24_TIGR03992:961:1492:+	69	8.0	8.25800376648	2.78131155096
scaffold28129_16_TIGR00914:3592:4354:-	155	14.0	13.469816273	3.50399205674
scaffold28129_18_TIGR00914:1584:2406:-	144	12.0	11.8734793187	2.94739809565
scaffold2051_18_TIGR00880:569:890:+	55	11.0	10.7133956386	2.43010223671
scaffold41539_2_TIGR00741:199:493:+	320	69.0	64.3741496599	9.89207810882
scaffold5349_2_TIGR00914:11:995:-	110	8.0	7.75	2.25112889476
scaffold49878_2_TIGR03992:12269:13103:+	422	33.0	33.9928057554	5.89800974789
scaffold56014_2_TIGR03906:6533:6899:+	333	49.0	51.3142076503	11.6188167198
scaffold16017_5_TIGR00880:1:322:-	60	11.0	11.6137071651	3.96640867579
scaffold5416_5_TIGR00005:11143:11497:-	129	22.0	22.5960451977	4.2230315721
scaffold2384_1_TIGR02712:3:147:-	16	6.0	6.125	1.83664473671
scaffold1733_3_TIGR02712:335:1319:+	134	9.0	9.31402439024	2.8470435499
scaffold19005_8_TIGR00741:2437:2731:+	85	16.0	16.6326530612	3.56300269427
scaffold38203_1_TIGR00880:593:1010:-	59	8.0	8.42446043165	2.54262015937
C753972_1_TIGR03131:644:854:-	217	59.0	56.8	7.31781908703
scaffold28375_14_TIGR00005:3870:4749:-	221	24.0	23.9829351536	4.07254243088
scaffold6068_30_TIGR03131:609:1524:-	100	7.0	7.35081967213	2.40590959254
scaffold5608_14_TIGR00092:676:955:-	60	11.0	11.8172043011	4.04884045499
scaffold3394_2_TIGR00914:1559:2084:-	134	15.0	15.9580952381	5.31719190036
scaffold3394_3_TIGR00914:8:2588:-	595	16.0	16.3709302326	4.12442242926
scaffold35507_7_TIGR00914:685:3763:-	1984	44.0	44.863222872	9.0117138561
scaffold20523_2_TIGR00880:19:175:-	16	6.0	5.79487179487	1.00459169355
scaffold3600_10_TIGR02214:45:1221:-	173	10.0	10.4022108844	2.89421694256
scaffold13794_18_TIGR03906:114:396:-	70	21.0	20.2482269504	3.40765935011
scaffold15319_24_TIGR00880:264:681:-	65	9.0	9.39808153477	2.36780892415
scaffold18986_1_TIGR00005:13:361:-	69	12.0	11.775862069	3.36842899762
scaffold11399_3_TIGR00741:330:624:+	98	18.0	18.3163265306	4.28157801694
scaffold7401_20_TIGR03131:639:1377:+	103	9.0	9.43089430894	3.08220164021
scaffold9231_33_TIGR02712:754:1648:-	169	12.0	12.4821029083	2.83340840403
scaffold665_6_TIGR01981:3:183:+	45	13.5	13.5388888889	2.51520683684
scaffold665_5_TIGR01981:5222:5837:+	95	10.0	10.2617886179	3.01940930866
scaffold54331_3_TIGR03131:11:887:-	368	26.0	26.7819634703	8.4223118432
scaffold57686_4_TIGR00914:2255:5345:-	972	21.0	22.0226537217	6.30016217594
scaffold57686_2_TIGR03906:4582:4798:-	108	23.0	26.7407407407	8.86824377199
scaffold57686_3_TIGR00914:240:1044:-	263	31.0	30.9689054726	4.27828931917
scaffold34480_17_TIGR00914:14:2186:-	374	12.0	12.0423572744	3.07458715212
scaffold34480_15_TIGR00914:1378:1945:-	110	18.0	18.3333333333	3.71279307954
scaffold21127_1_TIGR03992:12634:13015:-	269	43.0	43.1102362205	6.89047615365
scaffold41398_2_TIGR01020:5622:6111:+	489	62.0	61.9672801636	8.0162764488
scaffold10387_12_TIGR03992:906:1668:-	149	13.0	12.3897637795	2.88157331567
scaffold23334_2_TIGR00880:696:1125:+	63	9.0	9.38461538462	1.83182081804
scaffold41052_1_TIGR01800:5088:6240:+	472	25.0	27.2109375	10.022792696
scaffold8214_4_TIGR01800:178:784:+	127	10.0	13.1950413223	9.54025703727
scaffold8214_6_TIGR01800:6:261:+	54	13.0	12.4901960784	5.00028449787
scaffold58098_1_TIGR00914:5259:8388:-	2668	118.0	116.867369767	14.3679888868
scaffold3371_3_TIGR03992:21:408:-	156	24.0	24.4521963824	4.89525046224
scaffold9567_12_TIGR00880:64:481:-	58	9.0	8.57074340528	1.74938363215
scaffold14029_11_TIGR03992:2:1070:-	343	20.0	20.8707865169	8.32284931557
scaffold33021_2_TIGR00005:4:451:+	54	8.0	8.09395973154	2.5374394302
scaffold9071_18_TIGR00698:2379:2646:+	46	10.0	10.1278195489	2.58658637594
scaffold56552_2_TIGR02712:698:2069:-	398	25.0	24.7308533917	4.01816489076
scaffold9948_9_TIGR02214:4:580:+	103	12.0	12.3541666667	5.60935323812
scaffold1821_11_TIGR00914:2:563:-	63	8.0	7.78966131907	1.96456126268
scaffold38247_6_TIGR01316:5:284:+	52	11.0	11.2150537634	2.47358574357
scaffold38247_4_TIGR01316:5:503:+	97	11.0	12.1847389558	4.16839418391
scaffold28316_4_TIGR00090:2513:2813:-	358	66.5	70.7266666667	11.1219882315
scaffold7496_14_TIGR02252:2949:3366:-	125	19.0	18.6594724221	5.10316709015
scaffold23099_1_TIGR02214:2:1097:-	145	9.0	9.37442922374	3.17819109665
scaffold18333_6_TIGR00914:2:1337:-	238	12.0	12.5617977528	3.3066329532
scaffold7774_4_TIGR00914:1:658:-	277	25.0	25.803652968	16.9943885104
scaffold56278_1_TIGR00880:13831:14098:-	155	74.0	71.8988764045	9.07362099652
scaffold57623_1_TIGR00914:5:551:+	76	10.0	10.1666666667	3.20994144086
scaffold54767_1_TIGR00914:4801:7825:-	942	21.0	21.7880291005	4.30566282458
scaffold8703_3_TIGR00914:8895:11991:+	1998	43.0	43.9660852713	11.4179105721
scaffold53589_4_TIGR02627:436:1024:+	102	12.0	11.8688245315	4.09156265865
scaffold15429_11_TIGR00090:555:849:+	49	10.0	10.2074829932	2.23784968568
scaffold41942_5_TIGR02252:340:523:-	27	12.0	11.5245901639	3.83087781481
scaffold4709_7_TIGR00880:628:1048:-	100	15.0	14.9904761905	3.29717119187
scaffold26498_10_TIGR01800:4:712:+	169	22.0	22.0663841808	3.98051041916
scaffold26498_16_TIGR02712:333:1002:-	162	17.0	15.8565022422	4.07446094727
scaffold3169_11_TIGR00005:2979:3750:+	146	12.0	12.5064935065	4.52503390709
scaffold3169_11_TIGR02627:958:2326:-	277	13.0	13.9473684211	5.27920798363
scaffold7638_15_TIGR00005:1591:2527:-	209	12.0	14.1282051282	6.90090228405
scaffold16846_2_TIGR01316:12739:12859:+	81	30.0	29.3666666667	2.57854394744
C699577_1_TIGR02712:3:534:-	388	73.0	74.6120527307	10.0114889616
scaffold4767_2_TIGR00914:942:1170:+	36	12.0	10.7938596491	3.19766321169
scaffold19871_3_TIGR01020:3276:3753:-	176	23.0	22.7295597484	3.27115376832
scaffold29838_1_TIGR00005:8171:8975:+	393	77.0	78.6119402985	9.14796319208
scaffold55664_1_TIGR00880:3:96:-	10	7.0	5.82795698925	1.61060768545
scaffold11397_15_TIGR01316:1739:2012:-	52	12.0	11.8681318681	4.74602310761
scaffold11397_16_TIGR01316:2:974:-	205	13.0	14.0041152263	5.01766258306
scaffold11397_19_TIGR00914:4:241:+	53	15.0	14.1012658228	3.42340518184
scaffold11397_19_TIGR01900:1151:2261:+	272	17.0	16.7153153153	3.82547643381
scaffold11397_18_TIGR00914:19:2422:+	469	14.0	14.0066583437	3.99968233583
scaffold43002_2_TIGR00880:2013:2442:+	284	39.0	39.1655011655	5.98234570884
scaffold43002_2_TIGR00914:8412:11538:+	1478	33.0	33.2178502879	7.56119508613
scaffold168_2_TIGR00005:6931:7642:+	375	31.0	32.8481012658	4.69245360844
scaffold35687_10_TIGR00152:7950:8439:-	105	15.0	14.8916155419	4.49750115208
scaffold5779_5_TIGR00005:9093:9759:-	545	50.0	51.2792792793	7.39247792089
scaffold12421_7_TIGR03239:1010:1448:+	73	10.0	10.198630137	3.16000952909
scaffold27140_6_TIGR01981:5:254:+	39	8.0	8.92771084337	2.65007296647
scaffold27140_5_TIGR01981:187:736:+	81	10.0	9.71167883212	3.07819184989
scaffold27140_3_TIGR01981:654:1158:+	127	11.0	13.8928571429	11.016781417
scaffold29203_8_TIGR03906:3:948:+	149	11.0	11.1597883598	2.81245754022
scaffold5466_23_TIGR02195:2178:3189:+	251	17.0	17.081107814	3.62256762546
scaffold19738_7_TIGR02627:14514:14793:-	153	42.0	41.9856630824	6.00416302779
scaffold15715_15_TIGR00914:10:1483:+	248	11.0	11.5903532609	4.42110666172
scaffold15715_14_TIGR00914:27:1227:+	178	9.0	10.235	3.24727193195
scaffold29001_6_TIGR01316:1:406:-	128	24.0	25.3925925926	6.0972727718
scaffold34892_1_TIGR00005:451:868:+	64	10.0	9.79326923077	2.86231362924
scaffold27266_4_TIGR00914:2:728:-	68	6.0	6.23966942149	2.78729346309
scaffold12151_55_TIGR03906:11989:12970:-	289	36.0	37.1743119266	6.21539903618
scaffold29769_2_TIGR00914:59:1493:+	215	18.0	18.3765690377	2.73449129123
scaffold32073_2_TIGR01020:15:249:-	29	5.0	6.09829059829	2.42206674853
scaffold48861_9_TIGR02214:1:826:-	125	14.0	14.7781818182	6.34124615157
scaffold12798_7_TIGR00090:873:1167:-	83	17.0	16.9047619048	2.67218816126
scaffold12798_7_TIGR00092:3180:3579:-	69	10.0	10.9047619048	4.35757081865
scaffold42261_4_TIGR03906:3:432:-	76	14.0	13.8041958042	3.45923730345
scaffold42261_2_TIGR03906:41:611:-	96	9.0	10.1473684211	4.10383240925
scaffold35611_4_TIGR00914:51:1893:-	385	18.0	18.4668838219	3.63781561519
scaffold35611_2_TIGR00914:111:927:-	163	13.5	13.6090686275	4.63473311997
scaffold20519_3_TIGR01981:46761:47589:-	499	39.0	39.7306763285	5.96395582712
scaffold20519_4_TIGR00880:8124:8544:-	255	56.0	52.3238095238	9.92135286291
scaffold20519_4_TIGR01981:737:1589:-	591	61.0	61.0539906103	8.58344271082
scaffold20459_6_TIGR02712:265:607:-	36	6.5	6.58479532164	2.11444553698
scaffold38948_4_TIGR02214:132:636:+	91	11.0	11.4384920635	3.24345900198
scaffold747_3_TIGR00914:24:1059:-	159	9.0	10.0579710145	5.85843639913
scaffold14216_11_TIGR02627:493:1126:+	208	18.0	20.3775671406	8.4937260977
scaffold14216_12_TIGR02627:4:556:+	217	28.0	29.2155797101	9.51365780386
scaffold13656_18_TIGR00005:2:653:-	98	10.0	10.2980030722	2.40971771871
scaffold13656_17_TIGR00005:2302:2491:-	26	7.0	7.38624338624	2.44819794736
scaffold16109_9_TIGR00090:5155:5449:+	204	51.0	51.7551020408	9.20742959156
scaffold16109_1_TIGR00741:727:1021:+	229	96.0	95.3299319728	6.3420088983
scaffold24944_4_TIGR00005:267:1104:-	175	13.0	13.6451612903	4.13476864073
scaffold13315_10_TIGR00914:5:836:-	184	8.0	9.75451263538	6.37609107509
scaffold1032_36_TIGR02712:1222:1645:+	82	11.0	11.2174940898	3.78812083248
scaffold9986_2_TIGR03906:17:512:-	60	9.0	8.48282828283	2.46658641983
scaffold51554_1_TIGR03992:143:698:+	67	6.0	7.17117117117	3.77539180921
scaffold16382_3_TIGR01020:282:753:+	471	50.0	55.3715498938	19.5021899129
scaffold9927_1_TIGR02712:6197:7187:-	716	47.0	47.6181818182	10.0563901353
scaffold12269_44_TIGR00741:1747:2041:-	51	13.0	12.0986394558	2.83571695801
scaffold44699_1_TIGR00741:325:619:+	55	10.0	10.3095238095	3.51712686804
scaffold28807_1_TIGR03131:9784:10660:-	500	35.0	37.1095890411	10.1413232732
scaffold22516_2_TIGR00005:340:1276:+	462	32.0	31.405982906	6.9972313279
scaffold22516_3_TIGR00698:43:1072:-	551	35.0	34.6851311953	10.6095095739
scaffold22993_1_TIGR00914:5:449:+	66	6.0	9.12162162162	6.53325388909
C694853_1_TIGR03992:319:499:+	23	8.0	6.94444444444	2.46017664728
scaffold45623_3_TIGR02195:3753:4767:+	218	14.0	13.9861932939	3.71438468071
scaffold40793_3_TIGR00880:637:757:+	15	7.0	6.88333333333	1.91565190529
scaffold55752_1_TIGR00092:363:558:-	12	3.0	3.57948717949	1.21848571158
scaffold27903_9_TIGR01800:1965:3129:-	795	45.0	46.0472508591	9.91771997075
scaffold394_10_TIGR03992:295:598:+	44	11.0	10.3498349835	1.85525521693
scaffold27815_19_TIGR00880:1928:2270:+	86	17.0	15.7865497076	3.87502806202
scaffold31385_13_TIGR00741:7:301:+	35	7.0	7.01020408163	1.49485442578
scaffold7362_5_TIGR03992:5:272:+	41	8.0	8.88014981273	4.04013794125
scaffold10521_67_TIGR02712:5043:5913:-	176	11.0	12.7287356322	3.70894873249
scaffold6_1_TIGR03906:15089:16466:-	525	42.0	41.941902687	5.87471176783
scaffold11714_4_TIGR02627:115:1489:-	234	10.0	11.1819505095	3.45110496119
scaffold25595_18_TIGR02627:1870:3139:+	320	17.0	17.2821118991	3.96865217806
scaffold56842_1_TIGR00880:4910:5357:+	239	32.0	31.5055928412	4.13900960224
scaffold58095_1_TIGR02252:2807:3290:-	420	62.0	62.3105590062	6.56728452113
scaffold45327_2_TIGR02712:1936:2266:+	308	52.0	54.4181818182	15.4286521053
C699937_1_TIGR00880:60:477:-	131	18.0	18.0	5.01173682422
scaffold11399_15_TIGR02712:3:516:+	95	12.0	12.5419103314	4.71018740142
scaffold13952_15_TIGR02252:998:1295:-	86	16.0	16.2895622896	2.71118002257
scaffold9562_3_TIGR00880:795:1209:-	109	16.0	16.3961352657	4.24976095276
scaffold1930_21_TIGR00152:1873:1930:-	29	13.0	12.1929824561	1.40723190387
scaffold1930_26_TIGR02712:1057:1363:+	117	22.0	23.9967320261	8.3480256231
scaffold3371_2_TIGR03992:1664:1991:-	87	32.0	31.2171253823	5.36655861513
scaffold14871_9_TIGR03906:500:920:-	59	9.0	9.00238095238	1.81986238298
scaffold394_8_TIGR03992:796:1150:+	36	7.0	7.00282485876	1.84344707136
scaffold21955_10_TIGR02214:2:857:-	199	15.0	15.469005848	5.24431506797
scaffold15844_12_TIGR00090:93:393:-	69	9.0	13.8466666667	10.8063170826
scaffold44436_3_TIGR00880:941:1358:+	106	24.0	24.3908872902	2.15094947063
scaffold21701_1_TIGR00914:221:923:+	169	14.0	15.6196581197	7.01518994124
scaffold8373_1_TIGR00005:925:1777:-	497	38.0	38.4835680751	5.59098557172
scaffold14610_1_TIGR00092:169:589:+	66	9.0	9.38333333333	2.70153542468
scaffold6533_16_TIGR03992:10947:11691:+	605	48.0	51.3494623656	9.35034498422
scaffold6533_16_TIGR01981:1583:2279:-	459	42.0	42.2643678161	8.05899193678
scaffold27347_2_TIGR03992:163:523:-	46	8.0	7.99444444444	1.88118527123
scaffold4283_8_TIGR00914:3622:4222:-	321	34.0	35.2966666667	8.40071359403
scaffold4283_9_TIGR00914:16:2482:-	1579	43.0	44.3244120032	8.34851343415
scaffold4283_1_TIGR01962:6782:7022:+	210	50.0	48.1208333333	12.4055592097
scaffold4283_1_TIGR01957:4845:5277:+	300	38.5	38.8148148148	5.59993080008
scaffold4283_5_TIGR00914:9148:12271:+	2454	53.0	54.6423310919	13.2163635345
scaffold16519_15_TIGR02712:2074:2329:-	171	21.0	27.1568627451	20.1752834118
scaffold8844_10_TIGR02195:145:964:+	145	12.0	12.1025641026	3.84996148521
scaffold16985_9_TIGR00092:5:689:-	192	17.0	17.298245614	4.67091878566
scaffold16985_8_TIGR00092:470:887:-	139	25.0	22.5323741007	8.35653551004
scaffold4908_2_TIGR02712:3:303:-	36	7.0	7.39333333333	2.23725029643
scaffold56451_1_TIGR00741:133:427:-	293	149.0	149.408163265	5.74012621877
scaffold3012_2_TIGR01800:222:510:+	45	13.0	12.5156794425	3.88496585957
scaffold3012_6_TIGR01800:3:273:+	46	11.0	9.86666666667	3.70844881218
scaffold33574_5_TIGR03992:3141:3534:+	119	17.0	17.6488549618	3.29373759433
scaffold11397_29_TIGR01962:1562:1802:+	47	10.0	10.2583333333	4.6538439906
scaffold42224_5_TIGR00092:131:1016:+	277	12.0	18.4214689266	15.9726387552
scaffold3128_3_TIGR00152:19362:19911:-	214	25.0	24.5245901639	4.96635639783
scaffold3128_3_TIGR00698:11062:12010:-	341	25.0	23.9240506329	7.18123812867
scaffold36491_20_TIGR00092:20661:21756:+	717	38.0	41.7406392694	15.9380748439
scaffold16546_4_TIGR00914:14:728:+	87	9.0	8.47338935574	2.20770055342
scaffold47500_3_TIGR00914:1:607:-	59	6.0	6.61551155116	1.99066061618
scaffold47500_4_TIGR00914:2:518:-	47	5.0	6.16860465116	3.10236575
scaffold47500_5_TIGR00914:33:420:-	56	7.0	8.73126614987	5.3149031557
scaffold11399_14_TIGR02712:108:510:+	53	7.0	7.59701492537	2.52781364732
scaffold11825_10_TIGR00087:681:990:+	54	11.0	10.2330097087	3.42616209986
scaffold23247_21_TIGR01981:4:259:+	59	14.0	13.2509803922	4.12925348374
scaffold23247_20_TIGR01981:4507:5035:+	84	11.0	10.9450757576	2.71688296115
scaffold57946_1_TIGR02214:1544:3332:-	1193	52.0	50.9888143177	8.91558021836
scaffold14645_26_TIGR02712:1:556:-	76	8.0	9.63603603604	3.69037688919
scaffold33574_23_TIGR00880:1850:2072:+	54	13.0	13.3603603604	2.30859261676
scaffold21234_2_TIGR02214:7:859:-	138	11.0	11.1971830986	3.80493768024
scaffold21254_38_TIGR02627:16:679:-	137	13.0	13.568627451	4.48403022686
scaffold44932_11_TIGR01316:220:613:+	82	13.0	13.5216284987	4.82678757188
scaffold159_4_TIGR01316:209:1154:+	493	41.0	41.5142857143	9.34874335232
scaffold53156_1_TIGR03992:14915:15662:+	270	22.0	22.688085676	4.87299527483
scaffold8665_1_TIGR02214:12535:12748:-	187	49.0	47.0892018779	6.20438477553
scaffold47064_5_TIGR00005:337:1045:+	161	14.0	15.168079096	4.07884832456
scaffold3333_1_TIGR01800:4:349:+	70	13.0	12.3594202899	4.81887348796
scaffold38660_2_TIGR01900:4:835:+	471	39.0	38.5415162455	9.39994608438
scaffold38831_1_TIGR00090:344:638:+	51	10.0	10.7925170068	3.80312418002
scaffold23181_11_TIGR00005:1036:1270:-	41	19.0	18.5897435897	3.22425064813
scaffold46435_1_TIGR00880:10918:11359:+	263	33.0	34.768707483	9.02005929903
scaffold251_10_TIGR02627:631:1342:+	96	8.0	8.18846694796	2.05300555941
scaffold57940_1_TIGR00914:13034:16082:-	1835	42.0	42.3937007874	9.04758416471
scaffold9079_26_TIGR03992:5560:6412:-	209	16.0	16.1830985915	3.61878196179
scaffold52381_1_TIGR02627:37:520:+	55	7.0	7.61697722567	3.23033652932
scaffold28620_5_TIGR01981:4:607:+	59	6.0	6.55887230514	2.43613620117
scaffold4961_36_TIGR03131:4491:4866:+	92	14.0	14.1733333333	4.83810798648
scaffold6169_1_TIGR00914:6370:7018:+	145	15.0	14.2438271605	4.32289970923
scaffold6169_2_TIGR00914:6:2454:+	534	17.0	16.9509803922	3.67045913758
scaffold42053_5_TIGR03992:304:517:+	60	16.0	15.6384976526	4.85138977196
scaffold39833_10_TIGR02214:168:1788:-	204	8.0	8.69567901235	2.84376833904
scaffold38815_4_TIGR01316:1124:1316:+	37	13.0	13.328125	2.36326941285
scaffold37401_3_TIGR02214:6:1038:+	671	57.0	57.1763565891	7.91744609183
scaffold37401_2_TIGR00087:7292:7502:+	172	73.0	71.8333333333	7.02890856076
scaffold6867_12_TIGR00698:3179:4202:-	178	11.0	11.5552297165	3.94570054698
scaffold52678_1_TIGR00092:61:1159:+	822	46.0	49.5063752277	11.0306930365
scaffold53278_8_TIGR00914:6:1167:+	188	10.0	11.1524547804	4.00215440516
scaffold53278_7_TIGR00914:349:730:+	145	15.0	21.7034120735	23.2166270835
scaffold28126_2_TIGR01800:744:1917:-	222	13.0	12.7237851662	2.81218066579
scaffold2742_2_TIGR00914:672:918:-	49	10.0	11.3658536585	4.05805090121
C756671_1_TIGR00880:352:742:+	1179	185.0	184.348717949	15.3548267162
scaffold15557_6_TIGR00914:370:1441:+	793	63.0	61.898225957	9.67269717378
scaffold6796_1_TIGR01800:2:257:-	49	11.0	11.7843137255	2.32559269688
scaffold8477_5_TIGR00698:155:1007:-	119	6.0	8.62910798122	8.10688559436
scaffold12798_12_TIGR00005:3:717:-	124	11.0	11.4803921569	2.64898518971
scaffold12798_15_TIGR02214:3910:4915:-	187	12.0	12.4338308458	2.14519009612
scaffold18530_1_TIGR00914:3:579:-	57	7.0	6.86458333333	2.1871775556
scaffold259_1_TIGR01316:21892:23182:+	636	31.0	32.2635658915	8.39501455954
scaffold57729_5_TIGR00698:2514:3399:-	570	41.0	41.4870056497	7.77763711268
scaffold57729_5_TIGR01900:3741:4071:-	222	29.0	35.8515151515	14.3992554776
scaffold16826_4_TIGR01020:709:1180:-	104	15.0	16.5817409766	6.14727305162
scaffold2219_5_TIGR00092:3:309:-	35	5.0	6.63725490196	2.74441518117
scaffold52534_2_TIGR00914:19:1066:-	678	44.0	44.0926456543	10.3752890144
C701445_1_TIGR02712:4:547:+	52	6.0	6.3241252302	2.82221976801
scaffold2_1_TIGR00005:64:724:-	330	148.0	149.504545455	7.38292320808
scaffold11825_33_TIGR01957:440:887:+	52	8.0	7.48098434004	2.19394548564
scaffold11825_31_TIGR01962:5:515:+	94	12.0	12.2705882353	4.66876538736
scaffold49732_3_TIGR02252:411:900:-	68	8.0	8.33333333333	2.6262271128
scaffold19957_8_TIGR01981:86:893:+	127	10.0	10.4677419355	4.97869671257
scaffold19957_6_TIGR01981:5:287:+	87	16.0	18.1843971631	6.70196630073
scaffold5339_3_TIGR02214:6:897:-	167	12.0	12.5791245791	4.08401825042
scaffold57546_1_TIGR00092:13952:14234:+	107	29.0	29.4929078014	3.96906737156
scaffold51506_7_TIGR01316:6746:8060:+	725	36.0	35.7899543379	8.83994442866
scaffold2716_9_TIGR03906:773:2000:+	706	37.0	38.3178484108	11.1247662034
scaffold10602_2_TIGR02712:3331:3769:+	311	41.0	43.4155251142	7.77220995312
scaffold8771_3_TIGR00914:10:1036:-	188	12.0	12.4035087719	3.52835180232
scaffold11794_14_TIGR03992:95:848:+	139	11.0	11.8565737052	3.20451829923
scaffold11863_19_TIGR01900:8:539:+	126	14.0	15.1450094162	4.20336029932
scaffold23927_17_TIGR00880:12092:12497:-	217	51.0	51.0592592593	5.69872798841
scaffold23927_17_TIGR02214:5945:7868:-	960	52.0	51.8408736349	5.59126553678
scaffold6103_14_TIGR00005:20346:21222:-	486	53.0	55.2659817352	8.09059902166
scaffold33641_6_TIGR00880:491:725:+	31	9.0	7.94871794872	2.5160889262
scaffold46800_5_TIGR03992:1:553:-	97	12.0	11.2826086957	3.05561761217
scaffold28754_13_TIGR03992:12544:13234:-	170	17.0	16.3666666667	4.42133059737
scaffold57320_1_TIGR02712:7061:7559:+	310	35.0	38.9297188755	13.1380177486
scaffold4720_2_TIGR01981:3:279:+	35	7.0	7.0	1.72786204495
scaffold18171_16_TIGR03906:532:973:+	140	20.0	20.4263038549	6.05040334768
scaffold18171_17_TIGR03906:3:780:+	208	31.0	32.0656370656	7.43237660645
scaffold42636_2_TIGR01316:2901:3864:+	624	45.0	43.4319833853	8.54396089768
scaffold7952_5_TIGR02627:287:1094:+	156	13.0	13.2183622829	4.41596025913
scaffold7952_7_TIGR02627:3:300:+	49	16.0	16.3737373737	2.58688426628
scaffold57623_2_TIGR00914:5:707:+	78	8.0	8.00142450142	2.77273009123
scaffold55354_1_TIGR00880:10698:11127:+	135	20.0	19.6083916084	2.86454485505
scaffold2916_9_TIGR02621:257:1178:-	112	8.0	8.48208469055	2.95642519656
scaffold20574_10_TIGR02627:5:644:+	103	16.0	16.5712050078	2.36183470637
scaffold47754_4_TIGR00880:919:1330:+	64	10.0	9.52311435523	1.96101320305
scaffold1277_7_TIGR01962:5:566:+	51	6.0	6.44385026738	1.80733368548
scaffold2231_28_TIGR00914:5:509:+	72	9.0	9.13095238095	1.3996577975
scaffold2231_23_TIGR00914:3782:5210:+	253	11.0	11.5945378151	5.24285811375
scaffold58011_1_TIGR02195:364:1384:-	462	31.0	30.1225490196	5.09687345269
scaffold50807_1_TIGR03906:1:394:-	69	11.0	11.2671755725	4.19527984033
scaffold10075_3_TIGR00880:235:502:-	42	12.0	10.5655430712	4.97092783909
scaffold33574_15_TIGR00880:2138:2546:-	101	16.0	15.3039215686	3.54602571152
scaffold45466_7_TIGR00880:549:963:+	69	10.0	10.1086956522	2.16923409515
scaffold45730_7_TIGR00087:3052:3763:-	350	29.0	30.9282700422	7.57051629541
scaffold39917_5_TIGR03992:1438:2251:-	260	24.0	24.1316113161	4.81629531919
C748916_1_TIGR01800:573:1791:-	259	15.0	14.6559934319	3.58463942073
scaffold9178_25_TIGR00090:410:710:+	141	40.0	37.21	7.02988145941
scaffold7577_10_TIGR02214:3:738:+	232	22.0	21.5088435374	4.3144579778
scaffold19992_3_TIGR01962:12195:12435:+	200	44.0	44.5291666667	8.11423539049
scaffold19992_3_TIGR01957:10390:10822:+	324	41.0	42.6712962963	8.29928099213
scaffold19469_4_TIGR02627:3476:4850:-	476	24.0	23.5152838428	3.70345240396
scaffold19469_4_TIGR00914:12046:15076:+	999	22.0	23.3874587459	6.10029278723
scaffold19469_6_TIGR03906:18401:19538:-	424	25.0	25.3403693931	5.35899256118
scaffold54124_1_TIGR03906:270:729:+	68	9.0	9.30501089325	2.22644948011
scaffold28129_20_TIGR00914:51:1347:-	258	14.0	13.4390432099	3.36572048649
scaffold19271_2_TIGR00092:1132:1279:+	53	16.0	17.156462585	4.89022442938
scaffold14924_1_TIGR03992:11378:12191:+	416	861.0	865.857318573	13.1110991615
scaffold49_11_TIGR02214:205:1927:+	399	16.0	16.3114468332	2.80439852258
scaffold45605_2_TIGR00005:780:1059:-	39	9.0	9.08602150538	2.88111853769
scaffold45605_3_TIGR00005:1:355:-	47	7.0	7.78248587571	1.87629534346
scaffold5170_3_TIGR00880:12113:12527:+	157	23.0	23.3333333333	5.01928647469
scaffold5170_3_TIGR00092:16657:17755:+	583	32.0	35.0774134791	9.98908419956
scaffold37742_2_TIGR02712:337:589:-	133	18.0	21.5793650794	16.2594798598
scaffold19956_33_TIGR00914:5:557:-	81	10.0	9.97463768116	2.88977612077
scaffold7952_18_TIGR02214:22:703:+	117	12.0	11.577092511	3.24302089078
scaffold7611_41_TIGR02214:3:726:-	82	8.0	7.54771784232	1.77858154994
scaffold7611_49_TIGR03992:1854:2622:+	232	20.0	20.46484375	4.90496277982
scaffold28807_6_TIGR03992:7953:8364:-	214	32.0	32.5450121655	5.54651142522
scaffold5466_1_TIGR00880:75:252:-	40	10.0	10.5875706215	3.18266194183
scaffold4330_3_TIGR00342:2:1004:-	269	17.0	17.2834331337	5.26782734911
scaffold6803_1_TIGR00880:532:940:+	64	9.0	9.60539215686	2.07781709152
scaffold31485_2_TIGR01020:22:484:+	87	11.0	11.841991342	3.04492529638
scaffold32052_5_TIGR01316:1037:1499:+	84	9.0	10.9502164502	4.75181782904
scaffold22530_1_TIGR03906:536:1565:-	214	14.0	14.1214771623	3.11112854927
scaffold27347_3_TIGR03992:17:404:-	92	11.0	12.8294573643	6.10518147075
scaffold17100_2_TIGR03906:5596:6208:-	269	41.0	40.2941176471	6.03435951943
scaffold8742_2_TIGR03992:5:713:+	78	6.0	7.30508474576	3.34632391586
scaffold6251_4_TIGR02195:25540:26560:+	720	61.0	61.8176470588	8.66987585868
scaffold10214_19_TIGR03992:307:1015:+	94	8.0	8.81779661017	3.29172386335
scaffold9435_6_TIGR00005:1897:2419:+	85	11.0	11.0	2.45495823251
scaffold13794_22_TIGR03992:1307:2051:-	177	15.0	15.0591397849	3.37435733616
scaffold31292_6_TIGR02214:37:1966:-	1054	37.0	38.0067392431	6.82085480984
scaffold15557_1_TIGR00914:46227:47484:+	651	59.0	59.2848050915	9.92357589851
scaffold4071_19_TIGR00880:1348:1516:+	43	12.0	12.3988095238	1.435684178
scaffold4071_18_TIGR00880:145:562:-	82	11.0	11.4724220624	3.32346243049
scaffold2010_6_TIGR00741:1:256:-	52	12.0	11.8274509804	2.67919203737
scaffold29_1_TIGR00741:328:622:-	185	131.5	133.346938776	11.7777913116
scaffold41812_1_TIGR00090:5603:5903:+	286	77.0	77.3533333333	18.4774228602
scaffold17265_3_TIGR01900:26049:26265:+	161	40.0	38.9259259259	7.78317713822
scaffold17265_3_TIGR01316:19067:19202:-	97	32.0	33.8444444444	5.40351965772
scaffold45138_1_TIGR01900:236:1277:+	160	11.0	10.8453410183	3.41327294314
scaffold2571_6_TIGR03906:5:770:+	75	7.0	6.77777777778	1.7385375201
scaffold20174_10_TIGR01962:4:253:+	57	12.0	12.7550200803	3.24752375538
scaffold11604_8_TIGR00880:2887:3292:-	110	17.0	17.3382716049	3.58138423826
scaffold21207_5_TIGR00880:1319:1739:+	79	12.0	11.7428571429	4.2723442242
scaffold6169_68_TIGR03992:3767:4301:+	167	21.0	20.8314606742	5.91747736082
scaffold30819_15_TIGR00914:1:859:-	99	8.0	8.36013986014	2.91321976474
scaffold30819_16_TIGR00914:38:965:-	116	8.0	8.55124056095	2.64377636671
scaffold28698_5_TIGR02627:1967:2261:+	48	8.0	8.99319727891	3.3836272423
scaffold28698_2_TIGR03992:3960:4329:+	69	10.0	11.2195121951	2.76996057821
scaffold2568_4_TIGR02214:19:640:+	74	7.0	7.92753623188	2.46186342972
scaffold6473_2_TIGR00914:3:1701:+	324	13.0	13.3392226148	2.8906868627
scaffold6473_9_TIGR00914:16:1003:+	159	11.0	10.9392097264	2.58323497219
scaffold6473_8_TIGR00914:4:823:+	145	11.0	12.0549450549	4.21847316448
C744638_1_TIGR00914:4:163:+	84	29.0	27.7735849057	7.15412053348
scaffold9962_8_TIGR02214:14:701:+	71	7.0	7.12518195051	3.14964805969
scaffold9962_7_TIGR02214:34:538:+	97	11.0	12.7638888889	6.5169045715
