scaffold30890_1_1_TIGR00880:30:384:-	342	77.5	80.5593220339	20.0641101172
scaffold34187_2_TIGR03992:7179:8277:+	613	46.0	46.4963570128	6.71895379493
scaffold6257_4_TIGR00005:415:898:-	117	15.0	15.1552795031	2.8471605256
C1046922_1_TIGR02712:3:1095:+	637	42.0	45.2289377289	13.7743711944
scaffold6315_5_TIGR00914:27:555:+	64	11.0	11.2954545455	1.68993740409
scaffold15556_1_TIGR02627:4:604:+	167	16.0	17.8433333333	6.63240445758
scaffold14668_3_TIGR03131:150:663:+	380	29.0	40.4678362573	24.6839562963
scaffold8474_2_TIGR00880:770:1184:+	287	42.0	41.5966183575	5.21462901022
scaffold2397_5_TIGR00914:2672:4331:-	712	30.0	29.7751657625	7.33431154756
scaffold27933_1_TIGR00914:3:1458:-	2088	124.0	125.127147766	17.5875127066
scaffold11963_4_TIGR01316:4811:5132:-	172	28.0	31.0498442368	8.93437522849
scaffold1010_20_TIGR00880:2815:2998:-	61	17.0	16.4808743169	4.25658157061
scaffold5965_1_TIGR00914:1934:3056:-	828	74.0	74.2727272727	7.65549128083
scaffold8599_1_TIGR00914:9516:10068:+	463	41.0	45.0996376812	15.8084961522
scaffold510_3_1_TIGR00005:1515:2409:+	362	19.0	23.0548098434	12.9351468861
scaffold21966_3_TIGR02712:127:424:+	77	14.0	14.468013468	4.56894292895
scaffold13717_1_TIGR02195:2838:3363:+	421	45.0	48.5066666667	15.3396608062
scaffold3052_13_TIGR00914:8480:9611:-	485	18.0	25.2519893899	19.1823393353
scaffold29174_2_TIGR02214:8:1157:+	259	15.0	15.7197563098	5.5596896755
scaffold7062_5_TIGR00092:2:518:-	210	14.0	18.2965116279	13.5710614456
scaffold729_7_TIGR02712:32014:32926:-	391	29.0	28.6798245614	4.41792957432
scaffold729_7_TIGR03131:2165:3050:-	333	22.0	23.1649717514	5.30940048158
scaffold148_19_TIGR02214:2488:2944:-	349	51.0	50.9649122807	5.95661187189
scaffold148_14_TIGR02195:1132:1975:-	504	40.0	40.3357058126	7.00719806621
scaffold148_11_TIGR03992:917:1694:-	474	39.0	39.8918918919	8.45846228308
scaffold15496_4_TIGR00087:3:312:-	43	8.0	8.97087378641	2.8731194013
scaffold32973_1_TIGR02712:3:747:+	1519	127.0	126.502688172	43.42751337
scaffold13192_4_1_TIGR00741:298:589:+	55	7.0	8.29896907216	3.31143478144
scaffold4932_1_TIGR02214:2992:4147:+	1128	62.0	65.4614718615	17.6761397986
scaffold22981_3_TIGR00152:221:584:-	35	6.0	6.22038567493	1.93586502757
scaffold4935_1_TIGR00914:46:799:+	141	12.0	11.9774236388	2.86773881288
scaffold7831_5_TIGR00090:698:941:-	84	16.0	19.0617283951	8.61954761736
scaffold548_6_TIGR00914:4:511:+	218	25.0	26.8481262327	15.1390208438
C1014166_1_TIGR00914:2:608:-	935	107.0	106.089108911	12.453689005
scaffold18754_3_TIGR00914:1315:3019:+	769	31.0	31.5011737089	8.24784783611
scaffold31944_2_TIGR02214:1276:3043:+	1766	66.0	68.1658177702	14.3171770738
scaffold6898_24_TIGR00880:4376:4808:-	113	22.0	22.4467592593	2.7608269456
scaffold10274_1_TIGR01316:932:1271:+	370	97.0	97.5191740413	7.52863273259
scaffold6658_1_TIGR03992:155:629:-	123	14.0	14.529535865	3.25306946837
scaffold442_2_TIGR01900:654:1725:-	217	13.0	13.2521008403	2.48842939098
scaffold28284_8_TIGR00152:450:987:-	134	21.0	20.6945996276	4.32262988501
scaffold8779_4_TIGR02214:14103:14466:-	135	23.0	22.5674931129	4.33103236814
scaffold2824_3_TIGR03906:25:454:+	65	7.0	9.4358974359	6.69646380249
scaffold82_1_TIGR00092:764:1052:-	330	95.5	96.6909722222	11.1631674442
scaffold2283_2_TIGR00914:1:481:-	207	23.0	24.4458333333	13.9515972552
scaffold17736_10_TIGR03992:347:1424:-	345	21.0	21.2748375116	5.20968387065
scaffold9311_6_TIGR00914:13:1333:-	375	18.0	18.478030303	5.48795947057
scaffold9311_5_TIGR00914:1793:3044:-	463	18.0	22.3261390887	14.1606895347
scaffold26_4_TIGR02712:9245:10601:-	1263	90.0	94.034660767	18.2420098269
scaffold26_4_TIGR00698:4752:5157:+	443	102.0	100.562962963	8.279626109
scaffold5876_5_TIGR00914:8531:9110:+	449	86.0	86.6459412781	8.32649992318
scaffold17671_1_TIGR00914:83:524:-	58	9.0	9.0589569161	3.64416942445
scaffold12336_2_TIGR02214:2:557:-	48	6.0	6.34594594595	2.36017192013
scaffold32984_2_TIGR00914:2:698:-	172	17.0	16.3189655172	3.59421423142
scaffold9043_1_TIGR01020:493:814:+	126	37.0	38.7445482866	7.87896227957
scaffold24581_1_TIGR00914:3037:4936:+	1518	55.0	55.1421800948	8.59692474053
scaffold14708_1_TIGR00914:21:1089:+	1940	115.0	120.543071161	28.6698731776
scaffold3005_3_TIGR00880:469:886:+	172	26.0	25.0431654676	4.95089145416
scaffold19885_3_TIGR03906:1599:2733:+	601	30.0	33.0105820106	11.1061049443
scaffold36238_1_TIGR01800:33:1251:+	959	53.0	53.6724137931	9.32061177507
scaffold25897_1_TIGR01981:3:408:+	300	41.0	43.4024691358	21.6304196823
scaffold16551_1_TIGR03992:5584:6331:+	577	75.0	75.9397590361	7.29253796576
scaffold6273_6_TIGR00880:605:1010:+	429	86.0	90.4148148148	13.4847248846
scaffold34625_1_TIGR03992:749:1142:+	585	108.0	105.002544529	31.6839914088
scaffold16498_3_TIGR03992:214:652:-	88	11.0	12.4292237443	4.2831585708
scaffold7009_2_TIGR00092:263:677:+	135	22.0	21.7874396135	5.62544570129
scaffold54_1_TIGR00914:3750:6852:+	1852	34.0	38.8165699549	16.5608954662
scaffold159_13_TIGR01316:3:477:-	215	27.0	28.8607594937	8.24119657223
scaffold159_12_TIGR01316:3862:4678:-	306	56.0	55.6666666667	6.30275124074
scaffold520_21_TIGR02214:1581:2829:-	536	34.0	34.0072115385	5.61455119962
scaffold526_3_TIGR02627:2770:3046:-	188	38.0	39.1594202899	6.53779023166
scaffold22934_2_TIGR00914:150:873:+	220	14.0	17.8019390582	8.80338304442
scaffold8955_3_TIGR01962:10971:11205:-	272	54.0	60.047008547	10.6302428806
scaffold8955_3_TIGR01957:12635:13067:-	560	65.0	74.0555555556	26.4270776307
scaffold591_2_TIGR00090:437:737:+	93	15.0	16.2566666667	5.1059562169
scaffold591_5_TIGR00087:985:1372:-	84	14.0	13.6098191214	2.76284067542
scaffold632_18_TIGR00090:1312:1450:+	29	13.5	12.5144927536	3.00539492509
scaffold632_16_TIGR00092:259:706:+	70	9.0	9.76957494407	2.66859531175
scaffold5434_6_TIGR00342:487:709:-	38	10.0	9.92792792793	3.03496652908
scaffold251_1_TIGR02252:1482:2079:+	364	35.0	34.4137353434	10.1798572231
scaffold33252_1_TIGR03906:5214:5598:-	94	14.0	15.0651041667	3.27767559115
scaffold30391_2_TIGR00092:170:377:+	61	13.0	13.1449275362	2.66635158819
scaffold12804_1_TIGR00092:367:886:+	111	14.0	13.6853281853	4.49274586782
scaffold3598_24_TIGR02214:9342:9702:+	88	16.0	16.0194444444	4.42808708665
scaffold507_6_TIGR03992:13613:14348:+	284	41.0	40.3782312925	4.31716266433
scaffold507_7_TIGR02712:3:1173:-	471	26.0	26.7521367521	8.73680297383
scaffold9333_1_TIGR00880:7193:7598:+	270	42.0	42.0345679012	8.09961377671
scaffold30796_1_TIGR02712:5204:6191:+	614	70.0	75.1803444782	13.563012859
scaffold27611_1_TIGR03992:7171:7732:-	222	25.0	24.6506238859	6.82549512828
scaffold33934_2_TIGR00914:3:606:+	321	20.0	32.5986733002	27.1747272765
scaffold33934_1_TIGR00914:14:1214:+	712	35.0	39.455	18.6627429656
scaffold22365_1_TIGR00880:81:495:-	445	93.0	90.7922705314	9.16806778036
scaffold117_1_TIGR01020:198:660:-	1339	198.0	194.755411255	35.7613954675
scaffold55_8_TIGR02712:5401:5728:+	489	42.0	62.7645259939	53.79525315
scaffold55_5_TIGR03906:15369:16485:+	632	37.0	38.3888888889	9.24396646304
scaffold717_5_TIGR02214:152:2090:+	1113	44.0	44.3204334365	6.17503591429
scaffold30921_3_TIGR02712:2976:3294:-	154	29.0	27.9905660377	4.85415328169
scaffold22261_3_TIGR00914:4289:5297:-	227	15.0	15.0277777778	3.22859591303
scaffold9877_2_TIGR02214:41234:43016:+	935	35.0	36.2665544332	11.6856600239
scaffold2451_11_TIGR00698:1494:2127:-	224	24.0	24.4044233807	5.80821279603
scaffold13734_2_TIGR02252:4146:4743:+	415	67.0	68.1273031826	12.0651723367
scaffold10632_16_TIGR01957:33442:33874:-	318	42.0	52.2569444444	25.211442837
scaffold10632_16_TIGR01962:31798:32032:-	192	48.0	47.2393162393	12.797001233
scaffold10632_14_TIGR00090:7610:7868:-	163	40.0	38.980620155	6.81053194338
scaffold10632_14_TIGR00087:1834:2539:+	392	35.0	35.7716312057	7.67497846917
scaffold382_1_TIGR00092:37025:37304:+	159	49.0	48.9749103943	6.24781664308
scaffold382_1_TIGR00880:20227:20566:-	243	60.0	58.7492625369	6.54588688791
scaffold382_6_TIGR00914:1654:4732:-	1521	32.0	33.9444444444	9.20648802217
scaffold11556_4_TIGR03131:2:509:-	568	48.0	66.7179487179	38.1206086271
scaffold11556_3_TIGR03131:2295:2613:-	188	31.0	41.3490566038	25.6549586167
scaffold3874_6_1_TIGR02712:1430:1838:-	134	18.0	20.4289215686	9.39100773549
scaffold2190_6_TIGR03992:3819:4467:+	173	18.0	17.5077160494	2.53614653126
scaffold47_1_TIGR00092:534:918:+	341	55.5	54.3463541667	9.43024485143
scaffold4798_4_2_TIGR02214:503:1067:+	107	12.0	12.4663120567	2.47410702032
scaffold5941_7_TIGR00880:401:740:-	53	9.0	10.0265486726	2.33023038219
scaffold112_2_TIGR01316:1:925:-	662	56.5	56.8636363636	7.15829206015
scaffold29895_2_TIGR01316:485:1046:+	239	41.0	41.0249554367	7.83493372629
scaffold520_3_TIGR01020:5905:6376:-	172	22.0	22.0382165605	5.60999110662
scaffold19155_2_1_TIGR00914:329:713:+	48	8.0	7.984375	1.81709636308
scaffold9542_2_TIGR00914:2718:4287:+	1874	82.0	81.9145952836	13.9839787179
scaffold4076_2_TIGR00914:111:663:-	94	11.0	10.3025362319	2.89942412113
scaffold4076_3_TIGR00914:2:1145:-	188	11.0	11.498687664	2.94804056276
scaffold14386_2_TIGR00914:2055:3147:+	512	22.0	27.6565934066	14.5406535861
scaffold20975_4_TIGR02712:1:295:-	55	12.0	11.7619047619	1.9668453741
scaffold21940_1_2_TIGR01800:4301:5456:+	583	33.0	34.0311688312	6.94149190659
scaffold1042_1_TIGR02627:5:1202:+	1312	91.0	95.3776106934	20.6814022971
scaffold3301_19_TIGR01020:8596:9073:+	132	22.0	22.5241090147	3.04507463818
scaffold11469_5_TIGR01316:22:646:+	102	10.0	10.4679487179	2.57681942641
scaffold11469_4_TIGR01316:1283:1733:+	61	9.0	9.94	3.59857379156
scaffold8145_4_TIGR00880:4483:4786:-	143	35.0	32.4323432343	6.57737973757
scaffold8594_3_TIGR00005:5:206:+	37	11.0	10.4776119403	1.571115606
scaffold8594_2_TIGR00005:188:596:+	52	11.0	11.7647058824	2.08954667468
scaffold18350_3_TIGR00741:275:476:+	33	14.0	13.8109452736	2.45437564423
scaffold4911_3_TIGR03131:1:319:-	60	13.0	13.2201257862	2.61020686123
scaffold2431_4_TIGR00914:3:681:-	272	10.0	19.2522123894	21.2756827857
scaffold3498_3_TIGR03992:4:250:+	25	6.0	6.54471544715	1.46366303222
scaffold21004_2_TIGR02214:1000:1222:-	99	25.0	31.1441441441	12.156521882
scaffold34650_1_TIGR01020:305:674:+	747	81.0	99.1219512195	80.3633265905
scaffold14310_3_TIGR00914:1:802:-	132	10.0	11.2234706617	3.74948997806
scaffold28089_1_TIGR02214:8:1091:+	1889	118.0	118.938134811	19.2004264494
scaffold16765_1_TIGR00741:324:618:-	436	104.0	122.19047619	37.9603863219
scaffold14585_1_TIGR00914:3:693:-	120	11.0	10.8289855072	3.96685913974
scaffold1977_6_TIGR03131:8164:9130:+	257	17.0	17.0093167702	4.88320272888
scaffold520_8_TIGR03992:10029:10800:+	332	29.0	29.326848249	4.59397256963
scaffold520_6_TIGR00342:4330:5452:-	418	32.0	31.4010695187	5.40049501895
scaffold5011_5_TIGR03992:656:1349:-	88	7.0	7.83982683983	3.20020309132
scaffold915_9_TIGR00087:549:1218:+	220	17.0	19.1016442451	8.70416358211
scaffold9874_5_TIGR00005:3:201:+	37	11.0	10.8535353535	2.34494139107
scaffold9874_4_TIGR00005:444:672:+	46	14.0	13.0833333333	3.20595434697
scaffold20485_2_TIGR00914:5:605:+	1107	124.0	124.908333333	25.3503437956
scaffold5159_5_TIGR03992:2587:2704:-	70	29.0	28.905982906	2.40719330122
scaffold25383_4_TIGR00914:10:3112:-	2688	101.0	103.397485493	15.1282812554
scaffold30165_1_TIGR00914:126:1173:+	1110	50.0	66.3514804202	37.3370596347
scaffold12582_7_TIGR00914:718:1522:+	302	19.0	22.4092039801	12.7975224928
scaffold3914_1_TIGR03906:318:990:+	831	79.0	80.9196428571	8.92208842016
scaffold7195_3_TIGR03992:17:1007:+	206	13.0	13.7	2.72027553566
scaffold28363_3_TIGR00005:761:1013:-	40	9.0	9.69841269841	4.37574454666
scaffold35882_1_TIGR01316:5:665:+	939	109.0	105.895454545	10.4889397999
scaffold15986_1_TIGR00880:1881:2286:+	124	30.0	29.0864197531	5.52524516157
scaffold9877_1_TIGR00005:12519:13170:+	577	78.0	88.1950844854	27.9975921795
scaffold2623_2_TIGR00914:803:1190:+	181	26.0	26.2687338501	12.9317480527
scaffold1236_8_TIGR01316:29003:30410:-	631	30.0	30.6226012793	7.66287727862
scaffold1236_8_TIGR03906:16303:17659:-	529	25.0	26.2042772861	6.71789399283
C1010658_1_TIGR00914:21:585:+	206	23.0	23.6932624113	6.39258413397
scaffold3061_10_TIGR02627:3:615:+	127	14.0	13.8692810458	3.03453501398
scaffold2479_8_TIGR00005:1497:1974:+	125	15.0	16.8909853249	4.81139702967
scaffold22266_1_TIGR00914:996:1998:+	740	45.0	51.750499002	18.2852651855
scaffold131_1_TIGR01981:2373:3225:+	824	100.0	113.04342723	35.6016924941
scaffold1044_9_TIGR00880:502:904:+	102	13.0	15.4925373134	5.89005351232
scaffold1044_4_TIGR00914:53:1100:+	253	15.0	15.9465138491	6.58157283841
scaffold3227_7_TIGR02195:112:727:-	131	21.0	21.2552845528	3.46713262782
scaffold35459_1_TIGR01981:328:538:-	30	8.0	8.57142857143	2.19244218193
scaffold12225_5_TIGR00741:164:239:-	24	12.0	11.5733333333	1.03503086374
scaffold4615_16_TIGR00090:701:995:+	43	9.0	9.41496598639	1.70371158419
scaffold7151_5_TIGR00880:2:263:-	61	15.0	15.0536398467	2.94603379207
scaffold8695_4_TIGR00914:70:868:-	553	45.0	46.7080200501	8.41699622212
scaffold8695_3_TIGR00914:10053:12177:-	1207	41.0	40.1718455744	9.7623907544
scaffold22088_4_TIGR02214:1:160:-	26	8.0	9.29559748428	2.16185763097
scaffold22088_5_TIGR02214:358:1402:-	142	10.0	9.7346743295	2.81135914099
scaffold22088_6_TIGR02214:2:815:-	116	9.0	9.68511685117	2.50150997792
scaffold285_16_TIGR01900:6272:7064:+	215	16.0	16.1287878788	5.65471820029
scaffold5101_2_TIGR00005:5:533:-	128	17.0	16.6041666667	4.15428558232
scaffold113_1_TIGR00092:3:258:+	543	131.0	135.937254902	18.2910024038
scaffold24554_2_TIGR02214:31:1129:-	495	32.0	32.0227686703	8.05550139451
scaffold14032_4_TIGR00092:3400:3553:-	55	18.0	17.7254901961	3.30425610688
scaffold14032_4_TIGR02214:52:904:-	170	14.0	12.7464788732	3.99254578859
scaffold522_2_TIGR00092:20745:21840:-	414	60.0	59.9515981735	6.8372091494
scaffold5625_5_TIGR03992:2532:3297:+	217	17.0	17.9464052288	5.19033826071
scaffold16471_1_2_TIGR00880:2:308:-	82	16.0	16.7549019608	3.63201885156
scaffold13662_4_TIGR03992:3074:3902:+	244	20.0	19.3937198068	4.64976849237
scaffold5993_9_TIGR00914:306:966:-	169	18.0	17.8151515152	3.62011394531
scaffold5993_7_TIGR00914:592:3019:-	587	20.0	20.0164812526	4.37787356921
scaffold2798_3_TIGR00914:968:1256:+	38	9.0	9.03135888502	2.36312980473
scaffold2798_2_TIGR00914:375:915:+	93	14.0	14.087037037	3.55926263152
scaffold2798_4_TIGR00914:32:1145:+	223	13.0	14.004492363	4.4752466378
scaffold359_6_TIGR00880:1915:2227:+	70	25.0	24.7628205128	2.86694731666
scaffold4897_1_TIGR00005:3:498:+	562	87.0	87.3898989899	11.757288691
scaffold4166_4_TIGR02214:1713:2532:-	169	14.0	13.4139194139	4.03868372135
scaffold678_54_TIGR03992:3:516:+	144	14.0	16.6374269006	9.24335928356
scaffold4569_5_TIGR02627:33085:34438:-	574	29.0	29.1271249076	4.25899634901
scaffold4569_8_TIGR02712:7453:8743:-	485	33.0	32.7124031008	5.16490103993
scaffold4569_8_TIGR03131:11988:12915:-	356	33.0	33.2437971953	4.17250747046
scaffold224_2_TIGR03992:47198:47771:+	224	25.0	25.3420593368	3.98753650981
scaffold224_2_TIGR01316:12489:12720:+	124	29.0	29.4155844156	4.3842022065
scaffold587_1_TIGR01316:8199:9360:+	1297	75.0	76.6571920758	13.4169074062
scaffold21519_2_TIGR00005:724:1267:+	798	103.0	96.6482504604	17.8861663387
scaffold1109_2_TIGR00914:20294:20552:-	240	43.0	46.6976744186	11.098994054
scaffold15511_11_TIGR00914:656:3125:-	991	20.0	24.8392061563	14.3549456741
scaffold7507_4_TIGR01981:272:512:+	38	9.0	9.56666666667	2.72253966403
scaffold25255_2_TIGR03992:3758:4310:-	403	61.0	60.7065217391	6.07508223266
scaffold16850_3_TIGR01020:94:460:-	108	12.0	15.4234972678	9.57674750044
scaffold2845_10_TIGR02252:437:884:-	110	14.0	16.0850111857	5.03294950348
scaffold1831_4_TIGR02214:4955:5654:-	280	27.0	26.791130186	5.58373698801
scaffold33146_1_TIGR00152:1110:1659:+	292	28.0	29.5555555556	10.7116159779
scaffold17499_1_TIGR00087:540:1245:-	728	66.0	66.4907801418	9.43136385758
scaffold34312_2_TIGR00914:218:872:+	894	93.0	90.8608562691	15.0943180431
scaffold15124_3_TIGR02252:4:511:-	165	27.0	26.7317554241	3.7357272732
scaffold9033_1_TIGR00914:1069:1396:-	430	60.0	66.25382263	19.1411889745
scaffold11510_2_TIGR03992:6372:7029:-	731	105.0	103.779299848	9.28321495362
scaffold9276_3_TIGR02712:3852:4386:-	391	38.0	45.6985018727	17.3642654066
scaffold4808_3_TIGR02627:8:1169:+	708	34.0	37.7054263566	13.9492514383
scaffold4026_1_TIGR02712:1241:2303:-	1013	45.0	55.6770244821	27.4106014688
scaffold5041_4_1_TIGR00005:521:815:+	48	9.0	9.42517006803	2.689013767
scaffold7272_7_TIGR01020:1625:2090:-	381	68.0	68.1806451613	5.61159050278
scaffold3061_9_TIGR02627:1604:1892:+	59	17.0	14.9407665505	4.35849646076
scaffold2109_6_TIGR03906:2243:3611:-	435	22.0	22.1776315789	4.74232494169
scaffold2109_4_TIGR00005:8851:9334:+	188	25.0	25.0476190476	5.52350609576
scaffold2109_2_TIGR00090:8740:9034:+	104	21.0	20.2380952381	2.67854497341
scaffold8254_1_TIGR00880:1791:2211:+	157	22.0	22.2714285714	3.32560669111
scaffold33956_1_TIGR03992:87:471:+	105	16.0	16.5208333333	1.93099265635
scaffold173_1_TIGR00152:4357:4909:+	382	43.0	43.7608695652	6.3137236628
scaffold7019_10_TIGR03131:1619:2513:-	646	55.0	55.1890380313	6.35886639651
scaffold7019_12_TIGR00092:784:1876:-	757	49.0	48.1776556777	8.06132259475
scaffold3273_2_TIGR00914:1364:2261:+	1577	130.0	129.214046823	16.5486648651
scaffold3273_3_TIGR00914:3:855:+	1603	132.0	127.761737089	19.8567236703
scaffold29831_4_TIGR00090:4928:5222:+	66	12.0	12.1020408163	1.86348621382
scaffold29831_4_TIGR00092:2518:2908:+	102	16.0	15.8538461538	2.60111870941
scaffold5924_1_TIGR03992:3168:3930:-	717	61.0	61.7244094488	9.78389364121
scaffold34776_1_TIGR02712:493:1444:-	221	15.0	15.3459516299	3.33719785138
scaffold7756_10_TIGR00092:6884:7682:-	379	18.0	28.686716792	21.6938044584
scaffold7756_12_TIGR00092:3:138:-	193	43.0	52.3407407407	34.8302046363
scaffold11777_1_TIGR00914:3:2199:-	2661	81.0	86.6662112933	24.4349656609
scaffold3560_8_1_TIGR00914:6679:9730:+	2241	53.0	52.8197312357	8.16036524052
scaffold2109_14_TIGR00005:2453:3278:-	293	24.0	23.736969697	5.16420341174
scaffold8652_2_TIGR01316:1817:3152:+	495	25.0	25.0883895131	5.35675358933
scaffold436_2_TIGR02252:1:592:-	194	22.0	21.5143824027	4.33098226268
scaffold36230_1_TIGR00914:2732:3026:+	170	26.0	31.0952380952	10.5947832968
scaffold35365_1_TIGR00005:962:1778:-	774	52.0	56.8394607843	25.9223002206
scaffold29216_2_TIGR03906:3:219:+	26	7.0	7.11574074074	2.12143653448
scaffold41_2_TIGR00880:3460:3874:-	177	22.0	25.8913043478	7.76529326285
scaffold41_2_TIGR00005:1605:2454:+	392	31.0	31.3297997644	5.87378597495
scaffold1129_3_TIGR01962:555:735:+	76	22.0	24.3407821229	10.5497523841
scaffold11663_2_TIGR00914:29:581:+	157	9.5	15.8061594203	13.9571198299
scaffold1561_1_TIGR00914:1406:4526:-	2488	113.0	114.591987179	13.7849509137
scaffold729_8_TIGR01316:11880:13281:+	530	25.0	25.7201998572	5.32259257132
scaffold729_6_TIGR02712:37802:39146:-	395	34.0	33.5364583333	3.96714684922
scaffold34992_2_TIGR00005:1289:2144:+	244	19.0	19.1403508772	3.48214457928
scaffold34992_2_TIGR02627:105:639:-	160	19.0	18.4232209738	4.3370091137
scaffold12296_3_TIGR00005:3:525:+	68	8.0	8.74137931034	3.15259614688
scaffold23107_3_TIGR00880:2012:2375:+	79	13.0	13.3691460055	4.25707462874
scaffold224_12_TIGR00342:10482:11604:+	419	26.0	25.7370766488	4.12239628964
scaffold12696_2_TIGR02252:9175:9565:+	379	72.0	73.7358974359	9.43449717871
scaffold18289_2_TIGR00914:148:802:-	74	8.0	7.93119266055	2.25170804001
scaffold16015_5_TIGR00090:2064:2355:+	91	18.0	17.7491408935	2.14963217922
scaffold12027_1_TIGR01316:1374:2709:-	1284	75.0	78.5962546816	15.2307441216
scaffold3754_1_TIGR00741:257:548:-	647	94.0	107.721649485	52.7883166031
scaffold30605_1_TIGR00914:54:1131:+	1249	132.0	134.059424327	13.3241215919
scaffold18024_1_TIGR00914:66:3177:-	2899	46.0	58.8903889425	37.0103568373
scaffold1236_2_TIGR03992:548:1286:-	244	22.0	22.1869918699	4.73472370538
scaffold12221_3_TIGR01316:1405:1522:+	98	24.0	29.4188034188	10.0929350904
scaffold14242_3_TIGR00914:1452:1761:-	76	13.0	12.8705501618	2.57874182617
scaffold14242_4_TIGR00914:223:850:-	154	13.0	15.9027113238	11.1500613562
C1035888_1_TIGR00914:5:854:+	1373	150.0	150.25795053	15.9746010431
scaffold36262_1_TIGR00880:154:565:-	131	19.0	18.7493917275	4.68761046207
scaffold20580_2_TIGR00914:3:543:-	70	9.0	9.21111111111	3.84946685422
scaffold2800_24_TIGR00092:3769:4861:-	224	14.0	13.7747252747	4.09285341789
scaffold2800_22_TIGR01800:1554:2778:+	272	15.0	14.7679738562	4.10325319039
scaffold339_4_TIGR02252:2156:2468:-	113	21.0	21.3108974359	2.22949556552
scaffold339_2_TIGR01981:19665:20481:-	269	20.0	21.0196078431	6.32839909774
scaffold31493_1_TIGR00914:161:530:-	1103	189.0	182.243902439	41.8475115668
scaffold12974_1_TIGR00914:3577:6706:-	2682	59.0	59.6465324385	13.4627199102
scaffold3081_3_TIGR01020:889:1363:-	1300	243.0	237.797468354	39.3506511873
scaffold3275_1_TIGR00005:32615:33257:-	268	40.0	38.9906542056	5.86344395057
scaffold2461_4_TIGR02712:392:623:-	55	14.0	14.4761904762	5.28070040269
scaffold6498_1_TIGR02252:2191:2794:+	797	87.0	84.1243781095	20.0841377656
scaffold2340_9_TIGR02712:4397:5336:-	549	31.0	35.7358892439	14.5002111744
scaffold2340_9_TIGR01316:17379:18552:+	436	24.0	25.1670929241	6.66231207655
scaffold5898_2_TIGR03992:2079:2838:-	446	33.0	35.2911725955	12.6863786806
scaffold3125_6_TIGR03992:2449:2827:+	73	11.0	11.1560846561	2.94741883549
scaffold3125_3_TIGR03992:97:697:+	164	17.0	17.45	5.66634803026
scaffold93_2_TIGR00698:3:894:-	738	76.0	77.5701459035	7.50475837687
scaffold2283_12_TIGR00880:3299:3599:-	87	16.0	17.0466666667	3.38297042389
C1020934_1_TIGR01900:105:651:-	312	36.0	36.7435897436	5.73372877993
scaffold9517_1_TIGR03992:4852:5602:+	313	29.0	28.4973333333	5.3669972569
scaffold6945_10_TIGR03906:6455:6749:+	80	15.0	15.9557823129	4.52221469509
scaffold2283_1_TIGR00914:3:2235:-	479	16.0	16.5564516129	5.51004650602
scaffold21534_1_TIGR00914:4:1069:+	258	14.0	15.323943662	8.03321972744
scaffold13764_3_TIGR00914:4:337:+	145	52.0	52.6276276276	9.37920289387
scaffold15052_5_TIGR02214:488:1403:+	175	13.0	12.5715846995	2.62190461831
scaffold30321_3_TIGR00914:222:1221:-	174	12.0	11.8148148148	4.02553669545
scaffold30321_2_TIGR00914:1023:1674:-	136	10.0	13.6513056836	10.8188438887
scaffold1898_6_TIGR01957:438:732:+	73	14.0	15.3197278912	8.5944028571
scaffold26687_1_TIGR03992:1486:2245:+	387	182.0	183.250329381	8.30261300025
scaffold29979_1_TIGR01316:6875:7907:+	503	32.0	31.7761627907	4.48525724598
scaffold29557_4_TIGR00914:155:590:-	68	8.0	9.55862068966	3.52699121958
scaffold8239_1_TIGR00092:3:1044:+	1324	115.0	121.325648415	24.7594499214
scaffold9311_7_TIGR00914:50:434:-	186	33.0	39.40625	22.1737119717
scaffold1283_3_TIGR00914:5:668:-	119	12.0	12.1010558069	3.88022586088
scaffold1283_2_TIGR00914:132:708:-	104	12.0	12.3559027778	2.15785062594
scaffold15188_3_TIGR03992:210:729:+	68	9.0	8.81502890173	2.26740443673
scaffold625_7_TIGR01316:4:580:+	154	18.0	17.3003472222	3.86738497516
scaffold625_6_TIGR01316:4121:4856:+	160	14.0	14.062585034	4.65242546478
scaffold10712_2_2_TIGR01316:4:961:+	207	19.0	18.8599791014	3.68130031312
scaffold19826_1_TIGR00914:3124:4735:+	2241	88.0	92.922408442	24.6274702549
scaffold23674_8_TIGR01900:2795:3251:-	111	16.0	15.5548245614	4.2793438447
scaffold23674_3_TIGR00005:2254:2662:+	110	16.0	16.1348039216	4.67250661838
scaffold15802_4_TIGR00342:3032:3872:+	201	17.0	16.2252681764	3.28438068946
scaffold15802_5_TIGR00342:4:211:+	58	17.0	16.7971014493	3.89690714775
scaffold34879_1_TIGR03992:578:1352:-	1088	175.0	178.471576227	13.6120517109
scaffold31575_2_TIGR00005:172:700:+	48	7.0	6.47727272727	1.8287100483
scaffold13017_5_TIGR00005:2625:3468:-	323	27.0	27.0771055753	5.37910241111
scaffold6898_1_1_TIGR01957:2:281:-	235	53.0	46.8458781362	27.6473162516
scaffold7821_3_TIGR03906:63:555:-	527	115.0	114.550813008	9.34585357331
scaffold3530_7_TIGR03992:4889:5564:-	165	15.0	15.8785185185	3.44824990899
scaffold10678_2_1_TIGR02214:15:825:-	102	8.0	8.35308641975	1.9854462085
scaffold8734_4_2_TIGR03992:26137:26926:-	395	31.0	31.9936628644	9.90301309362
scaffold1019_26_TIGR02214:8:563:+	123	14.0	14.4936936937	3.28817919108
scaffold1019_21_TIGR03992:3175:3943:-	207	17.0	17.4166666667	4.57015149883
scaffold6152_2_TIGR00005:971:1640:+	486	20.0	33.0538116592	23.2791618482
scaffold6152_8_TIGR02214:385:2164:+	515	19.0	19.9325463744	5.63983191981
scaffold16857_2_TIGR01800:239:659:+	55	8.0	8.1380952381	2.68150210045
scaffold207_3_TIGR03906:7126:7453:+	216	58.0	57.9388379205	6.63527243147
scaffold3658_1_TIGR00005:3049:3898:-	518	35.0	37.5053003534	16.7529061926
scaffold2405_1_TIGR00880:1243:1672:+	114	16.0	16.8438228438	4.15170819747
scaffold6336_16_TIGR02214:376:1183:-	152	13.0	12.4200743494	3.50439532752
scaffold34159_2_TIGR01316:216:510:+	50	10.0	10.2210884354	2.6384321074
scaffold3838_1_TIGR00005:1:361:-	113	22.0	21.0222222222	4.22026270319
scaffold1743_1_TIGR03992:218:755:+	337	60.0	59.8119180633	3.82825030763
scaffold1743_1_TIGR02195:4912:5941:+	487	51.0	51.9630709427	4.89387835768
scaffold5351_1_TIGR02252:868:1465:-	649	65.0	67.135678392	11.5343787384
scaffold132_10_TIGR00880:4754:5147:-	304	49.0	48.8498727735	6.99293400069
scaffold6170_1_TIGR00914:161:992:-	182	14.0	13.8592057762	2.66061144855
scaffold2858_4_TIGR00005:3:711:-	638	73.0	77.3177966102	20.3120255968
scaffold18004_5_TIGR03992:1329:2181:-	241	18.0	18.9213615023	4.34564851974
scaffold18004_4_TIGR03992:926:1994:-	290	18.0	18.3679775281	4.9448631114
scaffold14645_1_TIGR01316:17:539:-	78	9.0	9.66666666667	2.75639277851
scaffold4798_5_TIGR02214:518:1553:+	194	12.0	13.0946859903	3.70255438304
scaffold285_30_2_TIGR01981:33904:34612:-	271	20.0	24.8107344633	14.9669427839
scaffold25689_2_TIGR00005:7:613:-	120	10.0	11.7508250825	5.89391566732
scaffold2040_1_TIGR02214:9383:10688:+	466	24.0	24.3356321839	5.38302946393
scaffold2040_5_TIGR00090:6392:6686:-	147	30.0	31.0544217687	5.31943211245
scaffold2040_5_TIGR00092:9018:9405:-	154	24.0	24.5452196382	4.21635754492
scaffold2040_5_TIGR00005:19971:20871:-	308	21.0	21.7477777778	4.85337746724
scaffold2040_4_TIGR00005:24303:25179:+	373	28.0	28.3287671233	4.11136567381
scaffold2040_4_TIGR02214:14598:15615:+	371	24.0	25.01179941	7.09049930127
scaffold2040_9_TIGR00152:5706:6273:-	240	36.0	36.6437389771	5.63718369297
scaffold520_11_TIGR02214:15709:16714:-	406	27.0	27.4616915423	6.24107522982
scaffold375_4_TIGR02195:105:624:+	368	44.0	45.5394990366	9.44295725675
scaffold375_2_TIGR02195:6026:6563:+	421	58.0	57.2662942272	5.87817348427
scaffold20910_1_TIGR02627:12519:13893:-	361	59.0	59.537845706	4.59443464545
scaffold1979_3_TIGR02214:176:410:-	36	9.0	9.25641025641	2.21746697006
scaffold5298_1_TIGR03906:659:1334:-	317	30.0	30.9718518519	4.98121882827
scaffold16605_8_TIGR00152:20:362:-	53	9.0	9.35087719298	1.91171728381
scaffold29231_1_TIGR00914:120:390:+	30	6.0	6.17037037037	1.66684772679
scaffold30616_2_TIGR00005:5:263:+	31	8.0	7.37596899225	2.49536858422
scaffold21981_2_TIGR00005:53:467:-	96	11.0	13.1425120773	6.05581761803
C1032582_1_TIGR00914:62:803:-	235	14.0	17.955465587	9.33638351675
C1001732_1_TIGR00880:79:472:+	126	20.0	19.1806615776	3.74986786128
scaffold3598_14_TIGR03906:18:894:-	169	13.0	13.0502283105	2.94310391907
scaffold3598_13_TIGR03906:632:950:-	69	13.0	13.0440251572	2.74112842749
scaffold15509_2_TIGR03992:3375:3921:+	639	68.0	74.0128205128	30.0531552974
scaffold623_5_TIGR02214:282:498:-	141	44.0	42.7592592593	7.03742688979
scaffold623_5_TIGR01900:15662:16694:-	545	43.0	42.859496124	5.05096380951
scaffold11220_1_TIGR00005:160:559:+	69	10.0	9.98496240602	2.81684414966
scaffold733_5_TIGR00092:5:380:+	40	7.0	6.31733333333	2.38060907239
scaffold343_1_TIGR03906:518:872:-	297	75.0	74.9152542373	7.52049133416
scaffold20464_1_TIGR00914:4437:7467:-	2543	96.0	96.6603960396	11.4794054009
scaffold27476_1_TIGR00914:4:1090:-	539	31.0	35.2633517495	17.0688315504
scaffold6476_4_TIGR00741:10338:10644:-	142	26.0	26.0882352941	5.03666869333
scaffold129_1_TIGR02195:4895:5915:+	1809	179.0	179.362745098	14.3312966285
scaffold238_1_TIGR00880:332:530:+	189	46.0	49.4898989899	8.7604136583
scaffold2782_1_2_TIGR02712:4137:5112:+	257	18.0	18.0051282051	4.48415722396
scaffold32615_2_TIGR02252:2979:3354:-	708	113.0	113.512	13.547122302
scaffold12575_2_2_TIGR02627:570:684:+	49	22.0	20.6754385965	6.50302981213
scaffold12575_2_1_TIGR02627:4:859:+	127	9.0	9.62807017544	3.63828349666
scaffold4392_2_TIGR00914:3:588:-	424	40.0	41.947008547	19.1942547167
scaffold7344_4_TIGR00005:925:1162:+	191	38.0	40.0	8.41537672364
scaffold21649_1_TIGR00092:1066:1138:-	49	23.5	23.6666666667	3.21022671404
scaffold21649_1_TIGR00005:15638:16145:+	195	23.0	23.4575936884	5.75671090488
scaffold1945_2_1_TIGR02627:2102:2792:+	118	11.0	11.215942029	2.3046344731
scaffold7621_1_TIGR01020:69:540:-	915	147.0	167.203821656	49.9381025176
scaffold23003_2_TIGR00092:4010:4157:+	123	24.0	39.6326530612	27.1102765947
scaffold26877_4_TIGR00005:503:887:+	58	10.0	9.46736292428	2.45446363598
scaffold781_5_TIGR02712:3594:3843:-	281	27.0	44.5301204819	37.8004708804
scaffold285_32_1_TIGR01981:321:1173:-	451	28.0	33.646713615	17.403343427
scaffold16652_1_TIGR00087:600:822:-	412	106.0	106.306306306	27.0913678592
scaffold28155_7_TIGR03906:251:566:-	70	13.0	13.0857142857	3.89818261045
scaffold7106_17_TIGR03992:93:534:-	70	10.0	9.96825396825	1.68598030962
scaffold2503_4_TIGR02252:4110:4401:+	53	10.0	10.5395189003	3.42734883597
scaffold16775_1_1_TIGR00914:852:1974:+	275	16.0	16.491087344	4.98772207976
C1043562_1_TIGR00914:601:1003:-	182	29.0	28.7860696517	3.8535381397
scaffold16014_3_TIGR01020:10358:10574:+	78	20.0	20.5787037037	3.30029602841
scaffold5951_2_TIGR01286:14:584:-	68	8.0	8.32456140351	2.44050474372
scaffold6065_1_TIGR00005:16534:17467:-	635	41.0	42.4833869239	10.0876646467
scaffold15987_3_TIGR02214:1840:3604:-	836	31.0	32.3888888889	9.7103523264
scaffold2399_2_TIGR00914:4:472:+	183	30.0	34.4722222222	14.518087664
scaffold2399_1_TIGR00914:3:1938:+	701	34.0	37.5126614987	12.5659693799
scaffold433_14_TIGR03992:821:1265:+	104	16.0	15.7252252252	5.11147743083
scaffold10632_6_TIGR00914:2795:5831:-	1975	45.0	48.2519762846	16.4214326811
scaffold2934_2_TIGR02214:2093:4034:+	405	17.0	16.7975270479	4.27201261377
scaffold3883_2_TIGR00914:5739:8769:-	1568	34.0	35.4841584158	12.3381233175
scaffold2340_4_TIGR00880:29030:29444:-	201	34.0	34.8164251208	3.94529264823
scaffold35758_2_TIGR03992:974:1331:-	104	17.0	17.4369747899	3.18778829433
scaffold4946_11_TIGR02195:6604:7588:-	491	33.0	33.6524390244	5.61638990051
scaffold6768_2_TIGR00342:2025:2373:+	141	24.0	24.5373563218	3.27850644429
scaffold6768_3_TIGR00342:5:767:+	196	17.0	17.4448818898	3.69403737463
scaffold20935_2_TIGR01316:114:540:+	63	9.0	9.1220657277	2.83408685734
scaffold28867_3_TIGR00914:5419:5818:+	136	21.0	20.8421052632	4.01970479582
scaffold17469_2_TIGR01316:1077:2349:+	215	11.0	11.5385220126	3.04733521353
scaffold127_1_TIGR00914:1331:2444:-	1846	112.0	112.267744834	15.6753396509
scaffold23999_1_TIGR00092:115:1192:+	571	32.0	35.165273909	10.9259591916
scaffold1363_1_TIGR02712:553:1549:-	493	34.0	34.0793172691	5.95504695807
scaffold35972_1_TIGR00914:358:3487:-	2255	96.0	96.0028763183	9.36765434582
scaffold8807_4_TIGR00914:1:2185:-	675	15.0	18.5572344322	11.0206027025
scaffold8807_3_TIGR00914:12683:13040:-	205	19.0	30.0644257703	27.0366240976
scaffold10751_5_TIGR03992:348:540:+	26	7.0	6.9109947644	1.99932830474
scaffold2910_5_TIGR03992:2566:3403:+	773	57.0	62.4850657109	15.7488905877
scaffold5580_6_TIGR02214:413:848:+	56	9.0	9.33103448276	1.93594613448
scaffold26452_1_TIGR00914:131:470:+	81	11.0	15.5486725664	10.8871859
scaffold20886_1_TIGR00880:1105:1201:+	237	129.0	130.052083333	5.16674017085
scaffold5160_1_2_TIGR03992:1023:1401:+	219	39.0	37.8783068783	8.25333059537
scaffold36288_1_TIGR00914:1572:2046:+	334	92.0	91.2742616034	6.63521261119
scaffold690_2_TIGR00005:4:898:+	1103	97.0	100.165548098	19.4325397346
scaffold3681_1_TIGR00005:3:360:+	611	106.0	108.901960784	20.3344286311
scaffold9127_1_TIGR02627:893:2267:+	1062	52.0	51.1819505095	7.46327799739
scaffold4107_4_2_TIGR01316:928:1975:+	276	16.0	17.3546845124	7.61360184947
scaffold4107_4_3_TIGR01316:5:275:+	76	19.0	18.6592592593	5.85777478034
scaffold21447_7_TIGR00914:398:860:-	68	9.0	9.24242424242	2.72349425608
scaffold21447_5_TIGR00914:242:707:-	79	11.0	11.2107526882	2.43334639998
scaffold18921_2_TIGR00914:5860:8962:+	1227	27.0	27.1943907157	6.74887536058
scaffold6689_4_TIGR03906:1667:2723:-	239	15.0	15.2083333333	4.41160730805
scaffold17019_1_1_TIGR00005:1:481:-	63	9.0	8.92708333333	2.30237554706
scaffold29520_3_2_TIGR00914:3:693:-	97	10.0	9.61884057971	3.21607265052
scaffold3243_1_TIGR01981:410:1217:-	1659	139.0	138.425030979	14.1674887599
scaffold323_1_TIGR00005:1142:1484:+	664	130.0	128.421052632	23.7885033182
scaffold591_6_TIGR00880:1389:1794:+	118	18.0	18.4419753086	3.47970710409
scaffold28118_1_TIGR00914:3:1458:+	1739	94.0	88.6756013746	28.5848935646
scaffold31144_1_TIGR00914:9:1668:-	1025	49.0	52.1392405063	15.9093808775
scaffold14948_5_TIGR00914:219:786:-	107	10.0	10.4479717813	4.62494867078
scaffold14948_7_TIGR00914:177:1308:-	269	14.0	15.5711759505	8.15895467637
scaffold21779_2_TIGR00914:881:1265:+	889	123.5	127.033854167	26.1246291788
scaffold10706_2_TIGR00914:4:619:+	70	7.0	8.18211382114	2.98821622079
scaffold22404_3_TIGR00090:494:737:-	77	17.0	17.3991769547	3.95877929152
scaffold8754_4_TIGR02627:3835:5209:-	353	17.0	17.5131004367	4.82678602313
C1039592_1_TIGR00005:6:306:+	197	31.0	38.4733333333	15.4256049764
scaffold2178_1_TIGR00914:1093:1321:+	109	23.5	23.4824561404	4.95989610838
scaffold434_4_TIGR03992:1440:2175:-	302	27.0	27.3034013605	6.60151925377
scaffold434_2_TIGR03992:8023:8827:-	262	22.0	22.1778606965	4.66803008518
scaffold678_52_TIGR00914:1972:2407:-	109	14.0	14.675862069	4.77572803663
scaffold30455_1_TIGR01900:1567:2455:+	252	16.0	18.4335585586	7.35735826707
scaffold17736_9_TIGR03992:1186:2017:-	316	25.0	25.7533092659	4.87638139884
scaffold17736_7_TIGR02627:693:2043:-	291	15.0	14.5459259259	3.59594963428
scaffold10040_2_TIGR02195:375:1395:+	1084	113.0	114.462745098	10.2918959321
scaffold25739_1_TIGR00880:480:897:+	464	90.0	92.1414868106	16.0679501571
scaffold11323_1_TIGR02712:3:255:-	305	71.5	86.6071428571	25.2985434005
scaffold3804_1_TIGR02214:10:733:+	297	19.0	24.468879668	17.7832364608
scaffold15292_1_TIGR02627:4:508:+	739	112.0	108.626984127	20.3841029435
scaffold4908_1_TIGR00914:1705:4735:-	1603	34.0	34.4669966997	8.58135594519
scaffold4908_4_TIGR00880:3153:3588:-	240	65.0	64.7862068966	4.77086879516
scaffold4908_5_TIGR00005:16714:17404:-	323	29.0	30.2014492754	7.77724277273
scaffold106_1_TIGR00741:20489:20783:-	199	39.0	39.1700680272	6.18465750311
scaffold106_2_TIGR01800:1839:2607:-	370	31.0	32.0598958333	5.50889961691
scaffold106_6_TIGR01020:14845:15346:-	329	41.0	41.1936127745	8.24405907921
scaffold710_2_TIGR00880:55:472:-	513	71.0	75.3117505995	13.477886002
scaffold9419_6_TIGR00914:3999:4347:-	237	41.0	41.908045977	5.94878947197
scaffold16845_2_TIGR03992:1497:1752:+	32	8.0	7.71653543307	2.30507019995
scaffold9410_3_TIGR03906:1441:2800:-	294	14.0	14.102281089	3.47563610079
scaffold16906_2_TIGR03906:5634:5922:+	83	17.0	16.2638888889	2.48882533401
scaffold678_42_TIGR01800:4370:4538:+	94	18.0	18.7023809524	4.00232004713
scaffold5541_1_TIGR02712:234:480:-	690	143.0	150.926829268	18.4118072455
scaffold8283_1_TIGR03992:3997:4741:+	721	106.0	105.650537634	6.238229754
scaffold26224_1_TIGR00914:1:772:-	246	22.0	21.5564202335	5.47678696739
scaffold10552_2_TIGR00698:835:1390:+	110	13.0	12.8936936937	2.68688101707
scaffold18811_3_TIGR01800:23:647:-	398	30.0	38.7532051282	21.2235504167
scaffold3141_1_TIGR00914:3:378:-	150	26.0	25.296	4.90717678508
scaffold15026_1_TIGR00005:3462:3735:-	228	48.0	55.7472527473	19.0908336211
scaffold1051_7_TIGR03992:246:633:+	72	11.0	11.0025839793	2.55229410714
scaffold15959_7_TIGR00880:696:1110:+	91	14.0	13.845410628	3.75843858273
scaffold16803_2_TIGR02252:1867:2473:+	841	87.0	87.7607260726	9.03753680048
scaffold35505_1_TIGR01316:226:658:-	93	14.0	13.5069444444	3.66855354439
scaffold14829_4_TIGR01981:1753:2392:-	139	14.0	13.882629108	3.62960293985
scaffold9836_5_TIGR00914:3661:4297:+	571	30.0	52.8789308176	48.4768906507
scaffold15511_3_TIGR02252:91:688:+	155	20.0	20.3182579564	4.59617694681
scaffold1898_8_1_TIGR01962:912:1044:+	112	14.0	27.7575757576	23.0362432531
scaffold216_7_TIGR00152:18408:18957:+	212	23.0	24.2805100182	5.58471787045
scaffold216_7_TIGR00698:24435:25398:+	494	32.0	34.287642783	9.14844254426
scaffold1310_8_TIGR00880:3:141:-	25	9.0	9.24637681159	1.68888778342
scaffold2366_1_TIGR02627:1187:1463:-	200	82.0	82.4565217391	3.20013488216
scaffold27977_2_TIGR00342:3:792:-	152	12.0	12.4461343473	3.14961938871
scaffold17450_3_TIGR00914:123:1026:+	452	22.0	28.7353266888	21.6838183176
scaffold17450_1_TIGR00914:2290:2791:+	195	18.0	23.0099800399	19.7043492012
scaffold12294_2_TIGR02712:12:258:+	424	103.0	98.9674796748	38.2574579497
scaffold13810_2_TIGR03992:3:180:-	28	10.0	10.0847457627	2.55529671849
scaffold31198_2_TIGR00914:17661:20784:+	2148	39.0	44.6243996158	17.2493571024
scaffold28129_1_TIGR00914:32:719:+	657	46.0	56.6783114993	37.0219240848
scaffold34646_1_TIGR00005:1427:1982:-	477	55.0	56.3351351351	8.98644272834
scaffold1044_14_TIGR00914:1303:2674:-	296	20.0	20.761487965	4.17968119743
scaffold18662_16_TIGR00741:921:1215:+	439	59.0	73.4897959184	44.7123637723
scaffold13365_3_TIGR00914:5:680:-	337	34.0	32.5822222222	10.5523166961
scaffold7195_2_TIGR03992:159:1215:+	248	15.0	15.1382575758	5.63335359458
scaffold3907_1_TIGR02712:3090:3324:-	83	25.0	22.6452991453	6.0247210912
scaffold3907_5_TIGR02214:697:901:-	110	24.0	25.6519607843	5.2572495305
scaffold7019_3_TIGR03992:47:419:-	332	56.0	55.3413978495	5.20278111968
scaffold8758_2_TIGR00092:688:892:-	39	10.0	9.94607843137	1.91793248407
scaffold19378_1_TIGR01800:20593:20845:-	78	19.0	19.2579365079	3.97224204362
scaffold36230_2_TIGR00914:5:803:+	379	37.0	40.7744360902	13.369877793
scaffold1159_7_TIGR02252:2570:3191:+	111	10.0	11.5652173913	3.87539592194
scaffold1159_2_TIGR00914:75:765:+	106	10.0	9.90289855072	2.68611410586
scaffold16697_3_TIGR03992:3:237:+	31	9.0	8.27777777778	1.89121274848
scaffold13662_12_TIGR00005:3201:4098:+	308	24.0	23.220735786	5.82409310976
scaffold23099_2_TIGR03992:8:407:-	59	9.0	9.32832080201	2.14977411819
scaffold465_1_TIGR03992:1154:1586:+	665	114.0	115.768518519	13.9962670165
scaffold20140_2_TIGR03906:3:330:-	51	10.0	10.3058103976	2.77792684466
scaffold20140_1_TIGR03906:150:546:-	54	9.0	8.2297979798	1.87627961981
scaffold3399_1_TIGR01962:730:1105:+	154	45.0	46.6293333333	11.40543465
scaffold3399_1_TIGR01957:5459:5645:+	85	42.0	46.811827957	8.36159100802
scaffold26695_3_TIGR01800:1:643:-	107	11.0	11.7757009346	2.89421512789
scaffold24690_1_TIGR00914:2790:5832:+	2213	41.0	46.8362919132	19.9121878418
scaffold12419_1_TIGR00914:401:1577:+	1509	116.0	116.760204082	13.5458523898
scaffold1204_5_TIGR03992:30522:31260:+	276	25.0	25.4634146341	4.05475935601
scaffold368_2_TIGR00090:89:377:+	43	8.0	8.09722222222	2.69727085435
scaffold9688_1_TIGR00880:14:434:+	847	160.0	164.276190476	12.8925931029
scaffold35950_1_TIGR00090:322:565:+	35	8.0	8.25514403292	2.03890258342
scaffold10498_2_TIGR00880:2:311:-	44	8.0	9.04854368932	2.84910242191
scaffold14820_2_TIGR02627:2614:3394:-	506	32.0	42.3743589744	26.7283746084
scaffold4946_12_TIGR03992:20:545:-	363	45.0	44.5314285714	12.3052239335
scaffold17090_2_TIGR01316:169:409:+	34	7.0	7.1375	2.01086890423
scaffold23073_7_TIGR00087:3:210:-	37	12.0	11.038647343	2.86043375419
scaffold11446_3_1_TIGR00914:18412:21526:-	2651	46.0	52.9454078356	27.0026802312
scaffold8499_1_TIGR01900:103:1264:-	837	61.0	60.9888027562	6.06090637425
scaffold29056_1_TIGR02712:585:1341:-	170	26.0	26.6626984127	4.2340563211
scaffold31764_2_TIGR00914:16:685:-	549	48.0	54.8878923767	20.8357012201
scaffold157_2_TIGR01981:2461:3289:+	945	79.0	76.8792270531	16.7467612669
scaffold3493_2_TIGR03992:3725:4475:-	498	43.0	45.5853333333	10.4216466176
scaffold14547_6_TIGR00005:599:1559:-	212	18.0	18.6666666667	3.68885332982
scaffold6442_4_TIGR02712:8294:8540:-	67	16.0	15.9552845528	3.31203038093
scaffold35841_1_TIGR00880:72:180:-	102	75.5	72.1944444444	11.7721094851
scaffold36257_1_TIGR02214:174:1416:+	470	24.0	25.1191626409	5.88759195881
scaffold7428_1_TIGR00090:15:294:-	341	71.0	72.6666666667	9.66648127371
scaffold562_1_TIGR01316:255:1221:-	1816	124.0	125.412008282	11.6931976078
scaffold20434_1_1_TIGR01316:6432:7767:+	692	57.0	58.6988764045	9.25174134089
scaffold55_3_TIGR00914:6984:10086:-	1785	38.0	40.9284332689	15.6840594312
scaffold17048_4_TIGR00698:2242:3136:+	311	34.0	35.5425055928	7.86177317091
scaffold17048_1_TIGR00152:4726:5113:+	110	19.0	19.1007751938	5.24319905687
scaffold13595_1_2_TIGR00914:644:1601:-	341	19.0	22.2539184953	10.6476432607
scaffold24625_3_TIGR00914:1:751:-	462	31.0	35.2653333333	20.3175523023
scaffold26695_2_2_TIGR01800:285:702:-	55	8.0	8.68105515588	3.36742055419
scaffold13948_21_TIGR00914:10:817:-	178	13.0	13.7261462206	5.64199143074
scaffold17911_1_TIGR00914:1858:2503:+	956	94.0	95.1302325581	14.3186905807
C1005906_1_TIGR01981:365:554:-	66	34.0	34.126984127	6.65433477726
scaffold741_4_TIGR03992:2:494:-	117	20.0	20.668699187	3.89939487891
scaffold3465_3_TIGR00914:6727:9847:-	3332	56.0	69.2474358974	34.7156257745
scaffold20599_2_TIGR00914:13:958:+	99	7.0	7.23386243386	1.87755227409
scaffold23717_2_TIGR02252:7178:7790:+	308	44.0	43.477124183	5.52307691942
scaffold18004_3_TIGR02627:1157:1730:-	140	25.0	24.4904013962	4.05227559961
scaffold34483_1_TIGR02712:1831:2689:+	742	45.0	54.1853146853	24.6387308332
scaffold2669_3_TIGR00914:3:558:+	75	10.0	10.1351351351	2.13206530369
scaffold2728_9_TIGR01800:167:935:+	169	22.0	20.703125	3.46115205787
scaffold28707_1_1_TIGR00087:1791:2496:-	381	30.0	34.4141843972	14.5148033096
scaffold4738_8_TIGR02195:4714:5572:-	471	38.0	37.7016317016	6.89579596563
scaffold6147_6_TIGR02712:4956:5346:-	101	14.0	14.1461538462	5.28633197216
scaffold5950_1_TIGR01316:210:1539:-	495	26.0	25.9172310008	4.54100085842
scaffold9543_1_TIGR02712:8444:9563:+	792	48.0	47.5433422699	11.8595311421
scaffold5710_2_TIGR02214:4:631:+	79	8.0	8.91228070175	2.7778387749
scaffold16_3_TIGR00005:1606:2476:+	537	41.0	41.3988505747	8.19549910471
scaffold2934_19_TIGR03906:1561:2629:+	237	20.0	20.956928839	4.71013914791
scaffold13558_1_TIGR00880:6836:7232:+	316	49.0	49.0404040404	7.59208677868
C1024430_1_TIGR00914:399:705:-	379	75.0	74.2875816993	10.4832098578
scaffold3785_1_TIGR00914:3:2739:-	1659	42.0	42.9400584795	8.98154722973
scaffold3365_10_TIGR00914:13:526:+	281	19.0	30.7348927875	30.2537657482
scaffold18822_3_TIGR03992:2412:3174:+	232	18.0	18.8031496063	5.03198072085
scaffold159_2_TIGR00152:4580:4982:-	176	39.0	38.6144278607	4.61104997659
scaffold159_8_TIGR03992:1092:1773:-	321	32.0	31.3098384728	5.52309582501
scaffold14725_1_TIGR02712:618:993:+	381	70.0	71.8133333333	9.00887463684
scaffold4098_3_TIGR02214:3:225:-	34	9.0	9.41441441441	2.23795461824
scaffold4098_5_TIGR02214:6:180:-	36	10.0	11.1091954023	2.6898332292
scaffold6899_1_TIGR00914:179:1232:-	1364	126.0	130.77302944	25.805701683
scaffold9808_2_TIGR00005:546:1164:+	956	129.0	129.5	17.9330154205
scaffold3669_1_TIGR00914:2115:4059:-	2050	70.0	68.6522633745	19.5998148407
C1040350_1_TIGR00880:453:894:+	307	38.0	39.358276644	13.0209487839
scaffold2627_2_TIGR02214:2872:3601:-	156	18.0	18.7887517147	3.77404822513
scaffold27095_3_TIGR02214:7353:7629:-	78	16.5	15.9963768116	3.16399374805
scaffold27095_2_TIGR00005:67:946:-	201	21.0	21.3117178612	3.36355852416
scaffold2330_1_TIGR00090:2176:2476:-	301	46.0	50.35	16.4093723219
scaffold2330_2_TIGR00914:9493:12619:-	4023	61.0	75.6861804223	54.6483410963
scaffold35820_1_TIGR02627:176:1550:-	625	28.0	29.422852984	8.6890033405
scaffold29818_1_TIGR00914:3:2991:+	2496	49.0	57.5866800535	26.234171934
scaffold14409_2_TIGR03992:7:406:+	79	12.0	11.7318295739	3.40731402768
scaffold6532_11_TIGR03131:3:426:-	74	9.0	10.2836879433	4.09288070326
scaffold22783_2_TIGR00914:411:582:+	31	12.0	11.3567251462	2.77545609347
scaffold15428_5_TIGR03992:2566:2953:+	319	50.0	50.2919896641	6.69335842053
scaffold15428_1_TIGR03992:192:957:+	547	47.0	47.1882352941	6.31989225084
scaffold166_1_TIGR00914:14:497:-	701	85.0	82.7660455487	25.9263394828
scaffold30227_1_TIGR00005:383:1115:-	108	10.0	9.8456284153	2.68357583271
scaffold35665_1_TIGR00092:543:831:-	245	41.0	53.2152777778	22.2267866406
scaffold27020_2_TIGR01316:10:544:-	532	62.0	62.5355805243	10.2913388524
scaffold2040_11_TIGR01981:52180:53008:-	276	22.0	22.1630434783	4.46767633116
scaffold6562_2_TIGR00880:7:439:-	729	127.0	129.335648148	36.1201804109
scaffold6966_1_TIGR00152:2252:2801:+	528	63.0	63.1256830601	6.60495038016
scaffold23399_2_TIGR00092:14115:14334:-	193	45.0	40.2374429224	21.7089141643
scaffold31934_2_TIGR00914:1:2899:-	1373	35.0	34.1918564527	7.32432459576
scaffold8770_6_TIGR01316:17:299:-	53	11.0	10.804964539	1.80451860896
scaffold8770_5_TIGR01316:1288:1444:-	43	11.0	11.3525641026	1.81448759165
scaffold36254_2_TIGR02252:362:749:+	88	14.0	14.0594315245	4.9262344365
scaffold365_2_TIGR00880:2759:3164:+	316	54.0	53.2716049383	8.85021077475
scaffold184_2_TIGR00914:5447:7181:+	1170	38.0	43.4083044983	18.6352241843
scaffold9590_1_TIGR02195:3:462:-	51	7.0	7.37037037037	2.52871829247
scaffold24758_3_TIGR01316:119:947:+	171	13.0	13.6021765417	3.40852407577
scaffold8085_11_TIGR03906:6304:6904:-	171	19.0	18.2733333333	4.74573024471
scaffold8085_18_TIGR00914:4:1627:+	374	17.0	16.5495995071	4.31619607002
scaffold10677_10_TIGR03992:2302:2932:+	102	11.0	10.6253968254	2.36696632938
scaffold8371_2_TIGR01800:4:424:+	457	68.0	67.4904761905	11.9210659783
scaffold8371_1_TIGR01800:12:513:+	526	97.0	101.614770459	28.9035373692
scaffold13762_3_TIGR00698:7925:8933:-	237	15.0	16.1617063492	5.47130337127
scaffold382_5_TIGR03906:12444:13020:-	348	40.0	38.578125	6.35720342393
scaffold382_5_TIGR00914:20872:21967:-	507	32.0	31.2328767123	6.22732353352
scaffold1236_15_TIGR02712:1:349:-	213	38.0	38.6091954023	5.74127288109
scaffold18558_1_TIGR03131:3:726:+	666	54.0	58.438450899	14.5266489062
scaffold1236_10_TIGR01800:2594:3812:-	604	34.0	33.6527093596	6.41581175243
scaffold27021_2_TIGR00914:14:686:+	137	11.0	13.3154761905	7.49435492392
scaffold6478_4_TIGR00005:3:456:-	310	80.0	77.1456953642	9.7113283689
scaffold29714_1_TIGR02627:1:532:-	715	90.0	89.0338983051	24.50601947
scaffold2_2_TIGR00914:3:408:+	574	91.0	91.3061728395	14.292364755
scaffold2_1_TIGR00914:610:1138:+	600	74.0	74.5227272727	9.06977657428
scaffold676_11_TIGR03906:1976:2747:-	161	14.0	13.8612191958	4.13553617725
scaffold14606_1_TIGR00152:1043:1586:-	105	13.0	12.2541436464	3.30436626622
scaffold23578_1_TIGR01316:3817:4534:-	367	34.0	33.9790794979	4.80624393291
scaffold9888_1_TIGR02712:657:1728:-	1477	98.0	105.464052288	31.8739986352
scaffold10596_5_TIGR01316:1489:1867:+	90	20.0	19.4920634921	2.74222141369
scaffold2166_1_TIGR00914:121:514:+	67	12.0	11.4834605598	3.53828299443
scaffold285_29_TIGR02214:5528:5744:+	68	14.0	15.1851851852	4.55551791613
scaffold11249_1_TIGR00914:4:1195:+	2011	162.0	162.53736356	16.5098267896
scaffold6563_2_TIGR03906:8:767:-	166	14.0	14.5388669302	3.52379515764
scaffold9390_2_TIGR00698:7732:8683:+	550	37.0	36.7066246057	8.57337650614
scaffold6118_4_TIGR03131:5:761:+	422	32.0	34.6428571429	10.9264963275
C1032824_1_TIGR00914:3:795:+	333	34.0	32.7689393939	6.99591474487
scaffold2053_3_TIGR00914:5:1067:+	475	32.0	31.1798493409	5.69737845486
scaffold2053_2_TIGR00914:1698:3351:+	823	32.0	33.664246824	9.38845930765
scaffold30777_3_TIGR03906:1433:2096:+	81	8.0	7.97737556561	2.05822509659
scaffold2379_3_TIGR00914:1375:2998:-	2119	84.0	84.4239063463	16.9981397343
scaffold2379_4_TIGR00914:2:1472:-	2022	86.0	89.968707483	25.7368757988
scaffold6132_3_TIGR01316:1:223:-	148	38.0	38.4189189189	6.67995540679
scaffold16887_7_TIGR01316:605:719:-	64	25.0	24.6842105263	3.84414749857
scaffold2109_12_TIGR03992:17997:18519:-	137	16.0	16.3505747126	4.00498846689
scaffold18113_2_TIGR02214:1456:1666:+	141	31.0	37.4857142857	22.9116789872
scaffold8684_1_TIGR03992:1083:1836:-	1235	125.0	129.047808765	16.5081282601
scaffold3356_1_TIGR00880:726:1125:+	191	28.0	28.8245614035	4.50388840587
scaffold5730_2_TIGR00914:826:1120:-	320	51.0	55.462585034	25.6056626679
scaffold23524_1_TIGR01316:6662:6782:-	126	111.0	111.225	3.52718608336
scaffold13764_8_TIGR00914:1153:1969:+	144	10.0	10.800245098	3.71939141379
scaffold18096_1_TIGR00698:3223:4174:+	806	80.0	81.4900105152	10.9346426164
scaffold10593_1_TIGR02712:624:1584:+	256	15.0	17.2104166667	7.31176960977
scaffold10593_2_TIGR02712:3:303:+	107	13.0	20.91	16.8725190769
scaffold7550_1_TIGR02712:1:562:-	98	8.0	11.0213903743	7.6842482257
scaffold29124_1_TIGR00914:1:265:-	454	123.0	123.875	18.2022387692
scaffold23237_1_TIGR00914:40573:43117:+	918	26.0	25.689072327	5.77081467122
scaffold4170_1_TIGR03992:2895:3450:+	172	19.0	19.9675675676	4.45142273364
scaffold4170_1_TIGR03906:171:699:+	167	21.0	20.2689393939	4.46658693805
scaffold182_2_TIGR01316:1412:2747:-	953	66.0	69.4074906367	17.5302056087
scaffold35020_1_TIGR00880:51:465:+	739	146.0	141.118357488	17.2929574677
scaffold1_11_TIGR03992:4419:4686:-	170	44.0	44.7790262172	6.46916122784
scaffold733_3_TIGR00092:559:676:+	19	8.0	8.13675213675	3.28921049656
scaffold678_2_TIGR00914:13932:15024:-	298	17.0	17.7774725275	3.95729560226
C1007172_1_TIGR03131:13:562:+	753	91.0	92.0163934426	15.2618225819
scaffold6555_5_TIGR00914:3209:5810:-	976	26.0	26.552864283	5.75091658646
scaffold6555_6_TIGR00914:6:471:-	166	23.0	22.664516129	3.911841553
scaffold10164_5_TIGR00005:734:1670:-	419	30.0	34.9188034188	17.6087533187
scaffold33783_2_TIGR01316:13028:14243:+	568	36.0	36.9440329218	7.60334528058
scaffold3290_8_TIGR00880:6391:6814:-	78	12.0	11.6122931442	3.07218747414
scaffold4946_5_TIGR01981:2264:3116:-	587	40.0	42.7523474178	14.6173712219
scaffold869_5_TIGR00914:43:2047:-	544	16.0	18.0668662675	13.117103459
scaffold869_3_TIGR00914:3:279:-	66	14.0	13.5652173913	3.25700253799
scaffold14705_1_TIGR02252:181:580:-	181	28.0	27.2556390977	4.53500028656
scaffold15000_1_TIGR01800:1680:2832:+	872	44.5	47.9010416667	14.5793065497
scaffold258_4_TIGR01900:1337:2393:+	825	53.0	53.2215909091	10.0192120244
scaffold318_1_TIGR02627:4866:6054:+	1096	62.0	61.5126262626	12.7597196928
scaffold4330_8_TIGR00092:1771:2053:+	69	13.0	12.6985815603	3.80433656653
scaffold986_5_TIGR03992:2751:3264:-	114	13.0	13.6393762183	3.99372914898
scaffold14177_9_TIGR00092:114:579:+	94	13.0	13.7591397849	5.42297455493
scaffold21169_1_TIGR03906:1913:2522:-	328	55.0	55.1018062397	4.80450117584
scaffold13948_20_TIGR00914:2:182:-	31	11.0	9.90555555556	3.26717210753
scaffold31677_2_TIGR01957:83:515:+	729	143.0	146.888888889	15.0304218253
scaffold3022_6_TIGR01957:404:836:+	289	42.0	39.3402777778	11.5406867982
scaffold3022_6_TIGR01962:2337:2571:+	168	36.0	37.1623931624	5.49118526734
scaffold8085_20_TIGR00914:4303:5404:+	324	20.0	20.7484105359	11.8053894664
scaffold31830_1_TIGR00005:3260:3752:-	432	47.0	52.2662601626	14.08886719
scaffold9836_6_TIGR00914:4:2440:+	1276	27.0	32.0591133005	19.3730498535
scaffold35212_1_TIGR01981:3:300:+	71	6.0	13.202020202	13.7925806909
scaffold6962_1_TIGR02214:6681:7176:-	91	87.0	87.6626262626	2.6179869612
scaffold17179_1_TIGR02214:7:373:+	620	147.0	146.663934426	14.8788976557
scaffold25664_2_TIGR03992:357:1131:-	117	9.0	9.65245478036	2.43507698384
scaffold27212_1_TIGR00880:1030:1459:+	87	11.0	11.8764568765	4.12690648589
scaffold2765_4_TIGR00880:1901:2153:-	341	119.0	117.55952381	8.01687385705
scaffold10839_2_TIGR00698:5:599:-	221	9.0	19.1245791246	19.9277643797
scaffold7060_6_TIGR03131:1935:2376:+	356	35.0	46.7006802721	35.1877532871
scaffold7060_7_TIGR03131:4:376:+	84	13.0	13.3629032258	4.81317861142
scaffold797_3_TIGR01800:25028:26252:+	627	34.0	35.0588235294	7.7779521593
scaffold9460_2_TIGR00914:887:1475:-	366	42.0	41.9013605442	5.46421240405
scaffold9460_3_TIGR00914:3:2298:-	1312	72.0	72.2797385621	6.56047476373
scaffold17810_1_TIGR01900:994:1870:-	981	70.0	69.3515981735	13.7943848911
scaffold256_5_TIGR02712:195:1533:+	959	50.0	49.7257100149	7.72646799029
scaffold22061_3_TIGR00880:4738:5164:-	167	23.5	23.5211267606	4.79052024069
scaffold32068_4_TIGR02621:3241:3835:-	186	25.0	25.4528619529	4.97115926813
scaffold30595_2_TIGR00914:955:1333:+	201	18.0	27.0555555556	18.8078443427
C1011340_1_TIGR00914:3:228:+	488	117.0	121.275555556	23.2312926464
scaffold34137_1_TIGR00914:9:849:+	1221	87.0	96.4523809524	38.417755308
scaffold1807_1_TIGR00698:26:650:+	224	15.0	18.9375	10.453082181
scaffold3793_3_TIGR00005:7082:7961:-	202	15.0	15.3503981797	3.05692621884
scaffold7425_2_TIGR00914:14136:14970:-	411	49.0	48.912470024	10.5967400484
scaffold31070_2_TIGR00698:5:596:+	817	98.0	93.6632825719	19.7261279503
scaffold28764_2_TIGR01981:165:1017:+	673	35.0	46.0798122066	24.0914380202
scaffold13714_4_TIGR01316:562:691:-	36	23.0	24.6744186047	4.30820884146
scaffold7425_3_TIGR00914:2:2210:-	1149	32.0	34.6055253623	11.4783076086
