scaffold758_19_TIGR01316:3600:3708:+	51	20.0	20.0092592593	2.33132997478
scaffold374_1_TIGR00005:3640:4540:-	405	29.0	29.2	6.27658789117
scaffold374_1_TIGR00741:5717:6011:+	150	30.0	30.5918367347	3.99277425937
C245121_1_TIGR01316:522:1425:-	662	51.0	51.6146179402	12.0962313051
scaffold802_3_TIGR01981:14245:15097:-	1897	136.0	143.113849765	26.4588429748
scaffold441_3_TIGR03992:6:216:-	104	28.0	28.0619047619	3.4711019508
scaffold9055_1_TIGR03992:9178:9859:-	428	57.0	59.4170337739	8.89666260977
scaffold4713_12_TIGR03131:961:1864:-	230	14.0	16.5559246955	6.07546905643
scaffold10887_1_TIGR00914:10070:13100:-	4950	110.0	113.655775578	19.6649658653
C211503_1_TIGR00092:2:509:-	92	8.0	9.21696252465	5.29562621849
scaffold10888_1_TIGR03992:10603:11350:+	1152	98.0	99.4698795181	10.9730149891
scaffold1457_41_TIGR02214:794:2282:-	306	14.0	14.2163978495	4.10303453566
scaffold13335_3_TIGR00880:1048:1393:+	66	9.0	11.3391304348	4.74672174872
scaffold162_17_TIGR02214:3724:4009:+	104	21.0	21.3929824561	3.95056556684
scaffold780_11_TIGR01900:8988:10017:+	383	24.0	25.6200194363	6.78565539535
scaffold780_17_TIGR02214:2016:2289:+	149	23.0	30.010989011	18.1411808696
scaffold2488_2_TIGR02627:13526:14891:+	515	26.0	26.0417582418	6.02185395985
scaffold2488_2_TIGR00914:62691:65823:+	1354	26.0	28.1535759898	10.8046205106
scaffold2488_1_TIGR00005:12922:13579:+	375	27.0	33.499238965	14.8767769551
scaffold2488_1_TIGR02214:49661:51425:+	724	26.0	28.2244897959	9.10411876467
scaffold2488_4_TIGR02252:4148:4745:+	256	27.0	27.7102177554	7.07069679868
scaffold7036_5_TIGR02627:595:1156:+	94	11.0	11.1336898396	3.10567683945
scaffold455_27_TIGR00090:1:262:-	32	6.0	6.96168582375	1.82113692147
scaffold455_20_TIGR02214:43:1084:+	176	11.0	11.1565802113	3.2978142305
scaffold455_28_TIGR00092:53:434:-	61	10.0	10.3254593176	2.37420689596
scaffold2710_21_TIGR00914:24:861:-	551	13.0	40.1278375149	49.412477944
scaffold2710_24_TIGR00914:6:840:-	494	23.0	34.2637889688	30.0274048775
scaffold13688_2_TIGR01316:3473:4829:+	503	24.0	25.0693215339	5.4180325332
scaffold24_2_TIGR03992:21239:21977:-	343	32.0	31.0569105691	7.10276958044
scaffold10646_4_TIGR02712:25735:26698:+	484	27.0	32.544132918	14.2437931446
scaffold10646_4_TIGR01316:12680:12797:-	66	19.0	21.8547008547	10.4417512999
C247569_1_TIGR00914:3:1872:-	1561	44.0	56.367576244	33.7368762516
scaffold12197_1_TIGR00087:21084:21789:-	317	27.0	28.4695035461	7.02090034095
scaffold5624_16_TIGR01316:27798:29127:+	576	29.0	29.6222723853	6.46600072227
C227029_1_TIGR00152:178:727:+	362	36.0	37.7941712204	12.0908628395
scaffold2831_1_TIGR02252:5605:6178:-	482	47.0	51.7277486911	27.6297993011
scaffold13136_2_TIGR02712:1203:1470:-	130	11.0	23.8464419476	26.3922233552
scaffold9000_2_TIGR00005:32481:33417:-	477	33.0	34.7948717949	7.61609683279
scaffold4713_11_TIGR02712:2212:2371:-	47	19.0	18.2327044025	1.48024716852
scaffold2964_1_TIGR03131:37883:38783:+	487	62.0	62.0411111111	9.2405795206
scaffold2964_1_TIGR00092:33591:34683:+	566	62.0	61.61996337	6.20980000611
scaffold2964_1_TIGR02214:21181:22957:+	958	62.0	63.6627252252	9.99473319665
scaffold3425_6_TIGR00914:5093:8234:-	1194	26.0	26.3021330786	6.02531737301
scaffold7628_4_TIGR00092:13273:14371:+	1863	108.0	112.74863388	35.3430832892
scaffold1548_1_TIGR01316:2847:2958:+	47	20.0	19.954954955	3.1917330924
scaffold4827_13_TIGR02214:1:949:-	147	10.0	10.7964135021	4.60481629694
scaffold4827_11_TIGR02214:264:756:-	76	9.0	9.74796747967	3.36310323192
scaffold11607_2_TIGR00914:2435:4982:-	992	18.0	24.6183745583	18.7988031019
scaffold9367_1_TIGR00914:55051:58150:-	4688	104.0	105.444336883	15.8703925747
scaffold41_2_TIGR00914:11403:14520:-	5061	164.0	163.324671158	14.9770590563
scaffold325_20_TIGR02195:12981:13440:+	191	27.0	26.6535947712	4.40981317283
scaffold2232_28_TIGR00698:4:544:+	141	12.0	17.3518518519	11.5119220125
scaffold13324_1_TIGR02627:23990:25364:-	515	62.0	61.7350800582	4.47014755586
scaffold13324_1_TIGR00698:29657:30686:-	535	64.0	69.583090379	17.8470487327
scaffold13730_1_TIGR00880:1113:1542:+	599	85.0	87.2400932401	11.1660773316
scaffold11039_2_TIGR01316:2:476:-	88	11.0	11.1729957806	3.83956043821
scaffold5729_5_TIGR00914:2:899:-	127	10.0	10.0211817168	3.22970423754
scaffold13424_1_TIGR03906:23283:24405:+	633	37.0	37.9795008913	5.69943304249
scaffold6931_4_TIGR00914:14669:17801:+	1633	30.0	35.3212005109	23.0668338219
scaffold5969_8_TIGR00092:16818:17916:+	893	35.0	49.5519125683	38.9498479668
scaffold1784_10_TIGR02627:4784:6143:+	582	28.0	29.1479028698	7.48770252659
scaffold10862_1_TIGR02627:1438:2806:-	1668	137.0	166.618421053	52.6699616987
scaffold10122_1_TIGR01900:770:1859:+	572	35.0	35.9853076217	5.60350186668
scaffold12437_3_TIGR00090:25483:25651:+	368	106.5	107.422619048	5.19672175031
scaffold12437_3_TIGR00087:18271:18976:-	874	73.0	77.9843971631	22.3473808378
C213255_1_TIGR01800:10:529:-	394	46.0	51.8400770713	24.3021176396
scaffold1297_27_TIGR02627:6:861:+	251	21.0	19.9274853801	5.23545091738
scaffold1156_25_TIGR01981:1474:2275:+	162	14.0	13.6004993758	2.94988516255
scaffold7577_1_TIGR01800:51720:52875:+	1643	99.0	98.1558441558	12.5469834961
scaffold1557_3_TIGR01020:3282:3756:-	250	54.0	54.6476793249	9.19550459415
scaffold2232_20_TIGR00152:258:807:+	115	10.0	11.7449908925	5.69892757063
scaffold1526_1_TIGR03131:1310:2186:+	1530	146.0	148.875570776	59.443340864
scaffold13393_6_TIGR01957:12483:12915:+	239	34.0	35.9236111111	11.6458623202
scaffold13393_6_TIGR01962:14430:14664:+	114	28.0	29.1239316239	5.41579124401
scaffold13393_6_TIGR00087:63444:64149:-	312	30.0	31.0468085106	5.65427790339
scaffold13393_6_TIGR00090:57448:57748:+	151	32.0	31.68	4.82675874682
scaffold13393_4_TIGR00914:3996:5115:-	572	30.0	33.3172475424	12.2857101878
scaffold9238_1_TIGR03906:8384:9236:+	413	75.0	75.4776995305	5.18287359921
scaffold13393_9_TIGR00914:19244:22286:+	1653	28.0	35.9188034188	22.4611502165
scaffold1784_2_TIGR01900:6508:7621:+	374	20.0	21.9155435759	8.45962139557
scaffold1784_6_TIGR02627:2641:2944:+	109	26.0	25.3234323432	3.08317248552
scaffold3081_14_TIGR00090:236:530:+	97	17.0	18.0918367347	4.12661858913
scaffold3081_12_TIGR00092:158:527:+	93	16.0	16.3170731707	4.06248700278
scaffold1616_11_TIGR00914:2:2345:-	701	20.0	20.7456252668	5.19497741035
scaffold4796_1_TIGR00880:2130:2571:-	373	95.0	98.1632653061	13.8829121297
scaffold32_2_TIGR01800:8822:9977:-	536	31.0	31.4467532468	6.82023189134
C228099_1_TIGR00092:123:411:-	284	79.0	82.3715277778	14.3400234542
scaffold4458_1_TIGR02214:7427:9194:-	1414	47.0	54.4567062818	29.3092177008
scaffold12317_2_TIGR01316:2905:3022:-	152	41.0	59.0085470085	30.3730356479
scaffold9840_8_TIGR00880:276:693:+	156	22.0	23.1654676259	4.10987660309
scaffold9840_7_TIGR00880:2083:2401:+	117	42.5	41.8490566038	8.11605186357
scaffold52_3_TIGR00914:15115:18148:+	3295	70.0	74.8819650511	22.030175507
scaffold52_1_TIGR02712:11554:11941:+	560	87.0	86.3850129199	23.8086489548
scaffold6438_2_TIGR00914:2415:2787:+	63	10.0	10.4339622642	2.88650175588
scaffold10557_3_TIGR00914:4024:7153:-	6011	129.0	132.497603068	32.021157076
scaffold6842_5_TIGR00880:439:865:-	223	33.0	32.661971831	5.65090128331
scaffold12899_6_TIGR00914:440:1448:-	255	9.0	16.4126984127	16.6734604445
scaffold1060_58_TIGR00914:162:783:-	530	20.0	43.3977455717	46.7647822409
scaffold967_6_TIGR03239:156:657:+	47	6.0	6.31337325349	2.05114271214
scaffold4624_1_TIGR00914:11602:14737:-	1203	136.0	136.58277512	6.97821330136
scaffold4624_2_TIGR03992:20948:21146:-	94	23.0	23.4393939394	4.74116548306
scaffold2261_7_TIGR02195:179:524:+	41	7.0	6.9884057971	2.02158900279
scaffold4076_12_TIGR02214:1927:3250:-	233	11.0	11.8178382464	3.74096028284
scaffold1315_20_TIGR01900:9:645:-	116	12.0	13.0896226415	5.19038351085
scaffold1608_23_TIGR01316:3307:3484:+	45	15.0	14.6949152542	2.27181878371
scaffold1865_10_TIGR03906:4:619:-	124	12.0	13.118699187	5.07606129867
scaffold8909_1_TIGR00914:210:558:+	108	9.0	20.9193083573	21.968653371
scaffold766_5_TIGR01962:725:1364:+	112	15.0	16.1253918495	6.2394699573
scaffold12553_4_TIGR00005:19975:20656:-	1103	211.0	210.9030837	15.4214224212
scaffold1935_3_TIGR02621:25:715:+	89	9.0	8.87246376812	2.04400034445
scaffold5448_1_TIGR02712:23010:24375:-	1820	239.0	238.109157509	16.7132843027
scaffold13027_1_TIGR00914:66686:69848:-	5110	177.0	186.834914611	38.3678714086
scaffold1478_22_TIGR00914:8:1577:+	469	15.0	19.8769917145	14.9994106407
scaffold2545_15_TIGR03992:2581:3277:+	207	17.0	19.3908045977	6.6714459682
scaffold6037_7_TIGR00880:7:145:-	36	13.0	13.2101449275	1.58549996024
scaffold1485_7_TIGR00914:4:637:+	143	12.0	13.9921011058	7.37132488081
C258783_1_TIGR01900:10003:11113:+	660	40.0	40.5306306306	7.2615523716
scaffold1485_8_TIGR00914:3:522:+	94	6.0	11.8745173745	13.2212274932
scaffold13334_1_TIGR00698:17136:18144:-	1134	76.0	75.4662698413	10.1636828747
scaffold7161_19_TIGR00914:10056:11328:+	364	20.0	19.7327044025	4.50079653126
scaffold4040_20_TIGR02214:473:1178:+	111	11.0	10.5120567376	2.19287935904
C254299_1_TIGR00914:7:2362:-	1768	41.0	50.2101910828	26.7729222416
scaffold2412_1_TIGR00087:1120:1825:-	349	31.0	30.9390070922	7.39391903732
scaffold11743_1_TIGR00090:2130:2247:+	87	31.0	30.2991452991	3.76503245072
scaffold7809_1_TIGR00880:1370:1874:-	208	28.0	26.5575396825	6.1108041435
scaffold13622_1_TIGR00914:15688:18790:+	3300	75.0	76.1734364926	20.6756653354
scaffold5869_14_TIGR00914:2691:3285:-	207	24.0	23.7390572391	4.21807755213
scaffold2472_2_TIGR01900:26:680:-	78	8.0	8.4877675841	2.53519632348
scaffold5869_16_TIGR00914:10:1540:-	585	23.0	25.7411764706	10.8263629425
scaffold5869_13_TIGR00914:8587:9970:+	426	20.0	20.8532176428	6.10022362365
scaffold2096_10_TIGR02627:787:1069:+	57	12.0	12.219858156	3.58007131468
scaffold3976_3_TIGR00914:2112:5235:-	2114	44.0	46.6208773615	16.3630081818
scaffold1904_9_TIGR00005:1381:1810:-	101	10.0	14.8554778555	9.50169162059
scaffold5916_1_TIGR01020:50248:50704:+	388	57.0	68.9978070175	31.2588583167
scaffold1413_13_TIGR00880:1027:1441:-	169	25.0	25.0579710145	5.16271674532
scaffold7111_7_TIGR00005:6:501:-	200	11.0	22.2161616162	29.0497264615
scaffold439_16_TIGR00914:36:1557:+	310	10.0	13.4575936884	14.095371471
scaffold1428_2_TIGR02252:11035:11365:-	183	38.0	37.4848484848	4.78521214578
C230655_1_TIGR00914:367:763:+	412	61.0	70.2070707071	26.5987307076
scaffold10570_1_TIGR00914:10:910:-	149	11.0	11.6633333333	3.59799172379
scaffold324_5_TIGR01720:353:638:-	110	18.0	22.6596491228	9.60591666446
scaffold426_17_TIGR00914:5:1322:+	171	9.0	9.40197568389	3.31643632474
scaffold11565_2_TIGR00914:1:1480:-	1053	42.0	47.3171061528	22.0826445305
scaffold1315_66_TIGR02627:583:1936:-	312	16.0	15.9053954176	3.85317087663
C215539_1_TIGR00005:5:533:+	724	93.0	102.064393939	48.3795327257
scaffold5225_3_TIGR00880:29:428:-	146	20.0	22.1528822055	6.29589399264
scaffold2169_2_TIGR00005:25261:26110:-	1440	107.0	111.83745583	40.6199827947
C251049_1_TIGR00914:1369:2464:-	1206	52.0	72.6867579909	41.017331875
scaffold5465_2_TIGR00914:3:831:-	150	11.0	12.1799516908	5.21218694516
scaffold4247_1_TIGR00005:1200:2136:+	1161	59.0	78.9604700855	43.1497533616
scaffold3440_1_TIGR03906:49265:50378:-	1310	83.0	85.1752021563	9.460507385
scaffold3440_1_TIGR00914:76765:78487:+	2166	92.0	93.181184669	17.0150829855
scaffold136_2_TIGR00880:23271:23682:+	765	141.0	141.759124088	7.95778907855
scaffold3016_21_TIGR01800:217:1372:+	267	14.0	14.2233766234	5.71353438587
scaffold4110_1_TIGR00914:3967:4663:-	559	48.0	55.6695402299	23.9936532033
scaffold12350_3_TIGR00880:88162:88621:-	576	138.0	135.832244009	11.1816144991
scaffold12350_2_TIGR01957:31441:31873:-	554	107.5	115.837962963	28.1222800087
scaffold12350_2_TIGR01962:29765:29999:-	329	104.0	107.923076923	12.5287047142
scaffold10790_2_TIGR00880:3129:3558:+	200	29.0	28.9254079254	6.08747674208
scaffold9728_2_TIGR00914:216:2037:-	1747	43.0	62.0373421197	39.0020308173
scaffold6925_2_TIGR00880:3783:4212:+	133	26.0	26.4382284382	3.64113159414
scaffold6208_12_TIGR00914:5:614:+	91	9.0	9.09523809524	4.5266001245
scaffold13692_3_TIGR03906:1813:2104:-	133	37.0	36.1993127148	3.0190915218
scaffold11039_1_TIGR01316:1:658:-	127	13.0	13.9710806697	5.09430854011
scaffold1115_27_TIGR00880:749:1001:+	45	12.0	11.2023809524	2.61761324358
scaffold4_1_TIGR00914:6851:9884:+	4520	207.0	209.665018134	25.1389521803
scaffold9197_3_TIGR03131:6226:6373:-	322	100.0	101.598639456	14.7171332723
scaffold9619_3_TIGR00152:33131:33677:-	255	30.0	29.8058608059	5.11720169592
scaffold9619_3_TIGR00880:65780:66197:+	139	21.0	21.2757793765	4.06402163806
scaffold9619_3_TIGR02712:49232:49538:+	437	30.0	68.6470588235	64.6687861577
scaffold9619_3_TIGR00698:26532:27492:-	465	32.0	32.2072916667	6.2219159829
scaffold6844_2_TIGR00005:17437:18286:+	1046	83.0	83.9340400471	12.6968043726
scaffold13574_1_TIGR00914:8432:11510:-	1340	31.0	30.9827810266	9.08272012513
scaffold32_11_TIGR00914:5672:8792:+	1483	29.0	31.8929487179	15.5955722356
scaffold2049_3_TIGR00914:22:2755:+	1763	20.0	38.6845956824	38.1295772608
scaffold3963_8_TIGR02214:5:896:+	210	16.0	16.1032547699	4.70576461453
scaffold3963_9_TIGR02214:5:542:+	103	19.0	19.0782122905	4.22079517246
scaffold13712_2_TIGR02252:2095:2692:+	892	95.0	94.1507537688	11.5574765088
scaffold3963_4_TIGR02214:259:1168:+	186	13.0	13.6820682068	4.48283828248
scaffold3963_6_TIGR02214:4:565:+	88	10.0	10.247771836	2.02592806347
scaffold12519_1_TIGR00914:3:582:-	147	12.0	14.8151986183	9.76434123101
scaffold2070_8_TIGR00005:2:506:-	122	15.0	14.880952381	3.55926500094
scaffold8960_6_TIGR00152:530:689:+	17	5.0	5.32075471698	1.78505590603
scaffold12453_8_TIGR02712:1479:2835:+	704	22.0	32.7087020649	23.8232481289
scaffold13145_1_TIGR03992:3270:4032:+	1774	219.0	214.681102362	22.9716105709
scaffold162_16_TIGR00880:13241:13661:-	117	16.0	16.3452380952	3.9111989625
scaffold13741_1_TIGR00880:6096:6468:+	469	144.0	140.362903226	10.3274360641
scaffold9228_3_TIGR00880:910:1324:-	713	103.0	105.654589372	14.7307236098
scaffold9358_1_TIGR00005:10196:11039:-	336	28.0	27.6049822064	5.52503834597
scaffold13271_1_TIGR00880:2400:2706:+	86	18.0	18.022875817	3.76118804642
scaffold11700_1_TIGR00914:16071:19152:+	3891	88.0	88.8607594937	14.6354962121
scaffold11700_1_TIGR03992:5568:6324:-	763	66.0	64.6044973545	11.2162925189
scaffold13464_2_TIGR01316:3008:3224:+	49	14.0	13.4166666667	2.82883630046
C218303_1_TIGR03906:21:525:-	632	50.0	73.0694444444	45.5773058922
scaffold101_5_TIGR00090:514:814:-	63	12.0	11.95	3.96158638258
scaffold5303_2_TIGR00914:24989:28100:-	1902	30.0	41.5634844102	41.0826452281
scaffold168_55_TIGR00698:912:1914:-	349	30.0	30.4760479042	4.79519939889
scaffold168_54_TIGR00880:1571:1982:-	149	23.0	22.4866180049	5.30405812572
scaffold168_52_TIGR00880:6557:6872:+	89	19.0	16.7904761905	5.5663876259
scaffold3053_2_TIGR01316:111:273:-	30	8.0	7.98765432099	2.09640390016
scaffold801_2_TIGR03906:1578:2361:+	143	12.0	12.8212005109	3.77647623593
scaffold2338_1_TIGR02712:14066:15401:-	569	67.0	67.7850187266	8.25353404613
scaffold2338_1_TIGR00914:1013:2048:-	674	83.0	83.3381642512	9.96135734267
scaffold2338_9_TIGR01316:901:2251:-	512	24.0	24.862962963	7.07994811386
scaffold2338_16_TIGR03239:28824:29568:+	247	19.0	20.2701612903	6.68921230522
scaffold598_40_TIGR00880:491:665:+	28	9.0	8.40229885057	1.80331603949
scaffold91_8_TIGR03131:29026:29176:-	72	22.0	22.5133333333	3.89142076311
scaffold3915_16_TIGR03992:9123:9993:+	364	29.0	28.6505747126	6.19786528996
scaffold1385_2_TIGR03992:26557:27307:-	966	78.0	83.8133333333	19.0215970821
scaffold10687_1_TIGR00914:1015:4228:-	3594	79.0	79.6137566138	13.076966633
scaffold5349_3_TIGR00005:4:610:+	51	6.0	6.1204620462	2.09832805934
C251157_1_TIGR00880:1383:1779:-	250	38.0	38.7222222222	5.95086031562
scaffold1148_36_TIGR00880:1496:1814:+	52	10.0	10.3333333333	2.69092737671
scaffold689_17_TIGR00152:11764:12325:-	280	33.0	32.0017825312	5.41487326145
scaffold2841_7_TIGR02214:108:585:-	82	11.0	11.6037735849	5.3400337642
scaffold38_1_TIGR00005:19141:19957:-	482	40.0	39.6164215686	5.99314763437
scaffold11303_3_TIGR00005:334:1030:-	103	10.0	9.75143678161	2.22834359492
scaffold7995_4_TIGR00914:22986:26106:+	3304	74.0	75.3461538462	10.6277659122
scaffold9904_3_TIGR00880:8904:9342:-	207	29.0	29.8173515982	6.50945713984
scaffold9904_2_TIGR00092:35343:35628:-	188	44.0	43.6280701754	4.32235130886
scaffold9904_2_TIGR02214:17657:19475:-	792	36.0	36.7310231023	6.58178096319
scaffold9412_7_TIGR00914:40:586:+	73	9.0	8.58791208791	1.8398718998
scaffold3138_6_TIGR01900:4472:5594:-	252	15.0	14.7754010695	4.04182688763
scaffold9412_4_TIGR00914:4:943:+	378	14.0	23.6900958466	22.7626737484
scaffold9412_3_TIGR00914:4:556:+	185	13.0	21.2867513612	18.1573428265
scaffold1189_1_TIGR01316:1432:1900:+	102	14.0	13.6445396146	2.62462134559
scaffold220_18_TIGR03131:1244:1853:-	126	15.0	14.2315270936	3.15509197735
scaffold3769_4_TIGR00005:497:1316:-	161	13.0	12.7655677656	2.61043950261
scaffold3400_2_TIGR02712:1334:1730:+	1081	248.0	246.441919192	32.6648756521
scaffold2640_32_TIGR00880:9865:10234:-	86	18.0	16.3197831978	4.77183061651
scaffold657_16_TIGR03906:1354:2710:-	274	13.0	13.4528023599	4.28380872828
scaffold4714_2_TIGR00698:5525:6479:-	1618	111.0	113.927672956	20.8182211714
scaffold4714_2_TIGR00152:12722:13268:-	991	116.0	115.591575092	15.8531448011
scaffold6976_27_TIGR00914:1:1468:-	271	10.0	12.0054533061	7.7004216624
scaffold8739_7_TIGR00914:13539:16578:-	1264	29.0	29.5215531425	6.94059639642
C218851_1_TIGR01316:9:594:+	457	56.0	57.735042735	10.2471952906
scaffold1457_42_TIGR02214:369:2181:-	363	14.0	14.1241721854	3.4204182756
scaffold1457_44_TIGR00092:4:976:+	214	14.0	14.3148148148	3.35082857308
scaffold5254_20_TIGR00092:847:1942:-	254	14.0	14.6392694064	4.46155688938
scaffold9237_1_TIGR00914:74680:77713:-	4166	158.0	159.404879657	15.7818420138
scaffold5325_2_TIGR03131:22967:23840:-	325	25.0	23.6208476518	6.37915245107
scaffold5325_3_TIGR00914:2778:5907:-	1145	25.0	25.2460850112	7.20020317132
scaffold5325_1_TIGR00914:5670:7047:-	509	26.0	24.9767610748	5.35285481996
scaffold988_7_TIGR00005:27781:28465:-	258	21.0	22.3216374269	10.1198403766
scaffold6979_2_TIGR03992:14466:15228:-	1111	104.0	103.354330709	12.2047455761
scaffold6979_1_TIGR00880:37349:37775:+	573	107.0	105.563380282	9.00453572879
scaffold2479_47_TIGR01316:3:537:-	281	24.0	31.2078651685	23.9840742637
scaffold325_27_TIGR00880:150:570:-	152	22.0	22.5214285714	8.17819504229
scaffold325_27_TIGR00914:3899:4283:+	168	28.0	27.3411458333	4.80567966269
scaffold41_4_TIGR03906:26316:27474:+	1841	101.0	106.401554404	17.0419647951
scaffold325_28_TIGR00914:11:2480:+	819	23.0	22.9287160794	6.36793602085
scaffold32_3_TIGR00914:7241:10343:-	1133	24.0	24.5103159252	9.18593607795
scaffold1815_27_TIGR02712:642:1557:+	158	12.0	11.4983606557	3.42997833971
scaffold6435_7_TIGR01800:3:807:-	442	12.0	33.5298507463	38.5569986353
scaffold5450_1_TIGR02195:18637:19609:-	594	38.0	41.0771604938	11.3691886056
scaffold10756_2_TIGR03992:25:616:+	86	9.0	9.32656514382	3.16654811264
scaffold2650_6_TIGR03992:2890:3487:+	116	12.0	12.338358459	3.296526671
scaffold2640_14_TIGR00880:10470:10899:+	130	18.0	18.1981351981	4.60317071937
scaffold7041_1_TIGR02712:2034:2448:-	945	204.0	208.345410628	74.8570232391
scaffold9645_4_TIGR02627:3:546:-	108	13.0	13.3517495396	2.23475635841
scaffold5869_8_TIGR00914:878:4025:+	1050	22.0	23.4048299968	5.74454180874
scaffold1616_32_TIGR00914:5043:8100:-	1066	29.0	29.3925417076	6.63268120084
C255029_1_TIGR00880:2906:3338:+	623	132.0	133.224537037	9.63371057357
scaffold73_1_TIGR01900:24470:25499:+	1536	162.0	165.414965986	15.8967089126
scaffold73_3_TIGR01981:8:86:-	162	130.0	127.794871795	8.85692395285
scaffold73_3_TIGR02627:14162:15536:-	2030	150.0	149.083697234	14.8395929456
scaffold73_2_TIGR02214:46849:47065:+	394	98.0	96.9583333333	8.15095569266
scaffold73_2_TIGR01981:87773:88487:-	1053	98.0	101.955182073	31.8983540979
scaffold571_1_TIGR00005:61535:62066:-	1061	121.0	127.70433145	27.2566991036
scaffold466_29_TIGR00914:5:788:+	684	43.0	47.1545338442	33.5863634183
scaffold11536_1_TIGR02214:5051:6983:-	841	30.0	30.135610766	5.74160968456
scaffold11536_1_TIGR00914:38866:41869:-	1630	38.0	38.2624042624	6.54412583142
scaffold5794_5_TIGR01316:4:1264:+	344	24.0	28.5047619048	14.8613425078
scaffold7293_12_TIGR00914:455:1322:+	215	11.0	15.4387990762	13.7331570725
scaffold7690_4_TIGR03131:4:361:+	101	10.0	17.3193277311	13.281861079
scaffold3053_8_TIGR01900:204:873:+	170	15.0	15.5934230194	3.29818790245
scaffold855_9_TIGR03992:6859:7924:-	330	21.0	21.0629107981	3.51586411106
scaffold6391_5_TIGR00087:110:551:-	70	10.0	10.768707483	3.4405900997
scaffold9298_1_TIGR02712:412:1126:+	747	41.0	62.6946778711	45.5146333439
scaffold8845_19_TIGR03992:165:852:-	118	11.0	11.7205240175	3.07791603522
scaffold8739_8_TIGR02627:7594:8254:-	261	26.0	26.9893939394	5.69807593225
scaffold8739_9_TIGR02627:7:670:-	234	23.0	23.7526395173	4.20576220413
scaffold168_30_TIGR01962:7474:8566:+	423	25.0	26.0284142988	6.89758251177
scaffold168_30_TIGR01957:6182:6617:+	223	32.0	32.9494252874	5.40176372992
scaffold980_5_TIGR02627:144:1521:-	321	16.0	15.7690631808	3.60731948669
scaffold9297_4_TIGR00880:18820:19225:-	517	99.0	98.4888888889	7.29403612295
scaffold9297_4_TIGR00914:12884:16016:-	6309	156.0	161.656449553	29.8491970693
scaffold9297_3_TIGR02712:28986:30342:+	2207	139.0	141.713864307	31.6160243171
scaffold9297_3_TIGR00698:34429:35440:-	1652	142.0	141.229475767	13.526570607
scaffold68_1_TIGR02252:1652:2261:-	194	145.0	145.536945813	3.26282205293
C257679_1_TIGR00880:7708:8113:-	208	30.0	30.1111111111	6.88853045663
scaffold6060_3_TIGR03992:45:819:+	474	44.0	45.8927648579	8.16180835424
scaffold4508_1_TIGR00914:18721:21847:-	5272	170.0	172.196737044	18.6874827386
scaffold5851_3_TIGR03992:12241:12769:+	159	17.0	17.7462121212	4.75697104582
scaffold13523_4_TIGR00880:32515:32914:-	618	96.0	95.5614035088	6.44861035214
scaffold1060_82_TIGR02195:717:1575:+	259	8.0	14.7121212121	24.1068883834
scaffold34_2_TIGR00005:56978:57911:-	567	32.0	37.7009646302	14.6239598848
scaffold10769_3_TIGR03992:3272:4016:-	542	65.0	66.751344086	14.2518155161
scaffold598_22_TIGR00914:4:2173:+	468	10.0	14.0792992162	15.7954356168
scaffold598_21_TIGR00914:5:650:+	136	8.0	12.4542635659	10.7319634719
scaffold12830_1_TIGR00005:22145:22985:+	408	31.0	32.075	7.93022210402
scaffold12830_1_TIGR03992:4751:5495:+	324	28.0	27.8844086022	5.87070125729
scaffold8477_8_TIGR00880:19897:20338:+	208	43.0	43.4240362812	4.92153977699
scaffold8477_8_TIGR02195:13939:14965:-	467	46.0	45.6159844055	5.32644821074
scaffold5148_9_TIGR03992:10335:10722:+	75	12.0	12.2687338501	2.74970126617
scaffold5148_5_TIGR03992:3398:4226:-	192	15.0	14.8381642512	3.33483915438
scaffold5148_2_TIGR00005:5446:6112:-	142	14.0	13.3003003003	3.23548733396
scaffold9645_5_TIGR02627:14:677:-	172	18.0	17.2564102564	4.23524147737
scaffold92_4_TIGR01800:6468:6924:-	698	103.5	102.570175439	24.5568510819
scaffold510_1_TIGR03239:198:948:+	189	23.0	22.828	4.00979001944
scaffold10392_7_TIGR03992:1155:1953:+	1109	80.0	89.2794486216	31.0086632522
scaffold2259_23_TIGR00880:771:1032:+	94	22.0	23.1800766284	6.79546174864
scaffold4443_22_TIGR03992:280:1096:-	195	15.0	15.1053921569	3.63347324022
scaffold10_4_TIGR00005:82994:83867:+	547	42.0	42.1340206186	5.40261270505
scaffold10_4_TIGR01900:18483:19644:+	668	37.0	38.6408268734	6.78202676191
scaffold13701_1_TIGR02627:9185:9362:+	127	32.0	34.1242937853	7.16049486056
scaffold6438_3_TIGR00914:64:2725:+	600	14.0	15.509207065	7.16181742796
scaffold2896_11_TIGR03992:875:1646:-	192	11.0	16.4357976654	12.2111541356
scaffold1645_51_TIGR00880:2774:3176:-	116	16.0	16.7014925373	3.6447260011
scaffold4938_1_TIGR00914:1944:4608:+	3036	47.0	72.3006756757	69.7225253421
scaffold3787_11_TIGR00698:5:338:-	47	10.0	9.10510510511	3.06942752795
scaffold1433_34_TIGR00005:197:947:+	158	25.0	24.7786666667	3.35723272288
scaffold3607_3_TIGR03131:6248:6377:-	230	81.0	84.0	15.4322726376
scaffold39_1_TIGR00092:14937:15219:-	612	134.0	137.510638298	16.8089460398
scaffold584_57_TIGR00342:384:1509:+	282	16.0	16.128	3.49088565649
scaffold2266_15_TIGR00880:1115:1565:+	149	19.0	19.6888888889	3.88342473267
scaffold2940_7_TIGR00914:10888:14023:-	5007	165.0	163.083891547	17.7231674809
scaffold13600_2_TIGR01981:15005:15857:-	525	39.0	39.9776995305	8.93459386194
scaffold5033_3_TIGR01316:25197:26538:+	607	30.0	31.1140939597	7.81800554849
scaffold671_1_TIGR00914:2903:5078:-	3073	373.0	378.129195402	45.22819127
C233529_1_TIGR02252:220:625:-	245	78.0	78.4074074074	4.33013493867
scaffold9662_3_TIGR00914:16019:19130:-	1176	23.0	25.9958212793	10.0553106444
scaffold9662_4_TIGR03906:1587:1968:+	123	29.0	27.9737532808	5.20441401917
scaffold10367_1_TIGR00914:3842:6890:-	1299	30.0	30.407808399	6.38342090015
scaffold5874_4_TIGR01316:578:1985:-	270	13.0	13.184790334	3.62138033514
scaffold3915_1_TIGR00092:2784:3873:-	476	33.0	31.9641873278	8.44871110224
scaffold7192_4_TIGR00914:733:3835:-	1271	43.0	42.9941972921	6.20039035894
scaffold455_19_TIGR02214:4563:4998:+	94	13.0	13.5471264368	3.5055895951
scaffold13052_2_TIGR02621:1260:1725:-	236	29.0	31.1827956989	6.51705163986
scaffold7617_1_TIGR00741:20898:21204:+	162	54.0	58.2777777778	8.96058706514
scaffold2259_42_TIGR01962:2921:3152:-	91	21.0	21.7489177489	3.28938817811
scaffold2259_42_TIGR01957:1761:2205:-	111	14.0	14.3018018018	4.29895193559
scaffold177_16_TIGR03131:8608:9523:-	332	22.0	24.0469945355	6.42050840087
scaffold177_18_TIGR00005:861:1758:-	313	23.0	22.6287625418	3.81766385786
scaffold87_3_TIGR01316:30419:31694:-	1764	107.0	107.367843137	12.8258465017
scaffold2896_4_TIGR03992:13:421:-	44	6.0	6.69117647059	2.08230655205
scaffold9561_2_TIGR03992:25897:26587:-	465	41.0	42.8333333333	12.4703609964
scaffold3356_1_TIGR00880:179:704:-	163	11.0	17.3295238095	16.6253960858
C238917_1_TIGR01900:58:925:-	692	78.0	84.339100346	21.406924267
scaffold600_51_TIGR03992:2:569:-	137	11.0	15.1481481481	17.2691912291
scaffold1904_10_TIGR00005:2:461:-	133	14.0	18.0566448802	10.6524136016
scaffold104_2_TIGR02627:15072:15390:+	136	28.0	27.0408805031	4.4419627629
scaffold6208_9_TIGR00914:7:652:+	95	11.0	10.2527131783	2.52669706633
scaffold12633_1_TIGR03992:8408:9152:-	1552	138.0	137.909946237	14.5248658868
scaffold8663_7_TIGR01316:386:1136:+	190	17.0	16.8066666667	3.99949441249
scaffold92_5_TIGR01800:2:671:-	1120	113.0	117.171898356	24.0421662373
scaffold689_9_TIGR00005:1:760:-	216	17.0	19.0882740448	8.21315869863
scaffold3871_18_TIGR00914:9:834:+	104	9.0	8.95873786408	2.4247402742
scaffold58_10_TIGR02712:15488:16865:-	409	20.0	19.8968772694	5.93240528912
scaffold58_10_TIGR03992:12579:13311:+	269	25.0	24.7882513661	3.56749498101
scaffold11946_1_TIGR01316:2635:3970:+	2350	230.0	232.23670412	24.301403321
scaffold2266_43_TIGR00342:2562:3681:-	440	26.0	26.2162645219	5.27099944956
scaffold12322_1_TIGR01316:6723:8058:+	771	199.0	202.102621723	19.8346524754
scaffold376_6_TIGR03992:3:381:+	36	6.0	5.55291005291	1.52877323899
C246565_1_TIGR01316:960:1752:+	783	57.0	63.6527777778	24.975834631
scaffold455_30_TIGR00005:1503:2037:-	79	9.0	9.20786516854	2.58558629544
scaffold339_1_TIGR01020:1685:2156:+	1178	103.0	146.265392781	105.958087956
scaffold6843_5_TIGR01316:1:1291:-	307	16.0	16.3674418605	4.54928502417
C211507_1_TIGR00880:3:261:-	161	38.0	36.7325581395	5.38104140796
scaffold1355_14_TIGR00880:1543:1660:+	26	7.0	6.84615384615	1.95074118991
scaffold6575_13_TIGR01020:4045:4546:+	134	16.0	17.0578842315	4.95917894444
scaffold3251_3_TIGR02627:1:292:-	51	18.0	18.9484536082	3.92464536631
scaffold9019_3_TIGR02712:5315:6650:-	783	39.0	39.8599250936	9.55758443432
scaffold13627_2_TIGR02712:15015:16008:-	507	37.0	37.7794561934	4.99674626321
C254509_1_TIGR02712:1745:2108:+	229	76.0	75.0220385675	5.57489050195
scaffold8092_1_TIGR00880:25830:26235:-	572	85.0	89.6345679012	13.4960365512
scaffold4502_6_TIGR00092:338:620:+	89	11.0	18.0177304965	14.2638400313
scaffold6343_2_TIGR00005:19975:20641:-	1420	107.0	117.6996997	42.1188070084
scaffold6343_1_TIGR02214:6076:7855:-	2248	138.0	140.460370995	17.8323961996
scaffold2400_2_TIGR00880:393:804:-	86	15.0	16.9464720195	4.64161394461
C245531_1_TIGR00914:3:990:-	1031	61.0	69.6808510638	31.0214565756
scaffold3683_1_TIGR00005:3470:4148:+	295	28.0	28.5471976401	5.58601151047
scaffold12561_2_TIGR02627:7819:9187:+	2795	157.0	165.346491228	29.1083598043
scaffold15_1_TIGR02214:21829:22006:-	414	128.0	128.966101695	17.8258677985
scaffold13742_1_TIGR03992:5872:6424:+	952	109.0	110.764492754	16.4106818373
scaffold13742_1_TIGR03906:3264:4380:+	1554	99.0	101.193548387	10.037126134
scaffold2276_27_TIGR02214:175:775:+	112	11.0	13.1333333333	7.41499981269
scaffold10583_10_TIGR03992:2587:3331:-	152	13.0	13.2379032258	2.64191074371
scaffold780_20_TIGR01981:10978:11830:-	545	29.0	37.7546948357	21.5790862069
scaffold930_1_TIGR02627:4062:5436:+	1878	229.0	227.69286754	12.4799224522
scaffold2526_9_TIGR03906:531:1920:+	329	15.0	15.5140388769	4.27113608843
scaffold4690_12_TIGR00880:157:538:+	65	10.0	10.7322834646	2.47967745838
scaffold12119_5_TIGR01800:2095:3241:+	551	31.0	32.3062827225	7.2142175147
scaffold12119_5_TIGR02712:4872:5511:-	207	21.0	21.1392801252	3.97893594447
scaffold12277_1_TIGR01981:390:1242:+	1053	62.0	80.0680751174	40.0984418293
scaffold5655_43_TIGR02712:1198:2524:-	283	16.0	16.326546003	3.66628329074
scaffold7689_20_TIGR00914:10:862:+	426	19.0	33.0457746479	27.3935672941
scaffold8119_2_TIGR00880:5420:5876:-	166	37.0	38.7192982456	5.65609246421
scaffold2158_4_TIGR02712:8264:9248:-	1408	83.0	93.6341463415	28.5986435214
scaffold2158_4_TIGR01316:20830:20956:+	163	55.0	54.5396825397	4.80847597156
scaffold8726_7_TIGR03992:30385:31141:-	440	44.0	48.2380952381	13.2425052606
scaffold8726_8_TIGR00914:35890:39055:-	2110	37.0	43.5699842022	26.9650042263
scaffold3457_17_TIGR00914:43:577:+	126	16.0	15.2528089888	3.73185266581
scaffold13494_1_TIGR02252:5243:5840:-	1056	112.0	113.204355109	14.3854027934
scaffold590_17_TIGR00152:123:558:-	62	10.0	9.26666666667	2.55741727955
scaffold13632_1_TIGR00914:3408:6537:+	4577	102.0	102.627356983	14.6708370793
scaffold7494_11_TIGR00005:2:503:-	53	7.0	7.48103792415	2.49673233964
scaffold5007_3_TIGR02712:16719:17124:+	614	136.0	135.809876543	8.48911583376
scaffold5007_3_TIGR00914:31329:34461:+	2994	102.0	106.522030651	21.9790295379
scaffold6078_1_TIGR01316:3850:5188:+	1913	200.0	204.08445441	19.4292526102
scaffold2338_10_TIGR00741:13598:13880:-	196	38.0	38.2375886525	6.63140004266
scaffold12576_1_TIGR00005:19414:20350:-	1866	125.0	131.550213675	38.4502347913
C227305_1_TIGR02627:12:741:+	444	37.0	40.5843621399	15.0328885779
scaffold12105_2_TIGR00914:279:1089:-	166	13.0	14.0790123457	6.06883795189
scaffold5487_7_TIGR01900:62423:63452:-	449	29.0	29.175898931	6.03111162055
scaffold5487_2_TIGR00092:7343:8441:+	529	29.0	31.8888888889	13.501819497
scaffold13688_1_TIGR00914:10220:13319:+	1418	30.0	31.9870926105	10.4332337496
scaffold1060_63_TIGR00914:36:1395:-	1012	16.0	42.749080206	52.9904918537
scaffold8238_7_TIGR00914:1454:2255:+	190	16.0	16.3058676654	4.97660725322
scaffold8238_8_TIGR00914:1145:2204:+	242	14.0	15.059490085	5.64793762025
scaffold1616_23_TIGR03992:3834:4578:+	355	30.0	31.002688172	4.98546201303
scaffold5419_17_TIGR00005:1673:2447:+	121	11.0	10.7700258398	3.57985040748
scaffold5419_10_TIGR00342:5:575:+	101	12.0	12.2157894737	4.10059000777
scaffold2266_41_TIGR00880:6673:7087:+	181	27.0	27.0434782609	4.4219526452
scaffold220_8_TIGR02627:5652:7020:-	243	12.0	12.0511695906	3.66989671611
scaffold5007_6_TIGR03992:61866:62613:-	1236	101.0	113.366800535	29.686571019
scaffold5007_6_TIGR00880:78978:79404:+	488	77.0	77.6431924883	8.15630250538
scaffold2259_6_TIGR00880:1589:1991:+	184	30.0	29.5845771144	5.0370824835
scaffold2259_8_TIGR03239:517:1255:+	244	21.0	21.2100271003	4.42713451947
scaffold6041_5_TIGR00914:61:604:+	63	8.0	7.95211786372	2.22854206834
scaffold13571_1_TIGR00914:11367:14457:+	1761	41.0	40.5540453074	7.29785787681
scaffold3955_7_TIGR03239:1600:2356:+	178	15.0	15.332010582	5.00445110658
scaffold2771_12_TIGR01981:1219:2047:-	168	12.0	13.461352657	6.87761924502
scaffold2771_13_TIGR01981:1692:2544:-	573	24.0	39.1208920188	40.2445363877
scaffold3605_1_TIGR00914:11541:14658:-	4147	172.0	173.605389798	20.1035866493
scaffold1452_26_TIGR00092:2:959:-	613	13.0	38.7063740857	55.7263474538
scaffold13159_1_TIGR00880:2708:3128:+	209	32.0	31.5071428571	5.35211986738
C237759_1_TIGR01962:116:350:-	199	43.0	44.6794871795	5.6261604837
scaffold3860_1_TIGR03992:3812:4184:+	174	25.0	27.8306451613	10.8568806097
scaffold9729_5_TIGR00914:166:622:-	195	20.0	24.2412280702	12.5248406608
scaffold10132_1_TIGR00152:13122:13305:-	106	72.0	71.5956284153	2.65510797814
scaffold4198_3_TIGR03131:459:1326:-	252	19.0	18.9400230681	5.94737409218
scaffold13713_1_TIGR03906:7727:8834:+	652	223.0	223.943089431	9.1656153442
scaffold13713_1_TIGR00880:25503:25926:+	262	221.0	222.011820331	6.6508573006
scaffold4966_10_TIGR00880:12814:13225:+	173	24.0	26.3844282238	8.89425035589
scaffold227_30_TIGR01981:702:1530:+	402	14.0	28.8828502415	34.0669211481
scaffold4740_8_TIGR00914:402:3060:-	610	12.0	15.0131677953	10.2907056462
scaffold12104_3_TIGR00914:2438:3218:-	411	34.0	35.308974359	7.58004610461
scaffold10464_7_TIGR02252:939:1545:+	105	13.0	13.4306930693	3.16243136319
scaffold2545_7_TIGR03992:5:599:+	151	15.0	15.398989899	5.06264450165
scaffold7036_8_TIGR02627:597:696:+	20	11.0	10.0909090909	1.78710820579
C240505_1_TIGR02627:716:1250:+	373	35.0	42.4082397004	18.9379532798
scaffold362_2_TIGR01800:326:1517:-	263	15.0	15.0848026868	5.70712834637
scaffold1295_10_TIGR00880:18530:18968:+	164	22.0	21.1278538813	5.54780802957
scaffold1295_12_TIGR00914:17531:20555:+	1286	27.0	29.1471560847	12.903840477
scaffold13578_1_TIGR00092:1834:2518:-	844	100.0	105.50877193	25.7474505457
scaffold9163_2_TIGR02252:3178:3751:-	379	42.0	43.0977312391	9.77125169053
scaffold6704_2_TIGR01316:9445:10447:+	1002	138.0	137.920159681	6.48502133928
scaffold10524_2_TIGR00914:5:305:+	194	66.0	65.0833333333	9.78960616618
scaffold10524_3_TIGR02214:1951:3034:-	406	26.0	25.649122807	6.53018183926
scaffold10524_4_TIGR00090:1273:1567:-	150	27.0	27.9931972789	3.57713182457
scaffold10524_4_TIGR02214:3:711:-	313	29.0	29.2542372881	5.41579575199
scaffold6108_5_TIGR01316:4:520:+	70	8.0	8.9067961165	2.81035747773
scaffold8436_6_TIGR02712:894:1791:+	491	12.0	31.2544642857	34.4336509734
scaffold567_3_TIGR03992:14908:15661:+	335	29.0	29.5590969456	6.30853678511
scaffold3652_7_TIGR03992:68:449:+	97	14.0	14.8005249344	3.43015801041
scaffold913_2_TIGR00880:1066:1489:+	61	17.0	17.0449172577	2.21543402623
scaffold3422_1_TIGR00005:100864:101536:-	295	27.0	27.7321428571	5.22923696324
scaffold3422_1_TIGR00914:96294:99393:-	1218	25.0	26.4217489513	10.6850807214
scaffold3422_1_TIGR03992:59191:59941:+	351	30.0	30.912	7.74150648561
scaffold13539_2_TIGR01316:1569:1788:+	55	21.0	20.803652968	1.92384351506
scaffold689_8_TIGR02712:4366:5257:+	337	25.0	24.9090909091	6.49212908271
scaffold4438_2_TIGR02627:6983:8363:-	368	18.0	17.6630434783	4.09845457065
scaffold2308_25_TIGR00087:5:518:+	79	15.0	14.7738791423	2.65486055423
C252835_1_TIGR00087:2110:2803:-	214	19.0	19.4199134199	4.38494163289
scaffold2640_7_TIGR00880:11:431:-	161	23.0	23.5785714286	4.37101032858
scaffold2640_8_TIGR00880:22:436:-	132	20.0	19.7028985507	3.51410426659
scaffold8900_3_TIGR02712:55798:57151:+	1341	84.0	84.2032520325	11.4341556538
scaffold87_1_TIGR00914:2706:5730:+	4549	163.0	163.468915344	20.3862429464
scaffold5805_9_TIGR00880:5013:5403:+	106	17.0	16.4846153846	4.77960616667
scaffold5805_3_TIGR00880:527:701:-	72	25.0	25.9885057471	4.13561557184
scaffold5805_1_TIGR00880:3058:3466:-	161	29.0	30.3602941176	7.32676345043
scaffold4691_4_TIGR00005:18554:19490:-	1435	123.0	133.707264957	28.5400788553
scaffold8909_7_TIGR00914:6:456:+	139	10.0	20.2488888889	20.3995710437
scaffold37_4_TIGR01800:25189:26341:+	610	28.0	34.5034722222	17.833771074
scaffold37_6_TIGR00914:16683:19797:-	1389	27.0	29.4495825305	12.7291656625
scaffold37_6_TIGR03992:43894:44683:+	285	22.0	23.4397972117	8.52509828953
scaffold11802_9_TIGR02712:6458:7442:-	558	45.0	51.4227642276	24.8145178232
scaffold8618_2_TIGR00914:6:2622:-	1884	47.0	49.8119266055	14.3082260173
scaffold346_103_TIGR02214:705:2466:+	345	13.0	13.6002271437	5.45949723996
scaffold13427_3_TIGR00880:168:582:+	83	12.0	13.0893719807	3.87911951409
scaffold2119_8_TIGR01316:40:1246:-	284	15.0	15.8590381426	4.24557485792
scaffold7689_19_TIGR00914:490:2707:+	1842	14.0	51.1596752368	76.226650484
scaffold5561_11_TIGR00914:959:2393:+	638	16.0	28.6457461646	30.9383022943
scaffold673_2_TIGR00092:12423:12705:+	165	33.0	32.8262411348	5.57173904108
C258163_1_TIGR03992:8890:10009:-	630	38.0	38.4825737265	6.76989407317
scaffold1413_2_TIGR00005:7483:8191:-	208	19.0	19.790960452	3.9073055845
scaffold8280_2_TIGR00914:5630:8672:-	5830	130.0	132.624260355	27.2235705004
scaffold13727_1_TIGR00005:26121:26781:+	930	130.0	128.240909091	11.1776763085
scaffold13580_4_TIGR02214:38773:38998:-	149	49.0	49.0711111111	2.88664528262
scaffold12911_5_TIGR03992:17761:18514:-	876	76.0	78.5192563081	9.64123853331
scaffold168_4_TIGR01900:2179:3289:-	387	22.0	22.9801801802	4.55888045012
scaffold168_4_TIGR01316:9907:11260:+	456	22.0	22.8137472284	6.53044857094
scaffold168_4_TIGR00914:4215:7323:-	1129	24.0	24.749034749	7.99811446377
scaffold9544_1_TIGR00741:132:426:-	472	142.0	172.928571429	54.189184226
scaffold4469_2_TIGR00880:409:565:-	38	9.0	11.0512820513	4.41848516766
scaffold5254_4_TIGR01900:5:911:+	143	10.0	10.4801324503	2.90089093114
scaffold1616_9_TIGR00914:81:1947:-	516	19.0	18.8076098607	4.22757826353
scaffold3323_24_TIGR00914:1:1015:-	282	12.0	17.3836291913	16.6361980348
scaffold10386_1_TIGR03906:1257:1542:+	571	169.0	172.287719298	19.4120967004
scaffold10279_2_TIGR03992:19:808:-	167	14.0	13.721166033	2.71377664606
scaffold9887_1_TIGR02214:4414:4627:-	270	49.0	70.2535211268	37.1892956139
scaffold13261_3_TIGR02252:3846:4251:-	148	22.0	21.8716049383	3.9607093319
scaffold58_3_TIGR00914:37867:40990:+	921	21.0	20.8757604867	5.16849600625
scaffold567_18_TIGR00880:3983:4397:+	256	53.0	51.1207729469	6.95186371158
scaffold567_13_TIGR00914:429:3492:+	1102	24.0	24.7982370225	6.70533944272
scaffold567_14_TIGR00914:7733:9845:+	930	27.0	29.6226325758	16.6778783998
scaffold567_15_TIGR00914:3:993:+	402	26.0	27.2393939394	9.52488837848
scaffold11244_9_TIGR03906:1609:1903:+	54	11.0	11.0510204082	2.42453073788
scaffold58_11_TIGR00880:30213:30627:-	176	27.0	26.2487922705	5.36300045718
scaffold3472_1_TIGR00005:1308:2157:+	410	14.0	28.605418139	36.6905182367
scaffold1880_33_TIGR00152:1020:1587:-	111	12.0	12.1322751323	4.70863205309
scaffold9583_3_TIGR00880:805:1249:+	456	11.0	52.2837837838	82.431875275
scaffold270_14_TIGR01800:3542:4760:-	250	14.0	13.9679802956	3.38544057807
scaffold13138_1_TIGR02627:7266:7467:+	431	118.0	116.736318408	6.51100288628
scaffold3963_18_TIGR02627:1856:2168:+	104	19.0	17.6730769231	6.3942717369
scaffold3963_10_TIGR02214:4:202:+	52	16.0	16.0757575758	5.31429539424
scaffold136_1_TIGR00914:5670:8772:+	4821	142.0	142.529335912	20.1987292247
scaffold13718_1_TIGR00880:6107:6572:-	274	37.0	37.3569892473	7.42369640777
scaffold3652_6_TIGR03992:998:1436:+	92	14.0	13.2625570776	2.8319789683
scaffold12590_4_TIGR00005:15686:15935:+	101	24.0	23.8112449799	4.41070644928
scaffold12590_2_TIGR01316:18153:19149:-	556	45.0	45.4106425703	6.6529764445
scaffold12590_2_TIGR03992:5415:5796:-	220	43.0	42.7900262467	5.34509908713
scaffold61_1_TIGR00090:13912:14212:-	825	256.0	256.603333333	15.0616285824
scaffold61_1_TIGR00087:7938:8643:+	1345	230.0	227.425531915	17.1211097119
scaffold61_2_TIGR01957:36749:37181:-	794	141.0	144.395833333	16.7733607481
scaffold61_2_TIGR01962:35085:35319:-	498	146.0	144.944444444	10.2524288925
scaffold7459_2_TIGR00880:70:481:-	174	31.0	28.7274939173	6.36051523543
scaffold4438_14_TIGR00005:217:1009:-	223	18.0	17.9406565657	4.33336405272
scaffold3559_1_TIGR00090:2130:2250:+	165	45.5	48.9333333333	28.6809266858
scaffold7897_4_TIGR02214:10:664:-	139	14.0	13.995412844	2.72685877422
scaffold12372_1_TIGR00880:16754:17093:-	185	33.0	32.8879056047	4.35034342827
scaffold11565_1_TIGR00914:9:633:-	338	46.0	47.5480769231	8.85446411497
scaffold1356_14_TIGR00092:475:1354:+	717	19.0	48.417519909	60.8545307579
scaffold1356_13_TIGR00880:9:354:+	102	10.0	17.2202898551	16.2856082968
scaffold7021_3_TIGR03992:203:1403:-	279	16.0	15.7766666667	4.12231191876
scaffold7021_2_TIGR03992:654:1494:-	234	19.0	18.9142857143	4.88849823218
scaffold13323_2_TIGR00005:13090:13939:+	354	24.0	26.3427561837	12.1907328312
scaffold12723_1_TIGR00880:12771:13188:+	575	142.0	142.215827338	19.1966083847
C238147_1_TIGR02712:247:1129:-	675	46.0	51.3514739229	16.0064132231
scaffold1485_10_TIGR00914:5:677:+	85	9.0	9.0744047619	3.63929442769
scaffold5148_10_TIGR03992:2082:2406:+	82	13.0	13.8858024691	4.43845940467
scaffold1616_8_TIGR00914:378:1374:-	385	27.0	26.2068273092	5.9194215749
scaffold3457_16_TIGR00914:4045:6460:+	709	20.0	20.4215320911	6.9390985844
scaffold465_4_TIGR02214:3:801:-	331	12.0	24.1979949875	23.0742703214
scaffold2964_6_TIGR02195:6745:7267:+	271	32.0	32.7088122605	6.67897419447
scaffold2964_7_TIGR03992:11871:12708:-	454	37.0	36.4563918757	5.73338942036
scaffold11413_1_TIGR03992:7893:8703:-	1504	120.0	121.592592593	19.5636206713
scaffold11414_2_TIGR03992:9699:10356:-	1481	183.0	184.383561644	12.7044223694
scaffold689_20_TIGR02712:5679:5985:+	209	33.5	37.3562091503	19.8052753587
scaffold1216_8_TIGR00005:12:579:+	267	14.0	27.024691358	25.7377101824
scaffold10212_1_TIGR00005:2141:2849:+	482	43.0	43.2838983051	7.35749132439
scaffold689_15_TIGR02214:12687:14373:+	723	29.0	29.6743772242	7.82672040203
scaffold689_14_TIGR00880:4089:4500:+	172	26.0	26.6374695864	8.06617746526
scaffold5508_9_TIGR00914:45:912:+	228	13.0	15.4959630911	8.64530700348
scaffold5508_8_TIGR00914:942:2760:+	505	11.0	16.6518151815	17.8212706961
scaffold5267_1_TIGR02195:2540:3560:+	1800	125.0	127.334313725	15.7659660444
C239233_1_TIGR03992:6:513:-	431	29.0	45.8047337278	33.1946524007
scaffold8845_28_TIGR02195:540:1032:-	155	12.0	16.5101626016	16.2113172596
scaffold2526_31_TIGR00741:833:1127:-	102	20.0	20.0510204082	2.11106148452
scaffold1645_23_TIGR01981:11568:12417:+	358	28.0	28.6690223793	7.59951607849
scaffold1645_28_TIGR00880:12129:12549:+	125	21.0	23.2714285714	5.85927371228
scaffold4624_14_TIGR02712:10160:11162:-	892	45.0	55.374251497	30.406012637
C257293_1_TIGR03906:3127:4438:-	2284	144.0	141.080091533	22.7375935843
scaffold1616_21_TIGR03992:7004:7868:+	365	26.0	26.9733796296	5.62653145114
scaffold1533_12_TIGR02627:6417:7776:+	386	19.0	19.0846210449	6.08193192481
scaffold13194_2_TIGR01316:4652:5831:+	2283	127.0	133.335029686	24.5899478016
scaffold4534_16_TIGR00914:8:1115:+	113	7.0	7.38753387534	1.88244108358
scaffold9904_1_TIGR00152:34983:35532:+	300	35.0	35.4826958106	4.32156569697
scaffold9904_1_TIGR00090:27518:27818:+	195	34.0	36.98	6.91661767051
scaffold12508_3_TIGR01316:4:982:+	215	19.0	18.9601226994	3.87950474161
scaffold62_2_TIGR00092:29547:29826:+	504	167.0	165.964157706	8.53280441427
scaffold62_2_TIGR03992:12175:12430:+	457	163.0	160.423529412	14.9165336382
scaffold9183_2_TIGR00914:27185:30353:-	1942	31.0	39.9813762626	26.7134054253
scaffold9183_2_TIGR02195:59869:60853:+	365	25.0	24.718495935	4.54662201217
scaffold9183_2_TIGR03992:56884:57430:-	264	29.0	30.5732600733	6.32043745835
scaffold466_32_TIGR00914:30:981:+	328	15.0	20.8633017876	19.1570033492
scaffold270_9_TIGR00741:4614:4908:-	55	11.0	12.1802721088	4.33756161251
scaffold2266_9_TIGR00914:2:671:-	185	18.0	18.2227204783	4.35183150433
scaffold7161_20_TIGR00914:3:1836:+	526	23.0	23.1876704855	4.94351296475
C250073_1_TIGR00880:220:418:-	127	31.0	29.8838383838	7.60659213135
scaffold3714_4_TIGR02627:1564:2842:+	300	14.0	15.2809076682	5.96993996734
scaffold13068_1_TIGR00914:6:2583:+	5316	134.0	141.934807916	28.3022864965
C225045_1_TIGR01020:29:503:+	339	67.0	67.0084388186	4.85745463131
scaffold11722_2_TIGR02214:1842:3609:-	3000	117.0	116.925297114	19.1711993246
scaffold1722_3_TIGR02627:843:1545:+	86	8.0	8.01854493581	2.98420925419
scaffold10968_2_TIGR00880:6995:7394:-	553	81.0	84.2355889724	12.9634008267
scaffold1722_4_TIGR02627:4:523:+	60	8.0	8.27552986513	2.7404060109
scaffold2169_5_TIGR00914:22053:23181:+	1767	136.0	140.013297872	17.186111015
scaffold2559_2_TIGR01900:5:527:+	87	11.0	11.1091954023	2.56888837345
scaffold1189_2_TIGR01316:6:762:+	139	13.0	12.7671957672	4.15363461273
scaffold2170_29_TIGR02627:1634:2327:+	67	7.0	6.7215007215	2.84299337179
scaffold3276_33_TIGR00698:36:1041:-	218	24.0	24.192039801	4.49631538686
scaffold8580_5_TIGR03992:181:766:-	118	13.0	13.0769230769	3.79147457085
scaffold1878_1_TIGR01981:32:782:-	148	13.0	13.5866666667	3.84219844476
scaffold2266_35_TIGR00914:8565:11688:+	1393	35.0	36.4015369837	7.76657684294
scaffold2338_12_TIGR00092:7873:8119:+	168	38.0	38.256097561	6.58245569543
scaffold2371_62_TIGR01800:2685:3903:-	247	12.0	13.276683087	5.46685473161
scaffold9228_2_TIGR00092:81852:82950:-	2448	167.0	171.743169399	30.2496529925
scaffold10651_1_TIGR00698:27:981:+	609	36.0	38.64360587	18.2539971785
scaffold9805_3_TIGR00914:1:1549:-	1569	51.0	64.5878552972	30.1658534697
scaffold9805_1_TIGR00914:3:1218:-	955	48.0	55.7637860082	27.0859811672
C223937_1_TIGR02214:6:696:+	4511	701.0	698.743478261	47.2081667531
scaffold6704_4_TIGR00152:20243:20792:-	789	92.0	91.6047358834	13.4530978879
scaffold6704_4_TIGR00698:13558:14509:-	1365	94.0	95.5804416404	26.8084217862
scaffold2616_2_TIGR00741:51:345:-	162	33.0	31.3605442177	7.16752462344
scaffold2964_3_TIGR00092:5292:5673:+	259	40.0	40.6351706037	4.79070861281
scaffold1428_11_TIGR03239:4:367:+	127	18.0	20.0330578512	5.73846988796
scaffold10524_1_TIGR00914:7939:10702:+	705	17.0	17.9887803113	4.79566746312
scaffold2249_10_TIGR00914:1690:2932:+	267	15.0	14.9066022544	4.12204765391
scaffold2249_11_TIGR00914:8:1778:+	405	15.0	16.0129943503	5.03213970562
scaffold7293_26_TIGR00914:554:1619:+	209	10.0	12.4154135338	11.988339699
scaffold11674_1_TIGR01316:3:219:+	219	39.0	61.462962963	39.6149115972
scaffold2526_23_TIGR01020:9290:9785:+	163	22.0	20.9070707071	4.2172625648
scaffold9501_4_TIGR03992:4226:4766:+	387	45.0	45.5685185185	5.97749867401
scaffold9501_4_TIGR02195:11084:12104:-	956	46.0	55.7019607843	28.9938701446
scaffold29_1_TIGR00914:11392:14530:+	4263	92.0	94.3333333333	19.8122266662
scaffold9688_4_TIGR00914:6220:7606:+	1323	50.0	64.8665223665	36.9484480246
scaffold567_9_TIGR00914:406:3442:-	1366	36.0	38.121541502	14.4009056678
C221707_1_TIGR01957:3:333:+	477	90.5	80.7272727273	25.6408442248
scaffold838_1_TIGR00698:846:1803:-	613	72.0	71.5935214211	9.74314215497
scaffold13458_2_TIGR02712:25170:25599:-	246	34.0	34.1165501166	5.70775706056
C242781_1_TIGR00741:934:1228:+	665	97.0	113.598639456	81.3876806155
scaffold255_18_TIGR00880:234:654:+	65	14.0	13.8047619048	3.81912183754
scaffold3631_3_TIGR00914:15449:18557:+	5961	113.0	131.987129987	51.5612163978
scaffold12119_6_TIGR02712:2:254:-	66	16.0	15.7698412698	2.0592905945
scaffold11083_1_TIGR00914:33:3156:-	3755	55.0	77.8318924111	48.8166426464
C250503_1_TIGR01981:1573:2356:-	794	50.0	67.4201787995	48.2156019059
scaffold3915_2_TIGR00548:3789:4392:-	201	22.0	21.5771144279	3.86229899553
scaffold4164_5_TIGR00005:1:364:-	55	12.0	12.8842975207	2.46470428373
scaffold4720_1_TIGR00914:11:854:+	84	7.0	7.24080664294	2.46640926765
scaffold34_1_TIGR02627:20738:22109:-	466	67.0	68.223924143	5.60896017101
scaffold2368_1_TIGR00914:48084:51249:+	7279	161.0	170.013586098	37.9062467635
scaffold2368_1_TIGR03906:17046:18195:-	2584	171.0	167.853785901	15.9388364241
scaffold12541_1_TIGR00914:3830:4883:+	524	31.0	32.584045584	10.4992113829
scaffold10531_3_TIGR00005:2:917:-	442	13.0	29.8677595628	31.4770624946
scaffold13639_1_TIGR00914:1849:4975:-	3509	194.0	200.851887396	23.0200920883
scaffold3871_23_TIGR00914:8:524:+	68	9.0	8.75775193798	2.03015970667
scaffold7393_8_TIGR01316:265:1600:-	242	14.0	14.2157303371	4.38211120625
C232941_1_TIGR01800:1:457:-	405	54.0	57.0175438596	14.7857402001
scaffold7459_19_TIGR00880:1680:2058:-	140	20.0	20.2195767196	4.22100289378
scaffold3871_17_TIGR00914:1468:2071:+	130	7.0	11.0298507463	13.7055908921
scaffold10439_5_TIGR02712:28727:30077:+	514	25.0	25.6874074074	7.22106414267
scaffold227_28_TIGR01981:7:553:+	175	12.0	20.9212454212	19.6249455123
scaffold1920_3_TIGR03906:61:766:+	114	10.0	10.5957446809	3.37781397983
scaffold9791_3_TIGR01020:19:484:+	1548	198.0	188.640860215	109.197434131
scaffold12160_8_TIGR02252:487:1084:-	118	12.0	12.0284757119	2.34913859008
scaffold3323_26_TIGR00914:1:484:-	111	17.0	19.1076604555	7.43980699124
C247065_1_TIGR00880:718:1159:-	739	108.0	106.451247166	15.1592604937
scaffold13586_1_TIGR00914:29373:32496:+	5062	128.0	130.2792187	21.7596138413
scaffold12671_2_TIGR00914:5110:8221:-	3958	55.0	81.9967855995	61.8994372381
scaffold2266_40_TIGR02897:1483:2047:+	343	33.0	37.4308510638	11.4543731925
scaffold2266_40_TIGR02627:3776:4088:-	96	19.0	18.6923076923	4.09364013396
scaffold6530_1_TIGR00092:1:154:-	320	75.0	104.437908497	77.4494420851
scaffold11760_3_TIGR00880:47067:47511:-	1247	184.0	215.515765766	74.0515234807
scaffold11760_2_TIGR01900:43:910:-	1821	135.0	136.164936563	20.6854125108
scaffold3440_2_TIGR00914:312:1284:+	1151	104.0	106.534979424	12.8376139526
scaffold3440_3_TIGR00914:28403:31511:+	3536	79.0	81.4057271557	20.6559530658
scaffold11088_1_TIGR02712:15208:16192:-	1822	249.0	254.586382114	24.6300401866
scaffold2363_13_TIGR03906:317:1031:-	130	12.0	12.0392156863	3.44807459787
scaffold1622_9_TIGR03906:35:341:-	81	9.5	15.7222222222	12.1960280807
scaffold2266_7_TIGR00914:2:1271:-	281	15.0	15.0985027581	3.48187778872
scaffold177_24_TIGR00880:1858:2284:+	149	19.0	19.5023474178	4.32008565072
scaffold7066_3_TIGR00880:9564:10002:-	553	78.0	79.0205479452	7.69195972744
scaffold177_20_TIGR00880:1178:1580:+	125	20.0	19.6940298507	6.48982473214
scaffold9923_1_TIGR00914:8:704:+	349	28.0	30.3347701149	15.6910270941
scaffold1_4_TIGR00880:8163:8583:-	212	32.0	30.9285714286	5.16532789326
scaffold7294_2_TIGR03992:16632:17310:-	246	24.0	24.4793510324	6.16144771356
scaffold3541_11_TIGR00005:4317:5013:+	195	19.0	18.9913793103	3.63886039771
scaffold9225_3_TIGR01900:239:722:+	135	18.0	17.6625258799	5.00971968702
scaffold1844_6_TIGR01800:615:1848:-	238	22.0	22.599351176	3.33066553595
scaffold10927_1_TIGR03992:163:595:-	109	16.0	15.9861111111	2.1804670895
scaffold6275_13_TIGR01800:6368:7586:+	325	18.0	17.8440065681	3.63642867441
