scaffold8421_2_TIGR01316:2150:3551:+	521	25.0	27.1812990721	7.91784863046
scaffold11117_2_TIGR00914:8:995:-	654	23.0	45.4427558257	47.1772779838
scaffold11117_1_TIGR00914:982:2059:-	432	15.0	19.7381615599	15.6901332053
C792943_1_TIGR03906:673:1339:+	838	138.0	145.726726727	25.480495522
scaffold87_8_TIGR00005:17826:18702:-	260	23.0	23.5410958904	5.4817589322
scaffold53142_1_TIGR01981:5:344:+	180	37.0	35.6843657817	19.1301417126
scaffold34114_2_TIGR02195:3533:4553:+	1473	118.0	119.178431373	16.5741212611
scaffold48768_1_TIGR01316:1787:2237:+	60	9.0	9.92444444444	3.77283598345
scaffold48768_2_TIGR01316:4:916:+	248	12.0	17.7368421053	11.6251222454
scaffold61262_1_TIGR03992:2737:3340:-	148	19.0	19.1525704809	3.89624208024
scaffold23184_3_TIGR03992:17871:18540:+	125	14.0	14.5411061286	3.28062655375
scaffold23184_6_TIGR02214:1483:3136:+	420	19.0	20.8257713249	7.59181836418
scaffold23184_7_TIGR00880:9117:9534:+	94	15.0	15.551558753	2.89758912721
scaffold4286_2_TIGR02214:8:500:-	78	11.0	12.5670731707	5.96786560581
scaffold7930_1_TIGR00880:18:423:+	59	11.0	11.2691358025	3.50578505941
scaffold15002_3_TIGR00092:2010:2292:+	359	71.5	72.7765957447	31.5445719517
scaffold61299_1_TIGR00914:2306:5330:-	941	25.0	25.8508597884	7.15603996572
scaffold19426_4_TIGR01800:932:1166:-	122	36.0	36.8632478632	8.01590937615
scaffold87_1_TIGR00092:22207:23302:-	251	18.0	18.3479452055	3.80631929219
scaffold49385_1_TIGR03131:265:631:+	26	5.0	5.22677595628	1.80782875207
scaffold49385_2_TIGR03131:5:485:+	38	6.0	6.48958333333	2.18133556024
scaffold11487_2_TIGR00005:5:608:+	69	9.0	9.36815920398	1.8011736807
scaffold22745_9_TIGR02214:2261:3254:+	206	18.0	17.524672709	3.63734206803
scaffold22745_9_TIGR00005:11617:12496:+	158	15.0	14.827076223	3.42641077061
scaffold5537_7_TIGR00005:14765:15425:+	477	37.0	48.7742424242	30.2064452816
scaffold61242_1_TIGR00005:1515:2226:+	221	23.0	22.5921237693	4.29988975313
scaffold39227_10_TIGR03992:304:1066:-	182	22.0	22.7532808399	6.7759045844
scaffold58548_4_TIGR02214:13611:14898:+	542	34.0	33.7925407925	5.71667284359
scaffold58548_4_TIGR02627:8988:9303:+	138	28.0	29.5904761905	6.97573377345
scaffold58548_3_TIGR02627:2196:3399:+	376	26.0	26.038237739	6.43661085679
scaffold272_3_TIGR03992:209:1367:-	996	67.0	64.1813471503	13.108419854
scaffold33584_1_TIGR00914:14:1124:+	2692	189.0	191.934234234	31.6840284188
scaffold34235_3_TIGR00914:36:573:-	584	60.0	64.582867784	52.1219484392
scaffold48967_2_TIGR02214:4:697:+	181	12.0	18.8095238095	12.31505942
scaffold43017_2_TIGR02712:1670:3059:+	1713	88.0	95.1936645068	35.5697117602
scaffold43017_2_TIGR00741:39111:39405:+	534	102.0	100.180272109	41.235240426
scaffold30727_1_TIGR01316:4:751:+	79	9.0	9.04155495979	2.67038966447
scaffold60568_1_TIGR02712:3:198:-	17	5.0	5.34871794872	1.55297428362
scaffold47152_4_TIGR00914:3:1341:-	127	8.0	8.28774289985	2.45470461077
scaffold12872_6_TIGR03131:1558:2458:+	128	10.0	10.78	3.57187159157
scaffold1972_3_TIGR03992:692:1262:+	63	7.0	7.59298245614	2.61358526684
scaffold27230_13_TIGR02214:21:858:-	65	6.0	6.27956989247	1.86092969056
scaffold14072_1_TIGR00092:9:507:-	43	6.0	7.06024096386	3.35460864166
scaffold55223_2_TIGR00880:263:680:+	68	9.0	10.0455635492	4.99403344063
C808965_1_TIGR00698:1201:2158:-	329	25.0	26.1212121212	9.39351804091
scaffold40057_9_TIGR00005:2464:2959:+	55	9.0	8.90909090909	2.85929605341
scaffold22_12_TIGR02712:5393:5717:+	529	46.0	79.8919753086	67.8976903536
scaffold22_10_TIGR00914:9598:12700:-	2878	70.0	74.2024500322	25.1697708261
scaffold22_10_TIGR03906:37847:38963:+	1057	73.0	75.0672043011	14.4875412944
scaffold33326_2_TIGR00880:85731:86181:+	448	149.0	151.337777778	9.7311250666
scaffold28591_2_TIGR00092:1439:1667:+	29	10.0	9.49339207048	2.66709438502
scaffold1530_29_TIGR00741:912:1206:-	47	10.0	10.2108843537	5.87017283816
scaffold7104_3_TIGR00914:7:301:-	37	9.0	8.50340136054	2.28385087633
scaffold7104_2_TIGR00914:2:590:-	57	8.0	7.57142857143	3.03045763366
scaffold39717_1_TIGR00698:1033:1789:-	146	16.0	16.1005291005	3.65444568506
scaffold6513_7_TIGR01316:1422:1695:+	127	27.0	25.6593406593	5.82633866814
scaffold35344_4_TIGR03992:25:460:-	76	11.0	12.1333333333	4.66196807799
scaffold5854_8_TIGR01020:1874:2393:+	143	20.0	19.5722543353	6.70849696481
scaffold22763_23_TIGR03131:180:1092:+	117	10.0	10.2697368421	3.79312118865
scaffold188_6_TIGR03906:13314:14463:+	573	22.0	31.5604873803	21.8733805046
scaffold4048_3_TIGR00005:41:764:+	132	12.0	12.8587257618	5.62685365305
scaffold61153_5_TIGR00092:807:1905:+	1613	104.0	114.224954463	39.4340129954
scaffold37505_1_TIGR01962:446:686:-	522	114.0	123.220833333	28.9716309397
scaffold5530_2_TIGR00880:548:674:+	14	7.0	6.53968253968	2.18817454416
scaffold47269_3_TIGR01800:213:1419:+	191	12.0	12.9369817579	5.1249083326
scaffold59196_1_TIGR01900:2267:3296:-	323	25.0	24.3867832847	7.2389495727
scaffold47215_3_TIGR02712:7452:7713:+	384	130.0	138.969230769	28.0058890679
scaffold14479_5_TIGR00914:23:1508:-	115	7.0	6.567003367	1.71830767207
scaffold14479_4_TIGR00914:1:631:-	48	5.0	5.4746031746	1.58118583729
scaffold12390_6_TIGR01316:496:1903:-	303	14.0	15.7533759773	6.11750732343
scaffold32665_3_TIGR00914:3251:6374:-	1737	36.0	42.0259365994	27.0282338305
scaffold41832_5_TIGR00092:495:780:-	43	6.0	9.44561403509	7.79527680153
scaffold56538_3_TIGR01981:2:578:-	271	18.0	27.5815972222	28.2648733257
scaffold25481_3_TIGR02712:933:1335:+	80	14.0	14.3955223881	3.81608012405
scaffold21303_5_TIGR02252:265:667:-	38	8.0	7.29353233831	1.71716762054
scaffold51086_3_TIGR00092:504:840:+	33	8.0	7.32142857143	2.52681200558
scaffold18594_3_TIGR00914:3:435:+	58	9.0	9.6875	3.37570723043
scaffold18594_2_TIGR00914:4:1252:+	164	11.0	11.375	3.29511341776
scaffold18594_1_TIGR00914:1208:2471:+	169	10.0	11.5653206651	4.2316495032
scaffold6055_4_TIGR01800:508:577:-	11	8.0	8.3768115942	1.72030877979
scaffold6483_2_TIGR00698:460:616:+	24	8.0	7.58974358974	2.38819692438
C722310_1_TIGR02712:3:534:-	1238	190.0	189.265536723	22.9352465748
scaffold15234_1_TIGR02214:2:491:-	214	33.0	35.8752556237	12.7782239512
scaffold227_1_TIGR00092:1527:1761:+	613	190.0	172.675213675	46.5104214146
scaffold8523_9_TIGR02621:1390:2062:+	81	9.0	9.47470238095	2.16216448694
scaffold24649_5_TIGR02214:407:1445:-	196	14.0	14.8949903661	5.55074279862
scaffold85_4_TIGR01800:4271:5426:+	1149	77.0	80.1238095238	15.8223168393
scaffold15826_1_TIGR03992:200:1265:-	237	15.0	16.5896713615	7.28466692392
scaffold5859_1_TIGR02214:8:1070:+	535	42.0	38.6770244821	13.2248489002
scaffold5917_10_TIGR00005:40:718:+	78	10.0	9.658788774	3.38171733329
C763157_1_TIGR02214:5:431:+	764	171.0	163.093896714	18.1201159281
scaffold22670_1_TIGR02214:8:1538:-	257	14.0	14.1549019608	3.89538760565
scaffold457_2_TIGR00914:15650:18686:-	1472	40.0	46.6086956522	18.2358571405
scaffold457_2_TIGR02252:5852:6449:+	184	29.0	30.0753768844	6.93733714285
scaffold54370_2_TIGR00914:7656:10818:+	6767	174.0	167.967741935	45.9031400196
scaffold61355_1_TIGR03992:11437:12535:+	352	25.0	25.602003643	4.23867564377
scaffold12236_2_TIGR02712:4:655:+	103	11.0	12.4316436252	4.82372976862
scaffold12236_3_TIGR02712:3:525:+	84	11.0	12.1685823755	4.03983155422
scaffold43210_1_TIGR01900:2585:3671:-	293	21.0	21.2219152855	4.30678064211
scaffold11117_4_TIGR00914:20:569:-	409	38.0	52.2422586521	31.3663580062
scaffold60952_1_TIGR02712:11404:12379:+	440	42.0	41.2943589744	7.81034941103
scaffold48202_5_TIGR02214:93:1350:-	155	9.0	9.54892601432	2.5058786968
scaffold4532_11_TIGR03992:557:992:-	55	10.0	9.23908045977	2.08063630419
scaffold40850_1_TIGR01962:482:692:-	107	28.0	26.2952380952	6.3769283687
scaffold40850_5_TIGR00880:9526:9925:-	149	35.0	34.380952381	3.18678947581
scaffold22953_1_TIGR02712:22729:23044:+	627	85.0	129.168253968	71.6491469735
scaffold22953_1_TIGR03906:1718:2813:+	797	85.0	85.7452054795	10.5866251593
scaffold2797_8_TIGR03992:2015:2579:+	106	12.0	12.9982269504	2.72465699154
scaffold2797_5_TIGR00092:1:922:-	340	26.0	30.6330076004	14.2267184738
scaffold28617_7_TIGR03992:107:584:-	57	9.0	9.33333333333	1.61621759956
scaffold31892_2_TIGR01020:15512:16010:+	195	25.0	27.3353413655	6.40547550536
scaffold31892_2_TIGR01800:2219:3410:+	385	27.0	26.5533165407	6.58843887305
scaffold549_4_TIGR03906:3:510:+	300	40.0	42.7351778656	13.3331079074
scaffold11372_1_TIGR02214:6:738:+	77	9.0	8.87978142077	2.8422603097
scaffold46300_7_TIGR00880:875:1208:+	66	14.0	13.8318318318	6.64875580101
scaffold15359_1_TIGR03239:6736:7483:+	179	18.0	17.969210174	3.29745588394
scaffold4241_16_TIGR02214:931:2131:+	160	11.0	10.695	3.06979505288
scaffold53053_1_TIGR02712:12985:13306:+	157	25.0	29.5856697819	11.2382710171
scaffold1291_4_TIGR00914:3177:6297:+	1051	27.0	27.5769230769	5.60464374944
scaffold30135_1_TIGR01020:5:416:+	1321	291.0	297.649635036	58.6963721682
scaffold61371_1_TIGR00914:370:3394:-	1061	25.0	28.1858465608	14.3442367424
scaffold4817_6_TIGR00090:54771:55065:-	62	15.0	14.4965986395	3.05588347371
scaffold17774_2_TIGR00914:1:898:-	95	8.0	8.67001114827	2.68949052958
scaffold49125_1_TIGR03906:3498:4722:+	193	28.0	28.6176470588	3.44435917842
scaffold54032_3_TIGR01316:649:1375:-	115	11.0	11.3746556474	5.9689386148
scaffold21565_7_TIGR01316:1425:2760:-	378	20.0	21.3325842697	6.24483802318
scaffold21565_1_TIGR00005:6356:7199:+	185	17.0	17.4543297746	3.54784142289
scaffold30537_5_TIGR00092:7284:7374:-	68	31.0	30.6444444444	3.1843754354
scaffold26401_2_TIGR01316:7846:9181:-	1168	64.0	67.4576779026	17.5637385815
C776167_1_TIGR00914:3:453:+	950	224.0	221.784444444	26.4460075168
scaffold10769_1_TIGR00005:309:828:+	508	76.0	75.6165703276	10.1104400053
scaffold52837_2_TIGR00741:895:1189:+	383	44.5	63.9829931973	49.4895342116
scaffold39241_1_TIGR00005:19024:19960:+	797	42.0	58.7628205128	31.3053841891
scaffold33271_1_TIGR03906:4615:5707:+	341	36.0	36.4157509158	5.14507918508
scaffold17261_8_TIGR02214:5:992:-	325	17.0	24.9696048632	20.3112829467
scaffold23185_3_TIGR00880:67:487:+	97	23.0	23.1047619048	3.50828627144
scaffold23185_2_TIGR00880:1015:1432:+	92	16.0	16.1582733813	2.32984697928
scaffold25788_2_TIGR00152:78:618:+	109	10.0	12.1518518519	9.52011011337
scaffold33306_3_TIGR03131:792:1695:+	121	11.0	10.6079734219	3.79094079426
scaffold954_23_TIGR03131:1201:2068:-	338	27.0	30.4048442907	10.9953801588
scaffold13468_10_TIGR02214:560:1187:-	72	9.0	9.50558213716	3.21200163227
scaffold13468_11_TIGR02214:20:356:-	41	9.0	9.34226190476	1.94082079543
scaffold29531_5_TIGR02214:10:946:-	198	12.0	15.7222222222	10.8167416228
scaffold36962_3_TIGR01800:3:528:+	51	7.0	7.06285714286	2.24284076427
scaffold41924_3_TIGR02712:3:558:-	48	7.0	7.14234234234	2.13750505187
scaffold7783_5_TIGR01800:648:1161:+	46	7.0	7.32748538012	2.97651052816
scaffold60181_1_TIGR03992:262:814:+	66	9.0	9.45108695652	2.47987528461
scaffold7889_1_TIGR03131:3:660:-	550	22.0	54.4277016743	72.2240174727
scaffold52333_5_TIGR00914:1:649:-	86	10.5	11.3888888889	4.14401248866
scaffold52333_2_TIGR00914:1:892:-	121	17.0	17.8608305275	3.79448814406
scaffold39312_1_TIGR00914:3:624:-	986	216.0	215.170692432	10.0974245056
scaffold5006_1_TIGR00914:1:3034:-	1763	28.0	39.8295417079	37.4319422999
scaffold221_4_TIGR01981:19465:20293:-	463	37.5	41.9359903382	16.3288816578
scaffold22403_10_TIGR02712:3:312:-	42	9.0	9.83818770227	3.29356997619
scaffold59522_3_TIGR02195:5659:6679:+	1158	92.5	92.8823529412	11.2740323855
scaffold14865_1_TIGR02214:3:582:+	46	6.0	6.9378238342	3.59902156585
scaffold29246_7_TIGR01981:112:964:+	465	40.5	38.4354460094	25.8986705826
scaffold5674_1_TIGR03992:8:590:+	481	97.0	97.7628865979	16.0753850355
scaffold9018_7_TIGR03992:14:803:+	161	14.0	14.8732572877	3.63815259195
scaffold57688_1_TIGR02214:9:882:-	494	46.0	46.4112256586	8.55782634432
scaffold16814_2_TIGR01316:555:1089:+	232	27.0	27.3277153558	15.0754438455
C752799_1_TIGR03992:308:716:+	515	97.0	98.6691176471	13.7290241861
scaffold7175_3_TIGR02214:11:1169:+	120	13.0	13.4481865285	2.53514011422
scaffold26444_3_TIGR01316:61:1396:-	282	8.0	12.0629213483	16.805891481
scaffold25909_2_TIGR00914:2:2375:-	475	14.0	15.4622840287	8.13160488896
scaffold48463_9_TIGR03992:1:610:-	105	11.0	12.6666666667	5.22142443451
scaffold48463_8_TIGR03992:2449:3535:-	142	7.0	8.32320441989	4.33937338457
scaffold38215_1_TIGR03906:14:404:+	31	6.0	6.04615384615	1.94617918297
scaffold87_7_1_TIGR01800:19611:20835:-	395	26.0	26.9975490196	6.3964216308
scaffold87_7_1_TIGR03992:43381:44464:-	366	27.0	26.5087719298	4.6620475755
scaffold25122_4_TIGR01981:2088:2499:+	114	21.0	20.598540146	3.76717772864
scaffold25122_5_TIGR01981:5:320:+	101	23.0	22.7936507937	4.77812053825
scaffold41957_4_TIGR00152:16959:17520:+	273	62.0	61.5650623886	14.4999769637
scaffold41957_4_TIGR00698:22650:23595:+	692	79.0	82.7650793651	11.9585637163
scaffold41957_2_TIGR02252:17:548:+	353	70.0	69.8926553672	4.35108951352
scaffold10105_5_TIGR02214:6:873:-	132	11.0	11.7450980392	5.82329833832
scaffold10105_6_TIGR02214:2:836:-	82	8.0	8.603117506	2.66103239339
scaffold10105_3_TIGR02214:2370:2817:-	48	14.0	13.5906040268	2.60702910489
scaffold21390_4_TIGR01800:74:1268:-	126	7.0	8.19346733668	4.42093287006
scaffold51671_4_TIGR03992:216:765:+	67	9.0	9.33151183971	1.55977722778
scaffold30683_4_TIGR01020:200:770:-	344	37.0	37.2228070175	13.9148225593
scaffold12168_1_TIGR00914:569:1589:+	266	43.0	47.8137254902	13.5593325015
scaffold12168_2_TIGR00914:4:625:+	76	10.0	10.0676328502	2.70180932407
scaffold12168_4_TIGR00914:13:1171:+	224	10.0	12.8497409326	10.0968477323
scaffold9177_2_TIGR00914:3:831:+	115	11.0	11.3792270531	4.34793008464
scaffold9177_7_TIGR00914:3:795:+	340	24.0	31.779040404	22.8324577379
scaffold40376_1_TIGR01900:1942:2971:-	340	26.0	26.48202138	10.7641432894
scaffold14861_2_TIGR02712:35657:37007:-	306	18.0	18.4311111111	4.49469591385
scaffold23006_6_TIGR00092:14894:15176:-	141	28.0	33.4645390071	12.4256862462
scaffold2190_3_TIGR00914:3:1077:-	212	8.0	13.1061452514	14.7899602139
scaffold2190_2_TIGR00914:3:1692:-	419	12.0	19.2729425696	21.2029742749
scaffold8775_15_TIGR03992:1642:2170:+	55	8.0	8.28842504744	2.72668985355
scaffold39352_1_TIGR01800:22935:24150:-	303	17.0	19.7646090535	8.03545016879
scaffold16667_24_TIGR00914:5:1982:+	1160	36.0	43.0945877592	29.5326376735
scaffold16667_23_TIGR00914:235:1312:+	355	26.0	26.3528319406	7.90037338319
scaffold6648_10_TIGR00914:11:617:+	64	13.0	13.5891089109	1.70162420896
scaffold5029_4_TIGR01316:1062:2397:+	421	18.0	21.0981273408	10.2493315875
scaffold3364_2_TIGR02214:8344:8569:-	87	26.0	25.7822222222	6.62263085988
scaffold3364_2_TIGR01900:20597:21626:-	353	25.0	25.4645286686	6.96527240848
scaffold25861_1_TIGR00914:1852:4942:+	436	12.0	12.0268608414	3.62572481539
scaffold61373_1_TIGR02627:7354:8734:-	1394	80.0	82.9514492754	19.8891811517
scaffold20811_3_TIGR00914:232:571:+	32	6.0	6.69026548673	1.26965709271
scaffold20811_4_TIGR00914:3:1089:+	104	8.0	7.74217311234	2.50410500391
scaffold523_5_TIGR02712:13165:13435:+	129	40.0	39.0222222222	6.12156681307
scaffold523_5_TIGR02214:29489:30749:+	310	30.0	30.3603174603	4.35328883819
scaffold523_5_TIGR00005:47368:48322:+	261	32.0	31.5094339623	5.83979113293
scaffold3875_10_TIGR00092:22244:22526:-	372	86.0	86.4042553191	17.8700901994
scaffold3875_10_TIGR00880:38395:38734:+	268	55.0	56.1740412979	5.31784205669
scaffold14672_8_TIGR00914:3:498:+	111	11.0	14.5878787879	12.7429859711
scaffold4354_21_TIGR02627:6:663:-	157	20.0	19.1750380518	5.41839566702
scaffold4354_21_TIGR00698:18505:19549:-	389	26.0	28.7136015326	10.0908406013
scaffold5495_3_TIGR00092:9903:10167:-	191	42.0	43.9431818182	11.1606973632
scaffold51623_5_TIGR01957:401:467:+	26	68.0	68.6515151515	1.65595732856
scaffold8169_5_TIGR01316:5285:6224:-	342	27.0	27.04685836	8.90943297788
scaffold8169_3_TIGR01962:7016:7253:+	160	52.0	52.164556962	7.6645334434
scaffold8169_3_TIGR01957:8955:9057:+	72	44.0	44.4117647059	2.29813624904
scaffold56229_6_TIGR03906:4162:5509:+	349	20.0	21.2212323682	5.47438340009
scaffold29264_1_TIGR03992:13920:14667:-	942	111.0	110.792503347	12.1592973236
scaffold31095_2_TIGR01316:680:1064:+	34	7.0	6.6328125	2.78071229002
scaffold31095_4_TIGR01316:3:666:+	116	10.0	11.5942684766	5.77400663924
scaffold298_7_TIGR02621:4357:4756:-	136	22.0	22.8345864662	5.36980388388
scaffold1551_3_TIGR03992:659:1481:+	80	8.0	8.09489051095	2.34614104138
scaffold29064_5_TIGR00741:1370:1664:-	43	8.0	8.83333333333	4.18810809711
scaffold33899_3_TIGR01316:19:1375:-	416	29.0	31.1983775811	12.0151587033
scaffold23755_8_TIGR00092:11486:12584:+	1310	92.0	92.650273224	14.9674724709
scaffold5766_2_TIGR02712:3:828:-	185	16.0	17.4884848485	6.93083934801
scaffold58236_11_TIGR00092:52831:53260:-	175	30.0	30.3076923077	4.13450560921
scaffold58236_11_TIGR00342:2372:3500:+	389	28.0	28.6312056738	4.62192791974
scaffold5469_5_TIGR00914:424:958:-	117	15.0	16.1741573034	9.49046469726
scaffold5469_6_TIGR00914:4:1702:-	779	20.0	26.2502944641	25.9112445502
scaffold59424_1_TIGR00005:3:477:+	45	7.0	7.35021097046	2.06838008065
scaffold3387_4_TIGR00914:36:510:+	44	6.0	7.39534883721	2.78134443871
scaffold3387_1_TIGR00914:10:844:+	75	6.0	7.07074340528	3.15408192358
scaffold52066_1_TIGR02627:1829:2501:+	345	38.0	37.0133928571	9.62750272535
scaffold30216_1_TIGR01316:1:196:-	80	19.0	25.1230769231	10.2709563517
scaffold53314_1_TIGR03992:3:537:-	369	85.0	83.4625468165	13.5009190238
scaffold9323_18_TIGR02214:7:832:+	126	12.0	12.6339393939	4.36118550702
scaffold31489_3_TIGR03992:2:485:-	191	38.0	38.602484472	11.6872350796
scaffold31158_2_TIGR00152:211:781:-	63	7.0	7.80877192982	4.54994816634
scaffold36261_2_TIGR00005:1377:2319:+	479	75.0	74.3365180467	9.84833630637
scaffold54032_4_TIGR01316:4:637:-	165	14.0	16.1611374408	7.82142356843
scaffold9887_1_TIGR00005:11884:12583:+	144	16.0	16.2031473534	3.72885609491
scaffold5571_13_TIGR00092:4:562:+	349	18.0	39.0035842294	42.9847433306
scaffold5571_12_TIGR00092:741:1062:+	113	20.0	25.4049844237	11.9559617716
scaffold7814_1_TIGR01316:144:492:-	156	34.0	31.6149425287	8.47925160349
scaffold51415_1_TIGR00914:986:4025:+	1858	28.0	43.6755511681	36.9061316222
scaffold25963_1_TIGR00914:9:915:-	311	9.0	21.3587196468	30.7715791602
scaffold1021_3_TIGR01800:1811:2966:-	636	27.0	43.5506493506	42.1788788881
scaffold57216_2_TIGR01900:3:582:-	170	11.0	22.872193437	23.692712649
scaffold55214_4_TIGR00914:544:1498:+	127	10.0	10.6394129979	4.65811863923
scaffold6916_12_TIGR00005:1659:2568:-	134	11.0	11.6446644664	2.50943798744
scaffold11948_2_TIGR01981:4:394:+	126	20.0	21.9333333333	6.90378318187
scaffold11948_1_TIGR01981:7110:7485:+	91	19.0	18.9438502674	3.54113371058
scaffold24517_3_TIGR01981:28593:29358:-	281	28.0	27.8496732026	4.33494878158
scaffold3436_3_TIGR00698:681:990:+	51	12.0	12.0355987055	1.76866689073
scaffold3436_4_TIGR00698:4:562:+	63	9.0	8.94444444444	2.43233805606
scaffold52394_1_TIGR01900:5644:6766:+	196	14.0	14.2852049911	4.59604712774
scaffold47910_2_TIGR00914:6784:9919:+	2934	79.0	79.595215311	11.4415974647
scaffold236_2_TIGR00914:13177:14983:-	1484	41.0	58.5625692137	51.5876530984
scaffold4316_8_TIGR03992:1625:2237:+	283	34.0	34.6552287582	10.6919318788
scaffold14671_2_TIGR03131:115:772:-	88	12.0	11.0898021309	4.15082865217
scaffold35486_3_TIGR00741:515:809:+	42	7.0	8.47619047619	3.0007557627
scaffold1429_3_TIGR02712:460:1399:-	722	60.0	59.8562300319	16.4175284601
scaffold25842_6_TIGR03131:3:843:+	74	7.0	7.15238095238	1.83176184967
scaffold28396_3_TIGR02214:4722:5430:-	95	10.0	10.7161016949	2.69282800348
scaffold299_2_TIGR01800:169:1387:+	1215	112.0	112.090311987	8.72467320665
scaffold21942_3_TIGR01981:2007:2778:-	198	20.0	19.5953307393	5.18074645587
scaffold7032_6_TIGR01316:3:249:-	33	9.0	9.21138211382	2.06303916834
scaffold7032_4_TIGR01316:2:524:-	47	8.0	7.5938697318	2.92430048063
scaffold33160_2_TIGR01020:2576:3074:+	205	26.0	29.0220883534	10.9830790838
scaffold20664_6_TIGR00914:5:242:+	171	38.0	48.1814345992	28.0071719501
scaffold20664_2_TIGR00914:6:936:+	609	29.0	45.711517761	39.0531184004
scaffold27278_2_TIGR02214:19:199:-	29	10.0	10.5166666667	1.85434924195
C775941_1_TIGR02214:3:1005:-	1522	183.0	182.596806387	15.1400352854
scaffold59640_2_TIGR00152:3762:4305:-	168	18.0	21.2651933702	10.0341784384
scaffold28591_4_TIGR00092:5:551:+	76	11.0	10.6538461538	2.79899802948
scaffold25075_5_TIGR00005:3:591:-	54	7.0	7.51530612245	2.42607092732
scaffold313_4_TIGR03992:12379:13138:-	242	22.0	22.4255599473	4.79892721557
scaffold954_12_TIGR00090:121:421:+	93	16.0	20.69	8.75484056584
scaffold14799_12_TIGR02214:7:637:+	76	10.0	10.3428571429	4.18689240693
scaffold14799_11_TIGR02214:1074:2103:+	106	8.0	8.68124392614	3.26977024894
scaffold17174_4_TIGR00092:769:1183:-	32	6.0	5.961352657	1.37558212755
scaffold17174_2_TIGR00090:592:886:-	36	9.0	8.52380952381	2.82802624215
scaffold54421_3_TIGR02712:30309:31290:-	2032	206.0	199.414882773	37.8985466696
scaffold25997_1_TIGR00914:2:521:-	36	6.0	5.86319845857	1.45668817673
scaffold34825_12_TIGR01981:11098:11929:+	162	17.0	16.4103489771	4.63039076653
scaffold36570_4_TIGR00005:4:673:+	201	15.0	22.5710014948	18.732236326
scaffold3875_1_TIGR02252:4337:4934:+	479	285.0	284.61641541	8.06559780101
scaffold59822_3_TIGR03906:5764:7048:+	206	24.0	24.4400311526	3.87020554554
scaffold9428_9_TIGR00005:2520:3291:-	237	24.0	23.9740596628	3.83368258601
scaffold9428_4_TIGR02214:10780:10990:+	105	36.0	34.8285714286	3.85562580396
scaffold24245_1_TIGR03906:352:1006:-	104	11.0	12.0795107034	2.51109630511
scaffold24245_2_TIGR03906:3:744:-	189	17.0	19.012145749	7.34763272978
scaffold19656_4_TIGR00342:396:1512:-	305	20.0	20.232078853	5.41808431218
scaffold31695_3_TIGR00152:1614:2184:-	100	9.0	11.6877192982	7.17138735203
scaffold356_3_TIGR02214:34315:36088:+	610	28.0	27.79357022	7.71475562982
scaffold5364_3_TIGR00741:179:473:+	38	9.0	8.18367346939	2.17756154005
scaffold9887_10_TIGR01900:10:760:+	178	19.0	18.5426666667	4.86924151063
scaffold2499_1_TIGR00914:3:198:+	21	8.0	7.69230769231	2.5555755652
scaffold24780_7_TIGR00914:1457:4475:-	1793	43.0	46.6838966203	21.2079267144
scaffold50185_4_TIGR02712:6579:7479:+	224	20.0	19.4466666667	4.16285692497
scaffold5889_2_TIGR02214:148:613:-	77	12.0	12.1849462366	2.8001899412
scaffold502_3_TIGR03131:138:1047:+	450	34.0	34.4565456546	14.2213189086
scaffold35248_1_TIGR02214:225:1848:+	492	26.0	32.2441430333	14.4638952548
scaffold5097_13_TIGR00152:1165:1561:-	61	12.0	11.9141414141	5.00077792132
scaffold50355_2_TIGR00880:83:497:-	39	9.0	9.07487922705	2.00643815443
scaffold13603_2_TIGR02712:102:510:-	597	37.5	60.4828431373	60.1304113765
scaffold20532_8_TIGR00342:3:1125:+	111	8.0	8.38324420677	2.445339157
scaffold19476_9_TIGR00880:1532:1817:-	51	11.0	11.9087719298	4.06941009138
scaffold47444_4_TIGR02214:1:667:-	195	20.5	22.5615615616	11.4712053646
scaffold17691_4_TIGR02712:240:1572:+	162	12.0	12.0488354621	3.6089697187
scaffold17691_2_TIGR03131:303:1221:+	124	10.0	10.8246187364	2.48541795571
scaffold60019_6_TIGR02214:5:908:-	115	10.0	10.2591362126	3.16846346289
scaffold2420_1_TIGR01020:468:954:+	296	66.0	65.4074074074	13.6361699284
scaffold53810_2_TIGR02712:1212:2268:-	1397	97.0	100.713068182	31.0593283037
scaffold38341_2_TIGR02214:4:607:+	72	9.0	9.08457711443	2.44904508658
scaffold29088_5_TIGR03906:3:756:+	118	17.0	17.9043824701	4.2774176994
scaffold42835_3_TIGR03131:8524:9400:+	636	24.0	47.0	54.3928295704
scaffold3434_6_TIGR02214:3:657:-	70	8.0	9.1498470948	4.33344771398
scaffold22446_4_TIGR03992:9:804:-	87	8.0	8.73333333333	2.60658736549
scaffold56233_3_TIGR01316:390:1725:-	383	27.0	26.6217228464	5.41533196146
scaffold56233_2_TIGR02712:10841:11153:-	88	18.0	17.9807692308	5.53540024014
scaffold34532_3_TIGR00087:1506:2211:+	143	14.0	15.6822695035	5.42241582977
scaffold12203_4_TIGR03992:1181:1589:-	89	18.0	16.7181372549	4.55322170586
scaffold12203_5_TIGR00342:2897:4025:-	343	24.0	23.475177305	3.80477781065
scaffold12203_5_TIGR03992:5:320:-	95	19.0	20.0476190476	6.60550172668
scaffold12203_5_TIGR02214:9753:10728:-	258	21.0	20.7056410256	5.35991953387
scaffold15192_18_TIGR02627:58:709:-	87	9.0	10.4516129032	4.99849836229
scaffold60253_1_TIGR01316:3306:4641:-	1306	92.0	95.2831460674	18.4169961152
scaffold61388_3_TIGR00092:556:1651:-	350	24.0	24.5616438356	4.94994018147
scaffold41735_2_TIGR03992:105:927:+	171	14.0	14.996350365	5.03865701741
scaffold36778_1_TIGR03906:5663:6566:+	141	12.0	12.7519379845	4.34253653957
scaffold6194_3_TIGR02214:4:418:+	57	8.0	8.97342995169	2.58231991785
scaffold42808_3_TIGR00914:7172:10274:-	2218	78.0	80.8007736944	12.6374439556
scaffold522_1_TIGR03992:1940:2333:-	112	26.0	26.6844783715	2.95034190371
scaffold56642_2_TIGR00092:2:221:-	92	23.0	26.6803652968	17.0705794562
scaffold46249_1_TIGR00914:3:1074:-	1532	135.0	132.851540616	19.2056878382
scaffold15809_2_TIGR02214:91:499:-	35	7.0	6.90931372549	1.57464951581
scaffold51623_6_TIGR01962:891:1125:+	65	13.0	15.1025641026	4.96463495768
scaffold594_1_TIGR03992:1155:1536:+	324	63.0	59.0498687664	11.8401484009
scaffold16456_6_TIGR00005:2418:3168:-	94	11.0	10.6106666667	3.22455468071
scaffold43293_3_TIGR00914:3:2319:+	260	9.0	9.54902807775	3.17938726408
scaffold43293_2_TIGR00914:205:931:+	123	19.0	19.7038567493	3.77962662336
scaffold41078_2_TIGR00880:1737:2178:-	144	21.0	22.7210884354	6.88464950563
scaffold41078_1_TIGR02712:1152:1542:-	456	71.0	68.3487179487	33.6450771482
scaffold16498_13_TIGR01316:228:1626:-	320	18.0	19.0236051502	5.54060450716
scaffold15002_13_TIGR00090:522:822:+	137	24.0	28.5233333333	13.9220253156
scaffold15002_13_TIGR00087:5943:6648:-	215	19.0	22.2723404255	12.1697048944
scaffold15002_11_TIGR01962:16707:16947:+	333	43.0	66.0333333333	49.7582377323
scaffold15002_11_TIGR01957:14758:15190:+	274	37.5	49.4282407407	25.8107327421
scaffold143_3_TIGR02627:5856:6516:-	584	72.0	70.8363636364	13.8587204399
scaffold50934_1_TIGR01316:12:1119:-	109	8.0	8.6766034327	3.29136507197
scaffold16475_21_TIGR01316:3745:4066:+	91	19.0	19.445482866	3.52617976994
scaffold13004_2_TIGR01316:2890:3880:-	1388	106.0	109.025252525	11.3504491384
scaffold10369_2_TIGR00914:3:762:-	553	28.0	41.2437417655	38.1010359839
scaffold10369_4_TIGR00914:24:789:-	395	30.0	36.7307189542	30.2901983349
scaffold39931_9_TIGR03131:3:717:-	77	8.0	8.26610644258	2.69646510378
scaffold55749_7_TIGR02214:3213:4950:-	606	26.0	26.6344271733	7.48157826852
scaffold57989_1_TIGR00914:5:632:+	1521	205.0	201.132376396	18.9599600249
scaffold20783_4_TIGR00880:875:1130:+	24	7.0	6.6	1.62239232701
scaffold9401_1_TIGR01800:8:800:-	433	40.0	42.2159090909	9.94277055427
scaffold1551_17_TIGR03992:1352:1658:+	57	10.0	11.3496732026	4.44192186197
scaffold5048_22_TIGR01981:5:491:+	49	8.0	7.77160493827	2.09626757676
scaffold1551_18_TIGR03992:3:429:+	41	6.0	6.80516431925	1.34690450054
scaffold45933_2_TIGR00880:12295:12724:+	585	80.0	93.1142191142	31.3762564924
scaffold573_1_TIGR00914:69482:72617:+	2368	69.0	69.5853269537	10.9346751769
scaffold22524_1_TIGR00914:29:1454:-	1644	96.0	95.7515789474	12.2496848208
scaffold29486_2_TIGR00152:379:784:+	35	7.0	6.78271604938	2.20038100648
scaffold25114_3_TIGR02712:1628:2198:+	72	9.0	10.2719298246	4.38755234431
scaffold22570_10_TIGR03992:677:1163:+	67	10.0	10.2037037037	2.42620863493
scaffold50172_3_TIGR00090:367:661:+	63	12.0	12.1292517007	4.20361378195
scaffold16803_10_TIGR01316:3192:4593:-	230	12.0	12.7951463241	4.31472480044
scaffold58128_2_TIGR03906:2317:2836:-	85	13.0	12.2003853565	4.53229897023
scaffold5395_4_TIGR00005:469:1348:+	128	10.0	11.1535836177	4.09253965
scaffold60912_2_TIGR01800:1:601:-	71	10.0	9.89	1.82607958936
scaffold87_14_TIGR01316:10346:11753:-	478	27.0	27.6254442075	6.11891222183
scaffold87_10_TIGR02712:45154:46033:-	317	27.0	28.0773606371	6.54543405948
scaffold10389_1_TIGR00005:3049:3937:+	348	52.0	54.2927927928	9.43958229065
scaffold27360_2_TIGR00698:1:574:-	53	8.0	8.04537521815	2.90117032542
scaffold12152_3_TIGR02214:2090:3326:+	405	24.0	24.9457928803	6.7649730924
scaffold5563_34_TIGR00914:6411:9447:+	1056	27.0	28.3432147563	9.78632670903
scaffold15077_6_TIGR00914:13671:16749:+	1373	31.0	35.6397011046	12.3969885217
scaffold15077_1_TIGR00005:14935:15871:-	411	30.0	33.4519230769	11.2428437134
scaffold1434_16_TIGR00005:39:870:-	101	9.0	9.440433213	2.87919660626
scaffold1514_10_TIGR00005:5:488:+	56	9.0	8.94824016563	1.96538681948
scaffold40585_3_TIGR02627:1143:2427:+	147	9.0	9.6261682243	3.90966538828
scaffold40575_1_TIGR01316:12:1017:+	230	20.0	24.0049751244	9.58673290986
scaffold21278_1_TIGR02627:4:559:-	81	11.0	10.6306306306	3.0789255407
scaffold14799_14_TIGR02214:4:973:+	86	7.0	7.36016511868	2.37924079556
scaffold36694_3_TIGR02712:5390:5756:-	606	49.0	75.8579234973	70.1791348038
scaffold19241_2_TIGR02712:5:311:+	23	5.0	5.64052287582	1.02653920195
scaffold17147_22_TIGR00342:1652:2786:-	137	10.0	9.97178130511	2.06317699097
scaffold5537_10_TIGR02214:3485:5264:+	592	24.0	29.1928049466	17.4471798692
scaffold5537_17_TIGR00914:4981:8005:-	709	17.0	19.2681878307	7.91834776782
scaffold31682_1_TIGR04000:1924:2587:-	138	16.0	16.0542986425	3.79410617968
scaffold32752_4_TIGR00005:4:661:+	60	7.0	7.56316590563	2.68249543483
scaffold26944_17_TIGR00741:17745:17856:+	44	18.0	18.0630630631	1.61791367869
scaffold18528_4_TIGR01900:103:256:-	58	19.0	17.6209150327	4.87893502784
scaffold20061_3_TIGR00914:590:2243:+	267	11.0	12.016938899	5.63668766732
scaffold20061_4_TIGR00914:12:888:+	198	12.0	16.2617142857	14.2385820895
scaffold51813_1_TIGR00087:2886:3408:+	55	9.0	8.42720306513	3.37267976623
scaffold24039_1_TIGR00005:5:524:+	392	33.0	53.7263969171	42.0292848717
scaffold23239_3_TIGR03992:22431:23532:-	277	18.0	19.3496821072	6.51807884669
scaffold23239_2_TIGR00005:13480:14224:-	151	32.0	32.2096774194	3.70579506992
scaffold32555_3_TIGR03906:1156:2515:+	359	18.0	19.9852832965	7.60115525407
scaffold60329_1_TIGR01981:5:662:+	53	7.0	6.81278538813	2.23503737987
scaffold45824_1_TIGR01020:121:586:+	506	74.0	74.7849462366	10.950965453
scaffold8533_4_TIGR00914:615:1251:+	209	24.0	23.75	9.84720133915
scaffold25128_3_TIGR01800:5:1067:+	171	14.0	14.483992467	3.77812464963
scaffold30962_2_TIGR01316:110:515:+	221	41.0	38.8762376238	18.7522811735
scaffold26861_3_TIGR00090:1497:1797:-	136	30.0	29.9733333333	4.53349999694
scaffold26861_2_TIGR00087:14601:15306:+	207	24.0	25.7886524823	6.80795417348
scaffold5575_5_TIGR00092:4007:5108:-	336	22.0	23.3805631244	8.48547104987
scaffold9404_14_TIGR02214:7511:7697:-	76	23.0	23.0698924731	2.11000101647
scaffold33359_2_TIGR00005:1197:2142:+	109	9.0	9.35026455026	2.35051777114
scaffold40294_2_TIGR03906:134:1481:+	237	10.0	11.441722346	5.05560581082
C791191_1_TIGR01900:962:1487:+	871	134.0	133.331428571	14.1755209145
scaffold19759_2_TIGR03906:5:887:+	598	75.0	75.9149659864	13.3852993468
scaffold8050_1_TIGR01316:5:560:-	56	7.0	7.93513513514	4.52135371279
scaffold47049_1_TIGR00914:12:1089:+	175	11.0	11.9953531599	7.25843803065
scaffold24016_5_TIGR03906:1:472:-	145	21.0	21.4437367304	6.23704755935
scaffold49954_1_TIGR02214:1282:2296:-	248	19.0	19.2850098619	4.73026181872
scaffold27401_2_TIGR02252:217:841:-	60	7.5	7.73717948718	2.00356150676
scaffold58236_4_TIGR03131:56365:57271:-	316	28.0	28.1843267108	4.91923932086
scaffold58236_4_TIGR02712:63402:64752:+	487	28.0	28.7585185185	5.8340810338
scaffold58381_1_TIGR03131:8:326:+	27	6.0	6.14150943396	1.52405458422
scaffold6648_7_TIGR00914:69:852:+	116	12.0	12.2669220945	3.1552452391
scaffold50103_1_TIGR02214:3:627:-	43	6.0	5.95833333333	1.82877492739
scaffold37478_2_TIGR03992:107:698:+	111	13.0	13.6666666667	5.89951578691
scaffold45359_1_TIGR01981:711:1539:-	1846	217.0	217.437198068	16.7727685867
scaffold19182_4_TIGR02195:870:1734:+	99	9.0	9.19212962963	4.59343665239
scaffold7591_5_TIGR03992:806:2009:+	202	10.0	11.9667497922	6.1587930228
scaffold51312_1_TIGR00005:26444:27101:+	717	139.0	140.471841705	19.5067692685
scaffold51312_1_TIGR02214:68122:69904:+	1505	129.0	133.045454545	14.2257989146
scaffold47152_3_TIGR00914:1:982:-	147	9.0	11.6503567788	11.8776069031
scaffold19029_5_TIGR00914:10719:13785:-	1203	31.0	32.5923026745	9.54876211386
scaffold39067_6_TIGR00152:16670:17231:+	169	24.0	23.3832442068	3.9656732295
scaffold39067_6_TIGR01316:11174:11408:-	97	23.0	23.9829059829	4.04141573312
scaffold53724_1_TIGR02627:5:1328:+	1941	118.0	121.681027967	17.2696237542
C763177_1_TIGR03131:11:821:+	1300	242.0	249.535228677	26.4191105397
scaffold27382_5_TIGR03906:4717:6070:+	296	17.0	17.8677014043	4.96412246661
scaffold28276_3_TIGR01800:111:1224:+	137	9.0	9.75561545373	4.90095315036
scaffold17881_2_TIGR00914:5:821:+	70	7.0	7.32598039216	1.61612933852
scaffold26587_5_TIGR02712:2349:2823:-	302	42.0	47.4345991561	16.6733618983
scaffold26587_2_TIGR00914:54:1137:+	471	29.0	31.4524469067	12.0083958401
scaffold26587_1_TIGR00914:14286:16212:+	777	27.0	32.2575285566	15.7361134918
scaffold42063_2_TIGR02214:767:1574:-	343	33.0	33.126394052	12.6652207389
scaffold18840_1_TIGR00914:7705:10816:+	2173	66.0	75.6965605914	31.1391024405
scaffold31809_2_TIGR02712:99:498:-	550	55.0	63.1729323308	51.2557856058
scaffold11967_10_TIGR00914:9587:12707:+	956	22.0	23.9128205128	10.3209751449
scaffold13663_2_TIGR00092:5:731:+	143	12.0	14.9710743802	6.32699326294
scaffold13663_1_TIGR00092:2985:3213:+	34	7.0	7.96929824561	3.67708950487
scaffold23609_4_TIGR02627:10:481:+	73	10.0	11.0445859873	3.01167709528
scaffold23609_2_TIGR02627:237:999:+	111	12.0	11.9737532808	3.5956146857
scaffold613_13_TIGR00005:4:664:+	81	11.0	10.6318181818	2.660465845
scaffold60895_1_TIGR00005:44:752:-	79	9.0	9.1581920904	3.88614126179
scaffold33342_3_TIGR00005:4:349:+	25	6.0	5.46666666667	1.64701457335
scaffold25081_3_TIGR01800:15:1104:+	351	23.0	26.406795225	16.4623506717
scaffold21272_5_TIGR00005:3992:4928:+	85	7.0	7.30555555556	2.15643816189
scaffold21272_5_TIGR00914:595:3739:+	398	11.0	10.9885496183	3.31007732407
scaffold8691_3_TIGR02214:400:604:+	21	7.0	6.62254901961	1.35750686004
scaffold31023_1_TIGR02214:18:1026:+	75	6.0	6.45535714286	2.23429063337
scaffold56629_4_TIGR00914:2:2888:-	803	21.0	22.3988218988	8.00333341836
scaffold1599_6_TIGR02627:931:2287:+	269	14.0	15.5398230088	6.51800600863
scaffold4241_4_TIGR02712:2282:2585:+	59	10.0	10.6204620462	3.17755803
scaffold61125_4_TIGR00741:1898:2192:-	76	28.0	27.3673469388	3.59058033066
scaffold61125_4_TIGR01800:8517:9738:-	279	27.0	28.5896805897	6.98034152997
scaffold11496_4_TIGR03131:607:1522:-	200	17.0	17.1508196721	3.95841593383
scaffold20963_2_TIGR01900:1772:2252:-	163	21.0	22.9770833333	7.48397564755
scaffold16257_1_TIGR01800:4791:5703:-	200	17.0	17.1469298246	4.57518950373
scaffold16667_2_TIGR00087:1774:2491:-	276	26.0	27.9246861925	7.0639569804
C752733_1_TIGR00914:8:716:+	54	6.0	6.6676096181	3.37368304449
scaffold20326_3_TIGR00092:1788:2886:-	315	16.0	19.733151184	9.75906534318
scaffold23811_9_TIGR00092:550:826:-	387	91.0	99.9130434783	35.433440003
scaffold10432_5_TIGR01316:4866:5679:+	332	28.0	29.0688806888	9.21121186177
scaffold56610_4_TIGR00005:7760:8414:-	925	115.0	129.392966361	37.4151028322
scaffold27765_2_TIGR00914:5:1178:-	867	36.0	53.0886615516	53.5160880369
scaffold32381_3_TIGR02627:66:699:-	297	42.0	44.3396524487	11.3715072219
scaffold33578_4_TIGR03992:691:1546:+	87	8.0	7.68538011696	2.01176866453
scaffold21802_2_TIGR00698:578:1523:-	1151	107.0	108.291005291	14.2162800165
scaffold214_2_TIGR00698:712:1726:+	236	18.0	18.392504931	4.23330728503
scaffold60520_1_TIGR03992:174:675:+	66	7.0	8.53493013972	6.59441466966
scaffold56293_2_TIGR02712:67:997:-	595	35.5	46.5516129032	31.5248668289
C769875_1_TIGR01800:3:903:-	2291	211.0	212.672222222	18.1492670668
scaffold28818_4_TIGR00741:6357:6651:-	94	20.0	20.4761904762	4.18099576938
scaffold29072_2_TIGR02214:38:788:+	59	6.0	6.00266666667	2.71784097319
scaffold8533_6_TIGR00914:3:552:+	268	27.0	33.8087431694	27.4322785299
scaffold8533_8_TIGR00914:6:558:+	426	38.0	57.2336956522	45.0483808613
scaffold85_6_TIGR00914:1:2242:-	2025	71.0	72.6738063365	26.3883108717
scaffold12863_8_TIGR02214:1192:3226:-	485	18.0	18.9950835792	4.69240431208
scaffold2063_5_TIGR02214:1:103:-	10	6.0	5.1862745098	1.16088532947
scaffold2063_2_TIGR02214:3004:3796:-	104	11.0	10.6603535354	3.15780960338
scaffold1518_4_TIGR03992:5716:6520:-	197	18.0	18.236318408	5.00709689158
scaffold1518_3_TIGR00092:15606:16044:-	136	22.0	21.9840182648	2.65732730761
scaffold20102_7_TIGR01981:3:495:-	57	9.0	8.96544715447	2.96675776384
scaffold60461_1_TIGR00880:17727:18162:-	381	101.0	103.712643678	12.6173644678
scaffold37587_3_TIGR03906:1083:1299:+	32	8.0	8.42592592593	1.65665718589
scaffold13465_2_TIGR02627:371:1181:-	114	10.0	10.5283950617	2.4297149438
scaffold33986_1_TIGR00092:23:1133:+	426	25.0	27.145045045	10.3930697521
scaffold9919_6_TIGR03992:313:529:+	19	6.0	5.86574074074	2.10720378337
C729649_1_TIGR03992:8:515:+	102	15.0	14.4003944773	3.0113918886
scaffold52648_1_TIGR00087:2011:2260:+	19	6.0	5.40562248996	1.54715976142
scaffold10797_1_TIGR01316:2065:2356:+	56	13.0	12.2577319588	4.81537846592
scaffold2223_6_TIGR00914:3:690:+	90	10.0	10.3377001456	3.90156419314
scaffold61330_3_TIGR02252:19577:20174:+	469	62.0	60.1825795645	7.85666174112
scaffold49743_4_TIGR01316:4890:5061:+	87	35.0	38.4269005848	8.06908628976
scaffold19280_3_TIGR03992:993:1815:+	161	13.0	14.0304136253	3.61165989219
scaffold34235_1_TIGR00914:500:2504:-	885	14.0	29.998003992	36.2891882747
scaffold22745_3_TIGR02214:4518:5712:+	222	15.0	15.2730318258	4.25830468787
scaffold19137_1_TIGR03906:3:582:+	66	6.0	8.0621761658	5.37147870888
scaffold60998_2_TIGR02627:2134:3502:-	233	14.0	13.9480994152	3.04514221747
scaffold37927_1_TIGR02712:3:636:-	47	6.0	6.27646129542	3.02559363786
scaffold20351_2_TIGR01316:1351:2689:-	731	34.0	39.5112107623	18.1666906345
scaffold43797_1_TIGR01800:1:556:-	244	35.0	34.8900900901	16.070805913
scaffold4861_5_TIGR00152:4:505:+	67	11.0	12.2854291417	3.24827103795
C763003_1_TIGR02214:4:715:+	65	7.0	7.39099859353	2.36396481866
scaffold1111_2_TIGR00880:4:343:-	45	9.0	9.70501474926	2.0940296328
scaffold25193_2_TIGR02214:6202:7438:+	464	23.0	26.4878640777	11.9002331285
scaffold4881_1_TIGR00698:265:1261:-	113	18.0	17.9558232932	2.13454476418
scaffold2089_1_TIGR00087:649:868:+	124	8.0	27.5296803653	25.4124476993
scaffold55958_1_TIGR00005:532:1111:+	267	31.0	32.9982698962	15.6970121609
scaffold14064_3_TIGR01316:360:507:+	52	17.0	17.1020408163	11.7065797499
scaffold59874_1_TIGR00092:263:1352:-	138	10.0	10.1873278237	3.51825687336
scaffold39953_8_TIGR00005:751:1381:-	105	12.0	12.6079365079	3.99407503992
scaffold39953_3_TIGR00090:2903:3197:-	43	11.0	10.9795918367	3.52632353259
scaffold39953_3_TIGR00092:5773:6160:-	95	18.0	17.2868217054	4.47362722457
scaffold39953_7_TIGR00005:442:1369:-	137	12.0	11.7766990291	3.57456807071
scaffold56455_4_TIGR00005:3:786:-	59	6.0	6.16858237548	2.1613542673
scaffold5121_1_TIGR01316:3:408:-	188	24.0	29.1827160494	13.222547056
scaffold9510_5_TIGR01316:18250:19525:-	964	56.0	58.1301960784	11.534853831
scaffold9510_6_TIGR02712:3889:4855:+	1306	77.0	101.376811594	46.5947113174
scaffold12521_5_TIGR00092:396:1491:+	503	32.0	35.0082191781	11.8600255656
scaffold16555_15_TIGR00914:1973:5099:+	1188	30.0	31.4261036468	7.81983693114
scaffold19844_3_TIGR02214:5:617:+	84	9.0	10.1045751634	4.29418728368
scaffold8404_14_TIGR03906:3665:4898:-	149	10.0	10.0640713706	3.31869515317
scaffold59980_1_TIGR01800:420:930:-	210	28.0	29.5803921569	11.4390288153
scaffold5612_3_TIGR00092:2888:3734:-	292	20.0	24.6453900709	11.6108908391
scaffold5612_4_TIGR00092:3:183:-	28	11.0	10.8166666667	2.05338473962
scaffold61001_1_TIGR01900:8:908:+	121	9.0	10.6588888889	4.55829876756
scaffold49743_1_TIGR03992:24238:24619:+	114	30.0	30.1443569554	7.1502547295
scaffold46460_2_TIGR02627:15903:16212:-	96	22.0	21.4498381877	4.59578831109
scaffold1566_7_TIGR03992:381:933:+	142	19.0	18.6793478261	3.92046021155
scaffold30444_1_TIGR01316:313:1366:-	195	14.0	13.804368471	6.45928882042
scaffold41473_1_TIGR03131:8388:8547:+	141	193.0	191.477987421	5.94718524192
scaffold41473_3_TIGR00914:23799:26847:-	3424	84.0	90.9753937008	29.7732746829
scaffold20572_4_TIGR00005:626:1358:-	209	21.0	21.3702185792	3.59049115417
scaffold23389_2_TIGR01800:5:308:+	150	50.0	48.9339933993	6.61648103953
scaffold37311_2_TIGR03992:1626:2313:-	143	15.0	15.2139737991	4.19911022867
scaffold5097_1_TIGR00005:3995:4886:+	154	15.0	14.4882154882	3.09023048088
scaffold5097_6_TIGR02712:13167:13413:-	60	19.0	17.6504065041	4.67302193244
scaffold5097_4_TIGR00090:5940:6234:-	72	20.0	19.2517006803	3.02786051273
scaffold5097_4_TIGR00092:8191:8593:-	111	23.0	22.2189054726	4.99769507032
scaffold5097_4_TIGR02214:38714:39911:-	266	22.0	21.186299081	5.30297242549
scaffold5097_4_TIGR00005:19792:20704:-	194	20.0	19.961622807	4.24388838149
scaffold408_6_TIGR00914:1:556:-	61	9.0	9.34054054054	2.57452447733
scaffold408_7_TIGR00914:9:2328:-	507	15.0	17.3359206555	7.54407254303
scaffold24350_9_TIGR00914:1:808:-	437	25.0	35.6133828996	40.9174430325
scaffold33743_3_TIGR00880:16309:16768:-	300	65.0	63.5032679739	6.70653846374
scaffold59187_9_TIGR02627:856:2212:+	299	17.0	17.5589970501	4.9531939158
scaffold59187_1_TIGR02627:3628:3922:-	58	14.0	13.1870748299	3.71644208666
scaffold59187_4_TIGR02214:1529:2177:-	140	16.0	16.6327160494	5.85848893684
scaffold18813_26_TIGR02214:3657:4596:+	126	10.0	10.7369542066	3.2110743691
scaffold18813_22_TIGR00092:7653:8748:+	189	12.0	13.7360730594	5.52939220769
scaffold18813_28_TIGR02214:4:439:+	54	9.0	9.27816091954	2.74901969099
scaffold24247_3_TIGR01020:16442:16931:-	183	30.0	30.4805725971	5.15408100454
scaffold24247_3_TIGR03992:4679:5744:+	341	30.0	30.3708920188	3.99982366426
scaffold24247_2_TIGR00005:75144:75900:-	199	20.0	20.0727513228	3.87383685859
scaffold16166_2_TIGR02712:1563:1881:+	106	18.0	18.6540880503	8.81071918722
scaffold23194_5_TIGR00005:3419:4259:-	209	18.0	18.5261904762	4.15867192192
scaffold17270_3_TIGR00914:109:1186:+	100	8.0	8.12999071495	2.61660317269
scaffold30298_2_TIGR00914:5537:8648:+	1750	32.0	42.5879138541	29.7542149855
scaffold31632_3_TIGR00880:941:1370:+	90	17.0	16.0046620047	4.22115624964
scaffold680_16_TIGR00880:1767:2199:+	125	23.0	21.6180555556	4.90322531007
scaffold18589_5_TIGR00152:16239:16308:+	30	22.0	21.2028985507	2.39915268947
scaffold22606_3_TIGR02627:4699:5008:-	62	12.0	13.6731391586	4.04664832146
scaffold11496_9_TIGR01800:16225:17383:-	275	19.0	19.567357513	5.13784479607
scaffold61219_4_TIGR02627:21038:22415:+	333	19.0	19.033405955	4.5955097378
scaffold61219_4_TIGR00914:9814:12337:+	654	21.0	21.7911216805	4.59009087656
scaffold56621_1_TIGR00092:132:576:-	870	210.0	211.621621622	16.7123539859
scaffold61052_1_TIGR01981:1:355:-	29	6.0	6.40395480226	1.47218510803
scaffold303_1_TIGR00741:21238:21532:+	364	65.0	75.7585034014	33.3057294075
scaffold62_3_TIGR00880:7220:7634:+	146	24.0	24.7222222222	4.25487942561
scaffold62_3_TIGR00092:8309:9407:+	833	45.0	56.0774134791	29.011875275
scaffold33145_1_TIGR02627:12729:14007:-	455	27.0	28.2644757433	6.62608583234
scaffold37831_1_TIGR01957:46:484:-	38	6.0	6.47260273973	1.87945588215
scaffold20672_3_TIGR03992:7802:8537:-	195	20.0	20.0843537415	4.19860198113
scaffold46206_4_TIGR00914:2:1304:-	158	10.0	10.5921658986	3.13084354933
scaffold15629_5_TIGR00005:15:588:-	448	56.0	54.9738219895	31.7841928764
scaffold8183_8_TIGR00914:4:1036:-	544	21.0	32.4486434109	29.9437340267
scaffold52357_2_TIGR00005:5:809:+	192	18.0	17.9776119403	4.17520473698
scaffold5563_9_TIGR00914:2189:5321:-	1057	26.5	27.2787356322	8.13326235352
scaffold234_1_TIGR00152:58606:59155:+	458	83.0	83.0309653916	6.65223486945
scaffold234_1_TIGR00698:64633:65596:+	799	84.0	88.5970924195	17.7135295652
scaffold39238_3_TIGR00090:1230:1524:-	55	12.0	12.9081632653	5.06371660721
scaffold39238_4_TIGR00092:1281:1728:-	81	12.0	12.5659955257	4.95388197316
scaffold26941_6_TIGR00005:1739:2720:+	111	9.0	9.29051987768	2.17955513488
scaffold27500_1_TIGR00880:984:1413:+	648	113.0	114.088578089	7.52565681955
scaffold10466_3_TIGR02252:721:1309:+	209	24.0	25.1666666667	5.43446839277
scaffold23306_3_TIGR00880:1277:1517:+	66	16.0	15.3541666667	4.3247812244
scaffold5953_9_TIGR00741:668:962:-	72	9.0	14.8265306122	11.3814733485
scaffold60208_1_TIGR00880:16037:16451:-	395	64.0	65.2560386473	5.90931057378
scaffold42856_9_TIGR00152:391:847:+	49	8.0	7.97368421053	2.42233947494
scaffold46160_1_TIGR00741:358:574:-	17	5.0	5.12037037037	1.82684504701
scaffold4343_6_TIGR00914:6:1056:-	820	32.0	47.939047619	42.2949068086
scaffold4343_3_TIGR00914:443:1046:-	465	44.0	50.2703150912	32.5322378353
scaffold31132_2_TIGR00914:3:528:+	119	10.0	13.9428571429	9.01240264084
scaffold31132_3_TIGR00914:25:1024:+	467	25.0	32.5715715716	22.4677420331
scaffold13907_13_TIGR02214:689:2090:+	325	19.0	17.8272662384	6.25933697597
scaffold29590_1_TIGR00090:780:1080:+	517	110.5	109.343333333	23.346779697
scaffold13039_1_TIGR01316:5026:6292:-	293	21.0	21.1524486572	4.20256987213
scaffold13039_4_TIGR00092:2574:3663:+	302	21.0	21.0293847567	3.61369953414
scaffold39103_2_TIGR02214:33:609:+	68	8.0	8.48263888889	3.4979722273
scaffold37005_12_TIGR00880:8552:8978:+	156	26.0	26.3873239437	6.81807380405
scaffold92_3_TIGR03239:716:1475:-	217	22.0	22.2450592885	6.2119374827
scaffold1942_3_TIGR00880:277:649:+	50	9.0	9.62365591398	2.0102638702
scaffold14299_9_TIGR03992:4821:5103:+	30	9.0	8.25177304965	2.52303157841
scaffold38441_7_TIGR01981:2218:2989:-	210	19.0	20.2360570687	4.7137293765
scaffold38441_3_TIGR00741:245:536:-	92	19.0	20.4742268041	6.27452075114
scaffold46650_2_TIGR01981:95:947:-	781	40.0	63.5035211268	50.9640279729
scaffold10021_1_TIGR03131:14:647:+	62	11.0	10.3112164297	2.5873951241
scaffold28228_10_TIGR00741:2721:3015:+	70	16.0	15.8231292517	3.97218334772
scaffold16291_1_TIGR01981:462:1194:+	1426	150.0	155.629274966	25.1421821013
scaffold35523_3_TIGR02214:38:767:-	66	8.0	7.61316872428	2.63533902371
scaffold51868_1_TIGR03992:44:785:+	287	20.0	25.0539811066	15.2102600838
scaffold53843_2_TIGR01316:1:472:-	163	25.0	26.1889596603	4.60687720711
scaffold53843_1_TIGR03906:25764:27117:-	416	26.0	25.3385070214	4.50071553679
scaffold53843_1_TIGR00005:688:1597:+	270	24.0	24.1375137514	4.3562242284
scaffold53843_1_TIGR01316:28433:29249:-	243	25.0	24.699754902	6.1711139188
scaffold53843_4_TIGR03992:11234:12140:-	279	23.5	24.3730684327	5.25234131224
scaffold16475_10_TIGR00005:255:1137:+	207	18.0	17.9149659864	4.11741261921
scaffold52432_2_TIGR00152:4:430:+	103	17.0	17.3661971831	2.5814766489
scaffold24933_2_TIGR01316:3480:3840:+	109	19.0	19.1638888889	8.73488067647
scaffold24933_2_TIGR00698:164:1175:-	193	15.0	15.0148367953	4.13601315222
scaffold32709_2_TIGR00090:231:531:+	227	19.0	32.32	30.8935419357
scaffold17750_3_TIGR02712:164:494:+	57	8.0	8.78787878788	4.2258768196
scaffold30316_2_TIGR00914:1:784:-	1714	178.0	179.619412516	19.4267982851
scaffold12634_6_TIGR03992:2519:3284:+	363	31.0	42.1111111111	25.6731989537
scaffold12634_2_TIGR00914:1670:4808:-	989	28.0	30.309751434	10.5924700218
scaffold9243_18_TIGR01020:4918:5425:+	191	18.0	23.8402366864	14.7153168717
scaffold9535_5_TIGR01316:15735:15966:-	53	14.0	14.9220779221	4.80917116393
scaffold9535_1_TIGR03992:8284:8878:-	103	26.0	25.9814814815	4.74621882043
scaffold14642_2_TIGR00880:10:259:-	64	13.0	16.5742971888	9.25082770681
scaffold33501_4_TIGR01316:152:644:+	146	16.0	20.2199592668	13.6222117347
scaffold33501_5_TIGR01316:3:777:+	245	21.0	22.4728682171	8.24487392486
scaffold53917_2_TIGR01800:4:502:+	32	8.0	7.48490945674	1.78420118965
scaffold7191_23_TIGR01316:892:2224:+	236	14.0	14.2417417417	3.15016553728
scaffold9461_16_TIGR00880:34:199:-	50	25.0	25.5393939394	3.4245052192
scaffold26936_2_TIGR00092:2:155:-	38	15.0	16.2679738562	4.06805912507
scaffold188_3_TIGR00914:2461:5563:-	1672	27.5	37.7849774339	25.6822797009
scaffold60796_1_TIGR01962:305:800:+	145	21.0	20.6194331984	8.86795320301
scaffold18339_5_TIGR02214:3186:3618:-	77	13.0	13.2453703704	2.66579444969
scaffold39709_1_TIGR02627:1079:1514:+	112	13.0	17.6612903226	11.9735893772
scaffold51103_3_TIGR01316:5559:5751:-	57	17.0	16.5416666667	1.83664473671
scaffold50222_7_TIGR03906:815:1943:+	364	31.0	32.1046099291	5.68527836575
scaffold25712_1_TIGR02627:15609:16977:+	489	28.0	27.649122807	7.45265656486
scaffold46069_3_TIGR01020:12389:12875:+	304	46.5	45.4238683128	13.2605019432
scaffold44002_1_TIGR03992:20:503:+	82	9.0	10.2173913043	5.10514170907
scaffold604_22_TIGR03906:5:590:+	82	9.0	10.8444444444	6.56757698291
scaffold604_21_TIGR03906:1058:1511:+	45	8.0	8.09713024283	2.26584500234
scaffold6243_5_TIGR00698:5154:6036:+	186	16.0	16.4591836735	5.23560878348
scaffold14010_6_TIGR02712:1171:2068:+	358	29.0	28.8751393534	6.42112035633
scaffold5121_8_TIGR00914:9092:12170:+	1515	36.0	38.1676413255	13.192796106
scaffold43712_4_TIGR00005:7618:8281:+	164	19.0	18.5294117647	5.58860838637
scaffold30901_1_TIGR00005:1241:2117:-	207	19.0	18.6198630137	3.25765946451
scaffold33987_3_TIGR02627:3015:4377:+	323	31.0	30.845814978	4.49927561027
scaffold57553_4_TIGR03992:3:1026:+	161	10.0	11.8142717498	6.00331544375
scaffold57553_1_TIGR03992:151:904:+	144	11.0	13.2403718459	8.2558275684
scaffold2226_22_TIGR00090:5733:6033:+	155	34.0	34.24	3.6234053964
scaffold33020_1_TIGR00914:5:590:+	58	9.0	8.83219178082	2.30973030898
scaffold50338_3_TIGR00342:3:1116:+	202	13.0	13.6298292902	6.38742374446
scaffold61043_1_TIGR00914:74:893:+	549	40.0	44.5409035409	33.4367512876
scaffold100_1_TIGR00005:4026:4959:+	1225	99.0	108.790996785	26.0844174197
scaffold3875_8_TIGR00914:1837:2929:+	908	101.0	100.639194139	12.1244252343
scaffold3875_6_TIGR01957:99090:99522:-	463	69.5	71.4814814815	16.7957399148
scaffold3875_6_TIGR01962:97446:97680:-	264	63.0	66.5683760684	14.7218376638
scaffold3875_6_TIGR00087:118705:118897:+	201	59.0	58.890625	5.88549732614
scaffold3875_6_TIGR00090:58793:59093:-	342	62.0	64.97	13.4935453705
scaffold3875_7_TIGR00914:31607:34676:+	2811	75.0	75.7471489084	13.9313097207
scaffold3875_3_TIGR00914:13673:16709:-	3172	94.0	100.701251647	29.3271495041
scaffold7936_7_TIGR01316:1365:1527:-	93	32.0	32.6049382716	5.65397055359
scaffold22869_1_TIGR01800:1:490:-	227	38.0	34.7689161554	9.87973567176
scaffold5656_2_TIGR03992:3964:5029:-	257	17.0	17.8882629108	5.27832873735
scaffold61257_1_TIGR02195:2464:3484:+	335	22.0	24.2735294118	11.2415844469
scaffold37796_6_TIGR02712:1496:1850:+	61	16.0	15.9237288136	2.5227443793
scaffold4458_3_TIGR01900:19:922:-	106	8.0	8.95016611296	3.16870729991
scaffold33892_5_TIGR02214:28023:29769:-	597	27.0	27.1781214204	5.16218097252
scaffold8230_1_TIGR00880:2:356:-	38	8.0	7.57344632768	2.80565933089
scaffold30344_1_TIGR00914:5:650:+	1352	167.0	160.227906977	72.1162014254
scaffold32479_3_TIGR03992:8388:9093:+	323	27.0	33.4	19.7762376217
scaffold3096_1_TIGR00005:929:1781:-	1105	141.0	136.963615023	15.4441243391
scaffold53163_1_TIGR00914:5:866:+	124	9.0	11.3670150987	7.39526351452
scaffold5617_11_TIGR02214:4:634:+	120	28.0	27.746031746	4.25037161389
scaffold2226_4_TIGR02712:7950:8919:+	582	42.0	45.0257997936	15.250855768
scaffold32422_3_TIGR01316:116:617:+	46	15.0	16.26	3.0855145438
scaffold42194_1_TIGR00914:44:1178:-	2402	175.0	171.045855379	45.8346042683
scaffold15953_1_TIGR00914:104:1151:+	1865	137.0	137.946513849	39.3548134504
scaffold42521_1_TIGR03992:9498:10098:-	112	15.0	16.6416666667	5.62049202077
scaffold11869_7_TIGR02627:3:885:-	124	10.0	11.2063492063	6.3287169395
C807411_1_TIGR03992:847:1378:-	644	88.0	88.6741996234	8.1876113911
C763529_1_TIGR00914:6:786:-	1389	139.0	143.634615385	21.4372927331
scaffold11440_2_TIGR00092:17:677:+	79	9.0	9.53333333333	3.10089592788
scaffold20041_1_TIGR02214:2:539:-	57	6.0	8.37616387337	5.50165285772
scaffold27831_4_TIGR00880:58136:58232:+	145	73.0	72.25	5.08060035823
scaffold8022_9_TIGR03992:3092:3854:+	203	22.0	21.5118110236	4.59007169198
scaffold38779_1_TIGR02252:1454:2084:+	77	10.0	9.60476190476	2.32740256962
scaffold53428_1_TIGR00914:5:1364:-	199	10.0	12.6269315673	10.3228193433
scaffold39520_1_TIGR01316:3:189:-	15	5.0	5.09139784946	0.896367329895
scaffold7030_2_TIGR00914:1314:3834:+	959	26.0	29.251984127	16.3160135343
scaffold209_8_TIGR02712:6273:7155:+	453	33.0	34.8151927438	11.5383063291
scaffold20025_4_TIGR00092:674:1184:-	429	63.5	62.7215686275	15.1628068399
scaffold29325_7_TIGR00880:1776:2202:+	76	14.0	13.9906103286	3.80201405772
scaffold12323_1_TIGR00914:17:566:-	75	11.0	10.6484517304	2.6423588788
scaffold60375_1_TIGR02214:22:1612:-	180	9.0	9.58176100629	2.48832128368
scaffold192_5_TIGR00698:1940:2900:-	306	19.0	24.8125	16.5305982071
scaffold530_2_TIGR00914:7:1105:-	378	28.0	31.9681238616	14.1717889915
scaffold530_5_TIGR00914:2:590:-	195	20.0	22.3945578231	11.1055895855
scaffold9304_2_TIGR00090:5:272:+	100	31.0	31.9213483146	7.50763614124
scaffold56374_1_TIGR00005:134:617:-	45	7.0	6.93995859213	2.25095277696
scaffold19321_1_TIGR00005:4494:5214:-	349	27.0	28.9875	8.977200094
scaffold30061_2_TIGR01316:4:706:+	77	8.0	8.74643874644	3.67963249451
scaffold24641_7_TIGR00005:4:466:+	41	7.0	6.72727272727	2.66760117431
scaffold58903_3_TIGR02214:279:489:-	212	63.0	63.019047619	3.78966251137
scaffold58903_3_TIGR01900:15655:16687:-	930	73.0	74.4486434109	11.4479475032
scaffold16475_9_TIGR03906:11540:12887:+	322	19.0	19.279138827	4.93348811439
scaffold16475_9_TIGR00005:14853:15756:-	198	19.0	18.5669988926	5.06564838302
scaffold16475_2_TIGR02712:307:1075:+	162	15.0	16.3580729167	6.21139430426
scaffold7030_3_TIGR00914:6:552:+	291	31.0	36.695970696	21.3453862673
scaffold6427_12_TIGR00914:5:1406:-	248	8.0	12.1691648822	15.3323613552
scaffold60981_2_TIGR00342:13468:14581:-	325	37.0	37.0152740341	4.89225696426
scaffold55682_1_TIGR02712:294:522:-	34	11.0	10.1929824561	5.40366541126
scaffold15785_2_TIGR03992:3:705:-	68	8.0	8.06837606838	1.97733523405
scaffold4732_5_TIGR00342:2735:3530:+	120	10.0	12.0238993711	7.19683245418
scaffold4732_6_TIGR00342:5:296:+	58	22.0	21.2783505155	5.96509134926
scaffold36535_4_TIGR01316:393:636:-	64	14.0	15.6419753086	6.2175418415
scaffold6427_11_TIGR00914:517:814:-	61	7.0	10.4343434343	9.76645976562
scaffold18365_7_TIGR00698:5:530:+	75	10.0	10.3580952381	3.25274333894
scaffold4347_4_TIGR00005:21:471:-	37	6.0	6.21555555556	2.20710524902
scaffold16534_1_TIGR00005:276:1122:-	230	12.0	16.1146572104	10.4568164253
scaffold27257_1_TIGR02712:817:1147:-	225	52.0	49.0484848485	22.4232849918
scaffold16129_1_TIGR01316:3:1053:+	392	25.0	26.8647619048	8.78748006517
scaffold8026_7_TIGR00090:444:621:-	15	6.0	6.33333333333	2.16720984065
scaffold43051_1_TIGR02214:511:1195:+	64	7.0	7.26608187135	2.1073434329
scaffold22496_2_TIGR02214:4:601:+	241	33.0	34.0871021776	10.6884830304
scaffold38862_3_TIGR03992:5:401:-	71	13.0	13.3661616162	3.81315723451
scaffold42625_1_TIGR02627:621:867:-	47	9.0	9.4837398374	3.19643790522
scaffold5310_8_TIGR02712:1178:1448:-	44	10.0	10.8814814815	2.86499137573
scaffold13460_10_TIGR00914:149:554:+	53	10.0	9.86419753086	3.55816947812
scaffold57362_1_TIGR00914:5:578:+	1628	222.0	230.812937063	42.8894942119
scaffold15395_9_TIGR00005:6206:6893:+	223	25.0	25.3551673945	7.02452960976
scaffold15395_1_TIGR00698:16811:17837:-	444	34.0	35.4571150097	6.46497634661
scaffold53581_1_TIGR00092:5:449:+	908	193.0	194.59009009	16.9514008826
scaffold27146_8_TIGR02214:9462:9657:-	75	26.0	24.8564102564	4.53136051748
scaffold27146_6_TIGR01800:1131:2355:-	362	22.0	22.5506535948	8.72130493123
scaffold27146_7_TIGR02214:528:1569:-	285	22.0	22.562920269	4.39829334668
scaffold20850_7_TIGR02252:1832:2474:-	102	13.0	12.468847352	3.3399957438
scaffold21697_1_TIGR00880:753:1194:-	116	16.0	16.1473922902	6.15473556246
scaffold60332_1_TIGR00914:4:2449:+	270	10.0	9.70797546012	3.29463184115
scaffold41473_2_TIGR02712:10563:11550:-	1802	129.0	132.837892604	55.8955283904
scaffold41473_4_TIGR03992:11144:11924:+	526	54.0	54.0269230769	7.02362630199
scaffold60617_1_TIGR03992:4779:5115:-	168	50.0	50.2113095238	4.30807555085
scaffold21265_1_TIGR00880:9103:9511:-	135	25.0	23.681372549	3.19335186839
scaffold21265_1_TIGR02712:4839:5781:-	355	25.0	26.5074309979	7.58416665469
scaffold21265_4_TIGR01316:1910:2633:+	304	45.0	46.0318118949	12.8664954765
scaffold21265_6_TIGR01316:365:635:+	128	27.0	31.3037037037	10.8130744414
scaffold52014_1_TIGR00880:259:676:+	737	184.0	183.021582734	10.2539465123
scaffold61379_2_TIGR03992:2107:2716:-	195	22.0	23.8374384236	7.46979757882
scaffold10551_4_TIGR00880:12116:12530:+	125	21.0	20.231884058	3.07229285825
scaffold44272_7_TIGR03992:6282:7383:+	207	15.0	14.7929155313	3.8720199336
scaffold27190_4_TIGR01020:205:688:-	71	7.0	10.0973084886	6.51617298375
scaffold6838_1_TIGR03906:11:500:+	86	9.0	14.4049079755	11.4901779181
scaffold36632_6_TIGR00342:91:1216:+	159	9.0	10.7297777778	4.88733987581
scaffold36919_8_TIGR00152:5515:6082:+	120	17.0	17.0	3.0353589376
scaffold30612_1_TIGR01316:5636:5846:-	84	25.5	26.2047619048	4.72289017552
scaffold3979_3_TIGR00914:120:516:+	146	8.0	11.3560606061	14.0411368441
scaffold3979_5_TIGR00914:5:959:+	105	9.0	9.14779874214	2.57999081332
scaffold23267_8_TIGR00342:3:891:-	113	9.0	9.91554054054	4.0971679876
scaffold24350_8_TIGR00914:31:514:-	206	16.0	25.6086956522	24.6271174528
scaffold48904_1_TIGR00914:34:967:+	109	8.0	9.43729903537	4.36216584769
scaffold48904_2_TIGR00914:5:509:+	52	8.0	8.57142857143	2.59250620739
scaffold22436_3_TIGR00005:36:918:-	100	8.0	8.35260770975	3.65975523671
scaffold14290_6_TIGR01020:8055:8547:-	172	26.0	25.0284552846	5.39602413594
scaffold12646_1_TIGR00005:68669:69518:-	726	161.0	164.287396938	15.0989619354
scaffold12646_1_TIGR00880:66658:67072:+	268	142.0	142.47826087	7.2437386502
scaffold16041_3_TIGR02252:797:1232:-	55	8.0	8.47586206897	1.39991506452
scaffold16041_1_TIGR00092:602:1016:-	106	15.0	17.4057971014	7.57567714914
scaffold55424_4_TIGR03906:1:286:-	89	20.0	21.8350877193	8.4814036249
C791619_1_TIGR00914:107:1508:-	3578	221.0	215.291220557	27.1112017538
scaffold7327_9_TIGR01800:3411:4623:+	139	9.0	9.52392739274	3.36433268429
scaffold12959_1_TIGR01900:8:551:-	67	8.0	9.60220994475	5.24291635559
scaffold25646_9_TIGR00741:947:1253:+	72	15.0	15.6437908497	3.41286167976
scaffold61363_3_TIGR01316:5:701:+	193	22.0	23.0876436782	4.92291932471
scaffold23271_1_1_TIGR00698:1116:1791:-	798	96.0	96.8192592593	15.4044702329
scaffold55066_5_TIGR03992:6:747:-	166	16.0	16.7570850202	5.18175394621
scaffold23130_1_TIGR00005:262:1030:+	205	49.0	50.0950520833	6.24583832255
scaffold19849_3_TIGR02712:1:130:-	17	9.0	7.72093023256	2.7079462288
scaffold18888_1_TIGR02627:16670:18044:-	422	24.0	24.4024745269	4.52089050259
scaffold60344_3_TIGR00698:1817:2735:-	147	13.0	13.302832244	4.18809036565
scaffold49969_1_TIGR00342:455:896:-	41	7.0	6.87755102041	2.21281966578
scaffold49969_2_TIGR00342:2:647:-	74	8.0	9.32558139535	4.56675344912
scaffold47448_2_TIGR01316:15:729:-	93	10.0	10.1988795518	3.66865729711
scaffold60877_2_TIGR02712:999:1338:+	82	18.0	15.7787610619	5.37732787751
scaffold19066_1_TIGR02214:26:518:+	93	9.0	14.1158536585	12.0409528447
scaffold21844_13_TIGR01900:2564:3527:+	164	13.0	13.2647975078	3.24548998288
scaffold58393_1_TIGR01316:3:1218:-	130	9.0	8.91028806584	3.60009389443
scaffold38992_2_TIGR00914:36:738:+	232	13.0	20.9943019943	25.1253829387
scaffold448_3_TIGR00741:388:682:-	500	109.0	106.183673469	20.3882453824
scaffold1760_2_TIGR02252:5093:5678:-	260	27.0	31.6547008547	12.9489629042
scaffold61277_1_TIGR02621:30854:31400:-	187	26.0	26.4120879121	4.02425799585
scaffold61277_3_TIGR01800:94984:96178:-	470	32.0	31.1876046901	6.72042665785
scaffold61277_3_TIGR00880:82797:83217:-	109	19.5	19.9	4.77638037889
scaffold42647_2_TIGR00005:3:384:-	76	11.0	12.5354330709	5.67648639374
scaffold1778_3_TIGR00914:4656:7269:+	1638	43.0	47.3980099502	16.6605890524
scaffold56747_3_TIGR01316:4:880:+	131	9.0	10.7371428571	5.93021732747
scaffold42195_1_TIGR00914:8:1499:-	2374	182.0	185.443326626	64.3688959774
scaffold16065_3_TIGR00880:1419:1851:+	424	52.5	62.5462962963	39.4878988166
scaffold27544_3_TIGR00005:781:1681:-	91	8.0	7.90666666667	2.67502024914
scaffold1291_11_TIGR00152:2641:3196:+	139	17.0	18.163963964	4.69273528629
scaffold36359_8_TIGR03992:13517:14267:+	179	19.0	18.6426666667	5.20797269151
scaffold6856_5_TIGR00005:3:603:+	55	7.0	7.27666666667	2.07929208039
scaffold12286_1_TIGR00914:383:1415:+	216	11.0	15.5610465116	12.7537862622
C726580_1_TIGR00914:6:537:-	41	7.0	6.45762711864	1.57175912949
scaffold49639_2_TIGR02252:4675:4972:+	50	12.0	11.4848484848	3.84032380535
scaffold4131_1_TIGR00005:1097:2030:+	512	35.0	47.9978563773	26.5470521172
scaffold49639_7_TIGR03992:14044:15115:+	277	16.0	17.0625583567	6.61822798999
scaffold5230_2_TIGR00914:2:245:-	27	7.0	7.07407407407	1.25816946307
scaffold5563_28_TIGR02627:11513:12896:+	540	27.0	29.4656543745	9.70006144485
C808921_1_TIGR03992:3182:3761:-	762	128.0	127.0	14.7152594304
scaffold49072_6_TIGR02252:2913:3498:-	84	12.0	11.4888888889	2.64095870244
scaffold40649_3_TIGR00914:1:349:-	109	17.0	24.0086206897	15.4886846107
C813503_1_TIGR00005:3559:4255:+	577	64.0	63.4813218391	9.17469010281
C813503_1_TIGR00914:7527:10623:+	3118	74.0	80.7645348837	28.5009142716
scaffold36978_2_TIGR02214:971:1184:-	434	122.0	123.333333333	9.04846972597
scaffold8724_5_TIGR01020:300:711:+	1038	137.0	160.963414634	72.4461861041
scaffold55021_1_TIGR02252:103:490:-	32	6.0	6.78294573643	2.42604698721
scaffold5433_3_TIGR00087:146:851:-	54	16.0	15.5546099291	1.38592085665
scaffold18243_9_TIGR00092:3:96:-	16	9.0	8.34408602151	1.56915581479
scaffold6230_8_TIGR00914:448:1204:+	104	11.0	11.2883597884	3.13141142639
scaffold39974_2_TIGR01020:2658:3165:+	301	35.0	37.9802761341	19.2087978467
scaffold21387_3_TIGR01316:1434:1695:+	40	10.0	9.79310344828	2.50579985181
scaffold1142_1_TIGR01957:20718:21150:+	576	163.0	172.810185185	30.0478181861
scaffold1142_1_TIGR01962:22512:22758:+	385	159.5	182.800813008	42.7581228834
scaffold24441_3_TIGR00005:11295:12144:+	245	23.0	22.6183745583	4.5143865511
scaffold24441_1_TIGR00914:2082:2799:-	239	22.0	22.3472803347	8.98833330269
scaffold8790_3_TIGR00914:13251:14961:-	1161	38.0	48.4660818713	30.2009985191
scaffold27234_4_TIGR02627:11:1058:-	127	9.0	9.81661891117	3.15362631899
scaffold21844_9_TIGR01316:881:1007:-	44	20.0	19.5158730159	2.81924825898
scaffold21386_4_TIGR00914:166:1021:-	98	9.0	8.82573099415	2.54894403503
scaffold14299_10_TIGR03992:5:443:+	57	9.0	9.23059360731	1.62297295114
scaffold37638_2_TIGR03992:218:557:-	486	139.0	131.076696165	32.4341859553
scaffold46583_8_TIGR00914:596:3104:-	420	14.0	14.3931419458	3.53397511032
scaffold46583_4_TIGR02252:3360:3981:-	97	12.0	12.3188405797	3.22651793415
scaffold60687_1_TIGR02712:5:698:+	2001	244.0	231.499278499	50.6045593603
scaffold20102_6_TIGR01981:431:656:-	28	9.0	9.09777777778	1.9797293742
scaffold53388_1_TIGR00092:769:1141:+	228	38.0	40.1774193548	14.9477845953
C734771_1_TIGR02214:138:594:+	164	17.0	20.6967032967	9.73857685915
scaffold7847_18_TIGR03992:769:1372:+	77	11.0	10.28026534	3.48977068474
scaffold14290_3_TIGR00880:2121:2535:+	118	21.0	20.1570048309	4.11982208647
scaffold16238_5_TIGR01981:1178:2003:+	113	10.0	10.7248484848	5.16051919
scaffold16238_6_TIGR01981:7:622:+	85	11.0	10.8536585366	2.7986144273
scaffold4581_10_TIGR01962:3:561:-	430	62.0	55.8745519713	39.9412924608
scaffold4581_12_TIGR01957:225:657:-	417	37.5	61.099537037	60.1341617319
scaffold39504_1_TIGR00914:655:1615:+	2109	237.0	234.59375	37.4571639023
scaffold24247_4_TIGR01981:7630:8404:+	244	23.0	24.2312661499	5.29999309628
scaffold11907_2_TIGR01800:3:630:-	226	20.0	25.8277511962	17.8882494701
scaffold521_3_TIGR03992:1:712:-	547	60.0	58.3459915612	13.2454320909
scaffold245_5_TIGR01981:9869:10688:-	378	36.0	37.1660561661	8.25844861819
scaffold245_3_TIGR01316:19138:20473:-	633	36.0	36.0299625468	9.31435208054
C771263_1_TIGR02712:11:932:+	438	39.0	39.1498371336	6.93097051703
scaffold12798_7_TIGR01316:16395:17601:-	519	36.0	35.2180762852	6.88267261817
scaffold22317_9_TIGR01020:548:1076:+	136	12.0	15.6003787879	7.33617540368
scaffold519_1_TIGR00914:19098:22137:-	3205	80.0	86.5274761435	27.4358832903
scaffold519_4_TIGR00090:12885:13185:-	328	67.0	70.6066666667	17.8334504669
scaffold519_4_TIGR00087:7858:8563:+	673	73.0	73.380141844	15.990161957
scaffold9417_4_TIGR02214:5:698:-	68	8.0	8.08080808081	2.48559333737
scaffold34983_5_TIGR02712:1492:1918:+	178	26.0	27.3661971831	14.0574670014
scaffold7696_3_TIGR00880:192:522:+	65	8.0	10.8151515152	8.5998104705
scaffold16129_3_TIGR01962:3094:3331:-	158	45.0	41.2573839662	10.8583708552
scaffold16129_3_TIGR01957:4827:5259:-	224	36.0	36.1689814815	9.49228053227
scaffold17337_5_TIGR01020:6609:7068:-	184	24.0	27.8518518519	12.4543546493
scaffold9386_3_TIGR02214:1:391:-	32	8.0	7.90256410256	1.63008371336
scaffold33002_5_TIGR01900:5369:6365:-	319	24.0	25.1967871486	4.28167733043
scaffold32363_3_TIGR00914:27:408:-	206	48.0	46.5800524934	10.0644652299
scaffold32363_2_TIGR00914:98:1979:-	681	21.0	24.7474747475	14.8736848874
scaffold41295_4_TIGR01981:3:636:-	72	9.0	9.30331753555	2.35067904988
scaffold38618_9_TIGR01020:4:337:+	47	10.0	10.3843843844	1.7214411858
scaffold876_2_TIGR00152:10128:10698:-	152	17.0	19.3894736842	7.70731446187
scaffold21128_2_TIGR00914:3:2427:+	666	17.0	20.0408415842	10.9167067873
scaffold21128_3_TIGR02712:814:1795:-	595	33.0	45.0193679918	28.6939034255
scaffold21128_6_TIGR01316:4806:4926:+	44	15.5	16.55	2.86894289475
scaffold471_1_TIGR01316:312:1017:+	452	48.0	50.0453900709	23.1911742664
scaffold46277_1_TIGR00914:329:1109:+	255	16.0	21.8448717949	15.2976548181
scaffold5029_13_TIGR02214:58:1540:+	229	13.0	12.7726045884	4.13424914865
scaffold5029_15_TIGR02214:5:1154:+	199	13.0	14.863359443	5.60550731869
scaffold5029_14_TIGR02214:272:617:+	44	10.0	10.6376811594	3.40575393127
scaffold1159_6_TIGR03992:514:892:-	43	9.0	8.46031746032	2.4375288694
scaffold37103_1_TIGR00914:5:857:+	85	8.0	8.16549295775	3.41971388669
C728254_1_TIGR02214:2:560:-	33	5.0	4.98924731183	1.43555434566
scaffold27348_1_TIGR01800:2:539:-	269	39.0	38.4841713222	7.15824269399
scaffold55417_7_TIGR03131:4803:5715:-	278	34.0	35.3311403509	4.70325517338
scaffold23429_1_TIGR00914:131:944:+	952	96.0	95.3259532595	13.5498996872
scaffold61271_1_TIGR00914:2762:5855:-	1188	41.0	43.8477206596	11.3246378335
scaffold60686_1_TIGR02712:5:668:+	1849	216.0	214.733031674	58.07206407
scaffold61138_1_TIGR00880:8058:8361:+	131	29.0	29.2376237624	3.77104265029
scaffold30381_1_TIGR01981:17913:18765:+	1400	117.0	125.610328638	33.1825691895
scaffold30381_3_TIGR01900:11467:12496:-	1056	96.0	95.6588921283	9.2893907498
scaffold30381_2_TIGR02214:34700:34931:-	295	85.0	94.2987012987	22.5363957303
scaffold53717_1_TIGR00005:2815:3490:+	718	146.0	145.22962963	6.56944751129
scaffold24048_2_TIGR00914:392:818:+	35	6.0	6.56572769953	2.18867101422
scaffold49988_3_TIGR00698:199:721:+	134	13.0	20.6091954023	19.5373831598
scaffold43745_2_TIGR02627:5:251:+	33	9.0	8.60975609756	2.88431177442
scaffold2470_2_TIGR03906:46452:47724:+	1980	203.0	202.039308176	12.6873393843
scaffold61210_1_TIGR03992:367:568:-	317	96.0	93.9850746269	9.10769048604
scaffold43993_1_TIGR00914:19044:22155:-	3978	97.0	103.028929605	28.0949359268
scaffold28106_8_TIGR02214:879:1644:-	82	9.0	8.72156862745	3.51089697078
scaffold23184_13_TIGR00090:1689:1983:-	88	23.0	23.0340136054	4.01428565665
scaffold3134_2_TIGR00092:426:1380:-	844	63.0	65.5953878407	16.4721930643
scaffold3134_3_TIGR00092:3:135:-	138	67.0	61.5303030303	14.7043795754
scaffold58131_3_TIGR00880:15:204:-	20	7.0	6.77777777778	1.11901947505
scaffold22905_6_TIGR00087:3:426:+	48	8.0	7.87234042553	1.60164394193
scaffold39052_1_TIGR01800:4:562:+	205	15.0	25.1720430108	22.9541964003
C719938_1_TIGR01800:145:520:+	36	7.0	7.32533333333	2.77335384608
scaffold7951_1_TIGR02252:24:477:+	32	8.0	8.32008830022	1.11441210555
C734141_1_TIGR00005:5:587:+	39	7.0	7.78006872852	2.22368104358
scaffold37904_1_TIGR00914:2854:4948:-	3095	169.0	169.156638013	15.1048646271
scaffold43279_1_TIGR01316:1590:2328:+	117	9.0	11.2998643148	7.02647928253
scaffold51553_3_TIGR02712:607:1423:-	356	34.0	35.5110294118	10.5037283726
scaffold16819_6_TIGR01800:4897:6121:+	203	14.0	13.8374183007	4.36326823318
scaffold8183_7_TIGR00914:2:854:-	252	18.0	20.2922535211	10.3737790657
scaffold40448_1_TIGR00914:9:702:-	86	9.0	9.99134199134	4.52409742451
scaffold5048_18_TIGR01981:351:1077:+	66	7.0	7.62947658402	2.07680659219
scaffold30125_3_TIGR00914:5:1325:-	248	11.0	13.878030303	8.50353593472
scaffold61347_2_TIGR03992:53362:54109:+	203	32.0	32.2489959839	4.76203284567
scaffold12673_12_TIGR00090:94:388:+	51	9.0	9.68027210884	2.67257778835
scaffold36962_2_TIGR01800:143:785:+	51	6.0	6.52647975078	2.27954805197
scaffold562_9_TIGR03992:428:1163:-	558	61.0	60.2843537415	6.29323900987
scaffold562_7_TIGR02712:6776:7961:+	828	57.0	59.3729957806	14.961755348
scaffold691_2_TIGR01020:261:729:+	1085	130.0	123.623931624	62.7890888904
scaffold7922_6_TIGR02712:2727:3453:+	253	21.5	22.9862258953	10.8166450563
scaffold24718_2_TIGR02214:5:1826:-	793	33.0	33.9066447007	11.3700216061
scaffold37710_1_TIGR02252:40:517:+	56	9.0	9.52620545073	3.49270651629
scaffold15077_14_TIGR01316:8538:9522:-	278	20.0	21.2845528455	5.7007278457
scaffold15077_14_TIGR00880:657:879:-	115	28.5	28.6576576577	6.58758796785
scaffold34598_2_TIGR00914:2:1070:-	229	10.0	16.3895131086	15.9526441795
scaffold34598_4_TIGR00914:13:1471:-	120	7.0	7.11728395062	2.18752925819
scaffold1345_4_TIGR01900:10:508:-	115	13.0	14.2791164659	5.05436365831
scaffold3630_1_TIGR01020:1916:2378:+	193	25.0	27.7640692641	13.562368642
scaffold73_4_TIGR03992:18947:20132:+	520	36.0	36.1367088608	8.47432723464
scaffold5563_39_TIGR00914:746:3866:+	1458	31.0	34.7826923077	13.3638752607
scaffold8151_5_TIGR00092:5011:6109:-	669	44.5	44.1958105647	19.4119116514
scaffold30225_1_TIGR01316:698:1832:+	2142	235.0	231.921447485	16.8033643299
scaffold44974_8_TIGR00880:670:1036:+	26	6.0	5.80054644809	1.28296945808
C746217_1_TIGR01316:3:666:-	258	31.0	30.8174962293	6.75725597869
scaffold18221_2_TIGR00914:5:1208:+	185	8.0	12.1720698254	11.8625188264
scaffold18221_3_TIGR00914:19:739:+	429	30.0	40.7899860918	33.3178999763
scaffold45728_2_TIGR01316:191:869:+	524	59.0	57.893648449	15.5197659594
scaffold38992_3_TIGR00914:3:1014:+	319	14.0	21.7131552918	19.4433620404
scaffold5131_1_TIGR01981:1849:2623:-	245	23.0	24.1343669251	7.54504353623
scaffold5131_1_TIGR00005:7850:8765:+	212	16.0	16.9781420765	5.58310907386
scaffold5637_1_TIGR03992:1120:1390:+	40	10.0	10.862962963	3.95152555146
scaffold58358_2_TIGR00914:8:554:+	59	7.0	8.29853479853	4.02017322077
scaffold6611_4_TIGR01316:3:1089:-	215	12.0	14.0009208103	5.75441211772
C726540_1_TIGR01981:5:551:-	93	11.0	12.173992674	5.68470583193
scaffold9535_13_TIGR01316:586:700:-	60	25.0	25.2105263158	2.69656599104
scaffold20360_1_TIGR00914:597:1056:+	41	7.0	7.2091503268	2.31595845131
scaffold16667_13_TIGR00698:8289:9321:-	398	27.0	28.1850775194	6.39264734756
scaffold16667_13_TIGR00005:4747:5683:+	414	31.0	33.5523504274	10.7431868108
scaffold41097_8_TIGR03992:1523:2720:+	232	16.0	15.2873851295	3.35819544117
scaffold9438_4_TIGR02214:13016:14804:-	1666	71.0	75.5005592841	22.7189939093
scaffold9438_4_TIGR00914:1610:4742:-	2756	73.0	74.783844189	14.5392921468
scaffold36074_4_TIGR01316:9579:10551:+	843	78.0	79.4074074074	10.0593233511
scaffold46122_3_TIGR03992:26641:27406:+	210	20.0	21.5594771242	6.83728186168
scaffold4584_5_TIGR01316:2767:2899:-	30	13.0	13.3333333333	1.73932530748
scaffold60217_1_TIGR00698:29:677:+	74	8.0	8.60185185185	4.1598606966
scaffold3299_2_TIGR01900:58:970:-	91	8.0	8.02192982456	1.9605655634
scaffold3299_3_TIGR01900:68:911:-	125	12.0	12.0925266904	4.56153172415
scaffold10079_1_TIGR00914:5:581:+	57	8.0	7.85069444444	2.25276054504
scaffold10079_3_TIGR00914:138:684:+	62	9.0	8.65201465201	1.41930875186
scaffold186_2_TIGR00914:22822:25957:+	2622	84.0	90.3971291866	22.0292148645
C724696_1_TIGR00005:39:543:+	1047	177.0	184.882936508	19.6851251782
scaffold10491_3_TIGR02214:3:591:-	103	14.0	13.5527210884	4.08901083423
scaffold10491_2_TIGR02214:1:547:-	93	13.0	13.6007326007	3.40570511086
scaffold10491_9_TIGR02627:432:744:-	68	14.0	15.4262820513	3.73149471975
scaffold10491_8_TIGR01981:1526:2303:+	286	28.0	29.4916344916	8.32992431874
scaffold57736_4_TIGR00092:3:741:-	390	21.0	34.9268292683	34.3454878
scaffold48034_2_TIGR01981:3106:3934:+	300	23.0	24.7330917874	7.84465827093
scaffold56793_4_TIGR03992:9179:9968:-	712	103.0	104.550063371	13.0072258604
scaffold4906_16_TIGR00342:19602:19707:+	32	13.0	13.1619047619	2.30165079278
scaffold25372_7_TIGR00152:3430:3991:+	85	11.0	12.0891265597	2.80041493997
scaffold31522_3_TIGR03906:308:1487:-	1208	85.0	91.6157760814	22.7080326509
scaffold31522_3_TIGR00005:13694:14630:+	1435	95.0	128.358974359	56.4737608746
scaffold57650_3_TIGR03992:635:1076:+	56	9.0	9.43764172336	1.88112425218
scaffold30267_4_TIGR01316:52:619:+	56	8.0	8.03527336861	2.08179076548
scaffold60900_1_TIGR02252:22:352:+	454	104.0	103.903030303	8.68068161157
scaffold30551_1_TIGR00005:23760:24450:-	615	67.0	66.5130434783	10.3145024263
scaffold26836_3_TIGR01020:24708:25212:-	299	31.0	37.0138888889	15.0639445746
scaffold59399_1_TIGR00880:16457:16778:+	73	31.0	31.3115264798	3.28635778851
C719214_1_TIGR00914:20:518:+	669	144.0	144.040160643	11.4138291365
scaffold9480_3_TIGR01316:5:587:+	47	6.0	6.84192439863	2.10361211385
scaffold50823_1_TIGR00914:5:689:+	1018	193.0	198.736842105	26.3098560562
scaffold26599_1_TIGR03992:7832:8537:+	660	94.0	93.7673758865	6.86132646909
scaffold523_6_TIGR00090:32706:33000:-	74	15.5	17.0782312925	4.35858706755
scaffold523_6_TIGR00092:35150:35591:-	174	29.0	29.6281179138	4.15488438566
scaffold523_6_TIGR02214:15661:16780:+	352	27.0	26.27256479	4.41217218556
scaffold523_6_TIGR00005:26024:26906:+	187	15.0	15.8140589569	6.01165776663
scaffold35938_1_TIGR02627:937:2317:-	209	15.0	15.1536231884	4.48099302239
scaffold14340_4_TIGR03906:201:1479:+	154	10.0	10.1791862285	3.15657724956
scaffold54595_2_TIGR01800:47:1022:-	156	12.0	12.6605128205	5.64892817095
scaffold60810_1_TIGR03131:1429:1948:-	224	69.0	69.204238921	4.48081989865
scaffold60810_2_TIGR03131:3:345:-	145	33.0	31.9649122807	7.01368314854
scaffold34535_3_TIGR01981:34722:35574:-	1058	89.0	97.0892018779	21.6748058202
scaffold34535_5_TIGR02195:6594:7578:-	829	79.0	77.0457317073	8.90549650275
scaffold5636_3_TIGR00090:417:711:-	46	10.0	9.70068027211	2.28099204455
scaffold24766_1_TIGR00914:3910:6934:-	3714	94.0	101.457010582	28.9928517655
scaffold37776_1_TIGR00741:58:352:-	614	210.0	210.585034014	27.4347323283
scaffold12328_8_TIGR01981:1070:1919:-	427	30.0	34.8103651355	13.9109767941
scaffold12328_7_TIGR01981:7912:8401:-	100	17.0	16.036809816	4.98532353648
scaffold12328_7_TIGR00914:687:3702:-	804	22.0	22.1034825871	6.27574534057
scaffold61268_3_TIGR03131:7945:8824:+	710	97.0	96.4835039818	12.7628901941
scaffold40976_1_TIGR01981:3:405:+	90	11.0	14.8358208955	8.55610168637
scaffold38617_1_TIGR02252:5572:6169:-	117	55.0	55.7236180905	4.03199037368
scaffold13969_22_TIGR00092:953:1823:-	72	7.0	7.20114942529	1.9715793455
scaffold14290_4_TIGR01316:2325:2475:-	69	29.0	26.98	5.92449153936
scaffold1632_8_TIGR00914:3426:6567:+	921	34.0	35.0133715377	5.4934605097
scaffold1632_7_TIGR03992:40400:40775:+	87	20.0	17.72	6.04154505625
scaffold1632_2_TIGR01900:14598:14946:-	103	20.0	20.8017241379	3.73601567439
scaffold38831_4_TIGR00914:4:1783:+	202	10.0	9.68278965129	2.3957561564
scaffold20413_5_TIGR00741:91060:91354:+	103	25.0	25.3911564626	6.65782160008
scaffold514_2_TIGR00005:4166:5075:+	237	20.0	20.0594059406	5.43212868858
scaffold3606_3_TIGR00914:876:3432:-	427	15.0	14.1697965571	3.5023079968
scaffold621_9_TIGR02627:3171:4554:+	587	31.0	32.1496746204	6.99891621367
C764791_1_TIGR02712:580:841:+	652	209.5	205.592307692	23.1033451304
scaffold37124_1_TIGR02214:2:803:-	63	6.0	6.56679151061	2.15175701345
scaffold60905_1_TIGR02252:22:352:+	452	105.0	104.381818182	8.98987492903
scaffold15428_6_TIGR00880:15334:15748:+	110	21.0	20.3285024155	4.21503052163
scaffold15428_6_TIGR00005:16743:17595:-	242	19.0	21.088028169	8.34752766857
scaffold57329_1_TIGR00914:5:578:+	1581	224.0	230.83041958	37.9335209506
scaffold61063_3_TIGR03992:1051:1561:-	69	6.0	8.45294117647	5.76268772196
scaffold15454_3_TIGR01957:13696:14128:-	470	39.0	83.0185185185	65.3390702529
scaffold15454_3_TIGR01962:12029:12263:-	211	34.0	37.4401709402	20.8104656438
scaffold16170_7_TIGR00914:3527:6548:-	1030	27.0	27.4975173784	8.51987631443
scaffold16170_1_TIGR00880:12214:12637:-	125	21.0	20.9030732861	5.89246142677
scaffold54176_1_TIGR02712:3356:3686:+	97	20.0	21.2333333333	4.44393810247
scaffold52765_3_TIGR00914:3:708:-	92	24.0	23.0184397163	3.33150878087
scaffold60017_1_TIGR01800:2:602:-	40	5.0	5.44	1.66625328207
scaffold44371_3_TIGR01316:3:534:-	83	11.0	11.1694915254	3.8007695134
scaffold44371_2_TIGR01316:2:755:-	113	12.0	11.7410358566	4.62490831064
scaffold14659_31_TIGR02712:3701:4679:+	539	39.0	41.6196319018	14.9037300291
scaffold26401_4_TIGR00914:23587:26611:-	3509	86.0	98.7797619048	41.6701082762
scaffold14880_2_TIGR03992:4:403:-	42	8.0	7.41102756892	2.5014238946
scaffold45409_1_TIGR02627:1:1189:-	157	9.0	10.1397306397	5.09677430783
scaffold49860_3_TIGR00914:1:610:-	181	15.0	22.0459770115	16.0486080528
scaffold16572_1_TIGR00914:1:505:-	68	9.0	9.57142857143	3.92221708324
scaffold56860_1_TIGR00005:372:774:+	66	7.0	9.62344139651	8.72896683304
scaffold7783_6_TIGR01800:5:626:+	123	10.0	12.7874396135	7.07629710534
scaffold39915_2_TIGR02252:247:844:+	52	6.0	6.95477386935	2.70299136186
scaffold60107_2_TIGR03992:4027:4462:+	72	13.0	13.3655172414	2.68793932891
scaffold22779_8_TIGR00914:18:711:+	83	8.0	8.65367965368	4.98234735456
scaffold38028_3_TIGR00090:286:580:-	50	11.0	12.6768707483	3.69053888783
scaffold38028_5_TIGR00092:1399:1591:-	24	6.0	6.89583333333	2.9526794564
scaffold14072_2_TIGR00092:2:557:-	75	7.0	9.45765765766	6.10121165857
scaffold2792_3_TIGR01316:1927:3145:-	851	56.0	54.4917898194	19.3594131731
scaffold8338_9_TIGR00914:7037:10166:+	1163	28.0	29.3100031959	10.7000012978
scaffold36274_2_TIGR00914:1:805:-	99	9.0	10.3047263682	4.27656201131
C771979_1_TIGR00914:3:945:+	1240	139.0	141.580233794	16.1896699051
scaffold19734_2_TIGR00914:1:1756:-	932	30.0	37.9584045584	32.0824788523
scaffold5714_16_TIGR03992:500:944:+	73	11.0	12.1376975169	5.05692213859
scaffold2290_3_TIGR03906:5193:6390:+	428	28.0	27.3533834586	5.89702208785
scaffold6500_7_TIGR01981:989:1634:-	283	33.0	32.2604651163	9.23107675617
scaffold9482_7_TIGR00342:3:579:+	39	5.0	5.671875	2.09785951387
scaffold3464_4_TIGR00005:744:1593:+	124	10.0	10.7090694935	2.73595356144
scaffold21010_7_TIGR01316:3323:3434:+	25	9.0	10.009009009	2.53798350649
scaffold11122_4_TIGR02214:6:693:+	71	8.0	8.43731778426	1.94861267265
scaffold43371_5_TIGR01900:3:615:-	46	6.0	5.77287581699	2.16003121897
scaffold3049_17_TIGR00914:3550:6667:+	789	21.0	21.3631697145	5.3628342301
scaffold3049_19_TIGR00152:1624:2119:+	98	15.0	15.6888888889	5.1180190472
scaffold340_2_TIGR00092:27854:28952:-	396	25.0	27.4945355191	9.21225460919
scaffold3224_14_TIGR00092:1171:1456:+	132	21.0	24.4456140351	10.4616940391
scaffold19363_1_TIGR00914:2623:5761:+	1153	28.0	29.3827278521	14.4640534171
scaffold52427_1_TIGR03992:1097:1724:+	91	10.0	11.3094098884	5.20427601175
scaffold58236_5_TIGR02627:36791:37607:-	340	32.0	32.6029411765	4.87256134847
scaffold52480_1_TIGR00880:6851:7064:+	387	150.0	147.061032864	16.6415124602
scaffold5988_3_TIGR00914:1:1414:-	338	14.0	18.7409766454	13.8816450383
scaffold5988_6_TIGR00914:2:560:-	128	13.0	16.7795698925	11.6251093259
scaffold61363_2_TIGR01316:13713:14187:+	76	13.0	13.5421940928	4.52365002315
scaffold15665_3_TIGR00741:255:549:-	72	14.0	15.7857142857	9.66294204575
scaffold31200_3_TIGR03131:6248:7115:-	402	34.0	35.5328719723	8.91092749247
scaffold36778_12_TIGR03992:5:740:+	212	29.0	29.3319727891	5.9144695899
scaffold24137_4_TIGR00090:6429:6678:+	45	16.0	13.9036144578	4.32777837355
scaffold24137_4_TIGR00092:3801:4239:+	78	12.0	12.4406392694	2.28652825556
scaffold85_5_TIGR00914:27253:28087:-	715	84.0	84.979616307	16.0736708271
scaffold85_5_TIGR03906:19259:20522:-	918	77.0	76.8052256532	9.78995904528
scaffold6563_8_TIGR01800:10:613:+	100	12.0	12.5306799337	4.9685882992
scaffold6563_7_TIGR01800:153:558:+	46	12.0	13.0222222222	4.58521510192
scaffold143_4_TIGR02214:15803:16814:-	1653	93.0	151.861523244	86.393417371
scaffold143_4_TIGR02627:6:669:-	534	86.0	87.9547511312	10.410332677
scaffold5443_9_TIGR00880:790:1204:-	63	11.0	11.2560386473	2.90379557685
C754309_1_TIGR03992:14:728:-	447	47.0	47.0826330532	10.9732374113
scaffold39431_3_TIGR03992:3171:3936:+	135	13.0	13.7281045752	3.21586056173
scaffold11315_1_TIGR00342:2192:3305:+	604	42.0	40.525606469	9.23573279722
scaffold43116_3_TIGR00880:18:417:+	62	9.0	9.88972431078	3.2433266245
scaffold17304_2_TIGR01800:3:1044:+	419	29.0	30.2718539866	8.40200706328
scaffold12152_4_TIGR02214:4:553:+	182	22.0	23.3078324226	8.47142161567
scaffold45986_2_TIGR02712:384:675:+	28	7.0	6.71821305842	1.46305413127
scaffold44598_1_TIGR01981:4:505:+	94	10.0	14.0678642715	10.4737760745
scaffold3049_5_TIGR00005:2104:3010:-	190	17.0	16.6810154525	2.7438097026
scaffold3049_6_TIGR00880:2810:3077:+	50	14.0	14.6516853933	4.2154552189
scaffold22511_2_TIGR00092:759:1242:+	422	60.0	58.4658385093	16.2336834047
scaffold9087_5_TIGR00005:1628:2285:-	100	12.0	11.9619482496	2.63625602395
scaffold57984_1_TIGR02712:3157:3607:+	187	23.0	26.4666666667	7.82531504513
scaffold61214_1_TIGR00914:569:938:+	69	8.0	11.6883468835	10.3948027314
scaffold516_1_TIGR01020:3008:3419:-	1366	234.0	233.211678832	51.6947475046
scaffold59808_2_TIGR00005:471:729:-	64	17.0	17.7170542636	10.871045563
scaffold5007_1_TIGR00005:1463:1742:-	84	20.0	18.7132616487	5.74270955365
scaffold56135_3_TIGR00880:2:80:-	18	14.0	12.5384615385	3.3038140651
scaffold61160_1_TIGR00005:5015:5861:+	733	95.0	98.4810874704	16.3365605945
scaffold23239_4_TIGR01020:4854:5424:-	347	35.0	38.1210526316	13.7301465836
scaffold30230_5_TIGR03906:5778:6192:-	62	11.0	10.8381642512	2.25229727319
scaffold28228_6_TIGR03906:932:1595:+	115	14.0	13.3906485671	3.61950098248
scaffold28228_7_TIGR03906:3:510:+	90	14.0	14.6646942801	3.25540001318
scaffold16667_1_TIGR01900:3880:4909:+	373	26.0	27.4742468416	6.36030018218
scaffold16667_5_TIGR00005:14779:15478:-	249	37.0	38.2947067239	5.75728566416
scaffold10323_3_TIGR03906:3:630:-	47	6.0	5.98086124402	1.74250289057
scaffold42573_4_TIGR01981:1320:2148:-	425	35.0	35.7270531401	15.2568316055
scaffold42573_7_TIGR01981:421:1273:-	642	44.0	50.2382629108	31.733348978
scaffold17109_10_TIGR00005:3:621:-	584	47.0	62.1148867314	45.177084918
scaffold29192_4_TIGR02214:5:1220:+	239	19.0	18.8222222222	3.57305876962
scaffold29192_3_TIGR02214:5587:6016:+	87	16.0	15.5420560748	3.88991116308
scaffold29192_3_TIGR00092:168:1263:+	280	19.0	19.7780821918	7.0090009953
scaffold15201_2_TIGR02712:289:625:+	30	7.0	6.84821428571	1.51506220265
scaffold40289_1_TIGR02627:1000:1672:+	332	115.0	113.375	10.4516673881
scaffold60646_1_TIGR00092:5:356:+	202	41.0	39.2108262108	24.2363950652
scaffold16965_24_TIGR02712:3:1932:-	267	12.0	11.9590461379	3.29677447693
scaffold16965_25_TIGR02712:1:751:-	104	11.0	11.072	5.25612176419
scaffold16965_23_TIGR02712:4049:4796:-	105	11.0	11.358768407	3.20471750388
scaffold38467_5_TIGR01981:46:874:+	214	16.5	18.8756038647	10.1931934284
scaffold27382_2_TIGR01316:27407:28814:+	335	20.0	19.3702914001	4.96398387166
scaffold16667_28_TIGR02214:43432:43615:+	65	21.0	21.1475409836	3.95259919563
scaffold60325_1_TIGR02252:10782:11385:-	825	103.0	104.006633499	18.9954159376
scaffold61342_1_TIGR01800:41972:43169:+	482	46.0	46.5045948204	4.77979812499
scaffold61342_1_TIGR03906:59261:60617:-	505	45.0	45.2219764012	5.816908087
scaffold51555_1_TIGR03992:4:709:+	133	13.0	13.8127659574	5.63390006462
scaffold42405_1_TIGR00914:5:2099:+	2031	193.0	189.212034384	40.7393340805
scaffold59187_10_TIGR02712:6174:6660:+	94	15.0	15.024691358	3.45806854667
scaffold6383_3_TIGR02214:1270:2485:-	122	8.0	8.4683127572	2.11996778474
scaffold28228_17_TIGR02252:6283:6484:+	34	11.0	10.8308457711	1.71943638258
scaffold5288_1_TIGR00914:13521:14637:+	829	82.0	82.7051971326	8.52163648615
scaffold40541_2_TIGR00092:1:760:-	107	8.0	9.59552042161	5.69015801599
scaffold6544_4_TIGR02627:245:542:-	21	5.0	5.96632996633	2.51169875554
scaffold42760_2_TIGR00092:6:273:-	27	8.0	7.98127340824	1.84503216687
scaffold16668_2_TIGR02627:972:1305:+	185	35.0	37.039039039	10.1120587028
scaffold15725_4_TIGR00005:4:766:+	108	11.0	11.2414698163	3.05624646569
scaffold52470_1_TIGR00087:3423:4122:+	85	81.0	80.7110157368	3.78870114102
scaffold29197_2_TIGR01316:3038:3851:+	399	66.0	76.5480295567	25.4090459157
scaffold29197_3_TIGR01316:3:468:+	197	25.0	30.1483870968	15.7197746359
scaffold32434_9_TIGR02627:6:639:+	89	12.0	11.4249605055	2.60413015742
scaffold50676_1_TIGR00914:71:1259:+	2082	141.0	143.98399326	27.2396258492
scaffold1719_1_TIGR00090:1180:1474:+	121	28.0	26.4659863946	8.34159315766
scaffold13388_12_TIGR01316:3:759:+	114	11.0	11.6494708995	3.98643695726
scaffold41326_1_TIGR01316:1435:2836:-	153	8.0	8.77801570307	3.59771944615
scaffold60169_2_TIGR02627:17698:19057:+	357	22.0	22.3612950699	5.53984856203
scaffold53843_3_TIGR00152:14261:14810:+	150	19.0	19.5009107468	3.03448592305
scaffold53843_3_TIGR02252:26378:26681:-	115	26.0	25.7656765677	5.8632274187
scaffold41294_14_TIGR00914:115:1921:-	208	9.0	9.45182724252	2.98049296261
scaffold7378_7_TIGR03131:11:929:-	113	9.0	9.38779956427	2.56504561217
scaffold7378_5_TIGR02712:3:951:-	116	11.0	10.2489451477	3.53064476743
scaffold52600_1_TIGR00880:322:481:-	55	24.0	23.5974842767	3.40203323751
scaffold53191_1_TIGR01316:5806:6043:+	44	11.0	10.9620253165	2.7563951171
scaffold12700_1_TIGR03131:60:912:+	765	51.0	60.5821596244	31.5449833222
scaffold9404_19_TIGR00698:4185:5238:+	383	26.0	27.7872744539	8.45884677558
scaffold22496_1_TIGR02214:261:1362:+	502	31.0	31.7347865577	14.7142493875
scaffold57522_8_TIGR00342:5604:6726:+	233	17.0	17.3565062389	3.52952879764
C778363_1_TIGR00914:134:1067:-	1463	124.0	130.352625938	26.6092559803
scaffold6052_3_TIGR01800:453:1158:+	116	8.0	10.2869318182	11.5400759075
scaffold4354_9_TIGR00005:9781:10480:-	219	28.0	28.5464949928	5.93951859447
scaffold4354_4_TIGR00087:3227:3944:-	287	28.0	29.4588563459	8.34289852121
scaffold29049_1_TIGR00005:155:824:-	462	51.0	54.4275037369	16.657354675
scaffold46188_1_TIGR00152:2328:2877:+	228	22.0	25.6448087432	12.1689486373
scaffold45531_9_TIGR02712:11819:13157:+	242	15.0	14.8437967115	3.44575229861
scaffold45531_9_TIGR03131:7697:8624:+	178	16.0	15.5490830636	3.7265652823
scaffold7301_2_TIGR01316:3:654:+	238	23.0	24.7265745008	15.407188572
scaffold31291_2_TIGR03906:274:1462:+	199	12.0	12.462962963	5.30336993194
scaffold6255_4_TIGR00880:2281:2695:-	69	13.0	12.3792270531	2.56954541773
scaffold945_4_TIGR00152:4:547:+	69	10.0	9.78821362799	1.89632025527
scaffold3564_6_TIGR00005:959:1346:-	55	11.0	10.6925064599	2.17003808581
scaffold523_9_TIGR00152:3915:4545:-	166	19.0	19.9349206349	4.60336863302
scaffold60322_1_TIGR00005:1316:1847:+	149	19.0	21.68173258	8.03560963671
scaffold48113_4_TIGR02214:13900:14899:+	237	26.0	26.5145145145	3.13645929616
scaffold4309_2_TIGR00880:3737:4157:-	122	21.0	20.819047619	3.02460057144
scaffold7591_12_TIGR01316:3:294:-	42	10.0	10.0343642612	1.28386277835
scaffold3160_3_TIGR00914:3:879:-	66	7.0	6.43378995434	1.78180806322
scaffold3160_1_TIGR00914:293:1997:-	155	7.0	7.65492957746	3.19670996065
scaffold26945_3_TIGR01800:35:770:-	86	7.0	8.35782312925	6.43511756834
scaffold56329_3_TIGR02712:5843:6305:+	188	29.0	29.9545454545	5.86685706374
scaffold30051_2_TIGR00914:3464:6569:+	5733	156.0	149.725281804	50.239948131
scaffold9301_2_TIGR03131:3:522:-	55	9.0	8.62427745665	2.64965701203
scaffold36129_5_TIGR02214:11754:13608:-	382	17.0	17.4363538296	4.41129701992
scaffold36129_5_TIGR01316:32803:34210:-	389	22.0	21.7078891258	4.20063135596
C797679_1_TIGR00880:1185:1614:+	768	179.0	185.685314685	24.6776191971
scaffold974_2_TIGR00914:467:2996:-	1313	26.0	38.5401344405	32.7311693793
scaffold1111_10_TIGR00880:1654:2071:-	47	7.0	7.59472422062	2.31277776518
scaffold313_5_TIGR01800:40648:41800:-	617	34.0	40.9539930556	20.9726707427
scaffold313_5_TIGR00914:12700:15793:+	1070	27.0	28.2347235694	6.8778918484
scaffold10781_3_TIGR01020:1183:1420:+	23	6.0	6.5864978903	2.00997175836
scaffold46491_3_TIGR01981:610:1375:-	84	8.0	7.74901960784	2.33019726639
scaffold514_1_TIGR00880:7956:8364:-	104	18.0	18.0318627451	3.21019583741
scaffold23480_4_TIGR00914:61520:63839:-	2046	72.0	72.7408365675	15.4432182383
scaffold29691_1_TIGR01316:3:1026:+	230	17.0	19.8220918866	8.86036021343
scaffold61320_1_TIGR00092:6681:6960:-	437	91.0	98.8960573477	29.9765730312
scaffold61320_1_TIGR00914:23224:26047:-	4828	114.0	135.312787814	51.584709173
C754269_1_TIGR00152:5:374:+	428	82.0	83.4579945799	11.3222804683
scaffold5736_1_TIGR00005:1221:1884:-	133	14.0	14.6380090498	4.24177354338
scaffold13976_1_TIGR00698:4101:5154:+	419	28.0	30.7758784425	9.55431851029
scaffold30316_1_TIGR00914:40:1222:-	2904	202.5	204.759729272	21.2157908801
scaffold2266_1_TIGR03992:3:552:-	36	5.0	5.53187613843	1.59272719086
scaffold16170_12_TIGR00880:20922:21336:+	176	28.0	27.4565217391	6.48906873307
scaffold61375_3_TIGR00914:15054:18177:+	3219	118.0	125.735190522	27.6714056944
scaffold52426_6_TIGR03992:2537:2843:+	60	15.0	14.3333333333	5.50400923392
C778133_1_TIGR00914:78:1056:+	1296	157.0	157.650306748	18.0672003061
scaffold34535_6_TIGR00914:27546:29283:+	1887	81.0	86.5906735751	23.1700177608
scaffold34535_6_TIGR03992:57:594:-	467	67.0	66.5996275605	13.2218514415
scaffold3085_4_TIGR00005:3:615:-	75	13.0	12.5473856209	3.41747379682
scaffold3085_3_TIGR00005:1814:2081:-	39	10.0	9.88389513109	2.29426964794
scaffold38916_1_TIGR00741:297:591:-	419	83.0	87.2823129252	14.7447174937
scaffold1114_2_TIGR00741:2007:2301:+	31	9.0	9.37074829932	1.82256121215
scaffold1114_2_TIGR01316:534:1473:+	79	9.0	9.01916932907	2.07363256766
scaffold11110_1_TIGR03992:14:506:+	47	7.0	7.14837398374	2.27399969038
scaffold38924_3_TIGR03992:226:616:+	72	11.0	11.7641025641	5.70296761162
scaffold613_5_TIGR02214:1318:2149:+	114	11.0	12.0577617329	5.79069624316
scaffold20407_5_TIGR01981:8694:9546:+	589	52.0	63.3720657277	28.1599859114
scaffold20407_7_TIGR02214:14024:14240:-	41	11.0	11.3611111111	1.89031808676
scaffold58209_2_TIGR00005:3:582:+	46	7.0	6.88946459413	1.71497807557
scaffold20630_11_TIGR02214:4:1219:+	153	10.0	10.3851851852	2.5752435393
scaffold4947_5_TIGR03992:2297:3155:+	305	27.0	27.5128205128	5.00563307095
scaffold5854_2_TIGR03992:4631:4838:+	28	9.0	9.68599033816	2.60674466318
scaffold49860_6_TIGR00914:1:784:-	450	37.0	40.5095785441	18.1347192873
scaffold9569_13_TIGR01981:491:1262:-	140	13.0	14.0739299611	5.7082989614
scaffold3048_4_TIGR02195:128:650:+	92	11.0	11.867816092	4.3058098749
scaffold46217_4_TIGR02214:577:1429:+	72	7.0	7.0234741784	1.45250734988
scaffold46217_5_TIGR02214:6:1014:+	97	7.0	7.98015873016	3.56732347849
scaffold25751_2_TIGR03992:4:601:+	44	6.0	5.95142378559	2.48600481011
scaffold8341_3_TIGR02214:1:175:-	46	13.0	14.2183908046	4.04834374352
scaffold10784_2_TIGR03906:6200:6578:-	226	65.0	60.7671957672	8.84336256457
scaffold33599_1_TIGR02214:5752:6769:+	455	48.0	51.2723697148	11.2913308776
scaffold43870_3_TIGR02712:22:802:-	130	11.0	12.4423076923	4.24481642353
scaffold6230_11_TIGR00914:30:2568:+	341	11.0	11.365642238	3.53473610603
scaffold43989_2_TIGR00092:534:765:-	44	11.0	10.4545454545	2.54931679777
C783367_1_TIGR02252:666:1011:+	81	15.0	15.5130434783	2.76321137701
scaffold10540_5_TIGR00342:2752:3544:-	187	18.0	18.1287878788	5.04235390212
scaffold24016_4_TIGR00880:7731:8148:+	100	17.0	16.4460431655	4.74001183134
scaffold46196_1_TIGR01981:171:999:+	247	27.0	26.9106280193	9.54960267235
scaffold59526_1_TIGR03992:34910:35225:+	482	79.0	88.9968253968	23.5813348859
scaffold166_1_TIGR03131:5:782:+	255	46.0	49.1930501931	8.47792519048
scaffold57352_1_TIGR00090:504:798:-	174	62.0	63.343537415	8.47210362706
scaffold60509_1_TIGR02214:39400:40204:-	290	46.0	46.5199004975	4.67403668103
scaffold60509_1_TIGR00342:57074:58187:+	325	42.0	41.9263252471	5.23756891939
scaffold23621_2_TIGR02627:10188:10833:-	205	20.0	24.1798449612	13.452479555
scaffold23621_4_TIGR02627:1:391:-	141	22.0	22.5128205128	8.31825855441
scaffold61365_3_TIGR01020:21086:21284:+	95	30.0	30.6616161616	4.81806799518
scaffold4061_1_TIGR00005:5:467:+	46	8.0	8.03463203463	3.22511984658
scaffold26944_21_TIGR01900:12144:12651:+	175	25.0	24.6804733728	3.27269399863
scaffold26944_22_TIGR02214:26226:27468:+	287	25.0	25.0507246377	3.36552144245
scaffold15623_4_TIGR01316:322:955:+	109	20.0	20.6012658228	3.17763121993
C739791_1_TIGR00914:8:623:-	955	132.0	130.951219512	21.2437092204
