scaffold58846_2_TIGR00698:4:628:+	92	9.0	11.0208333333	5.49252539393
scaffold32296_2_TIGR01316:1510:2479:+	172	14.0	13.6253869969	3.56786128348
scaffold42421_4_TIGR00152:6350:6917:-	81	10.0	10.5061728395	2.1576852493
scaffold51437_6_TIGR01020:13164:13362:+	32	10.0	9.66666666667	3.16547026841
scaffold41991_1_TIGR00005:3:516:-	250	46.0	42.3547758285	11.2259646472
scaffold58716_1_TIGR00005:7067:7841:-	397	37.0	37.2622739018	6.33310468762
scaffold25463_2_TIGR00914:1:1021:-	175	11.0	12.3892156863	6.8652636135
scaffold55013_1_TIGR00914:5:824:-	1374	195.0	194.866910867	24.6072567715
scaffold17811_4_TIGR01800:1186:2413:+	218	13.0	13.4947025265	4.83945307706
scaffold27971_3_TIGR02214:2852:4175:+	432	23.0	24.6621315193	9.7909352615
scaffold14301_5_TIGR00005:678:1335:-	114	13.0	13.2480974125	3.15952333499
scaffold56275_1_TIGR00090:1475:1760:-	537	159.0	167.273684211	28.3661926671
scaffold37012_3_TIGR02214:109:946:-	89	8.0	8.32377538829	2.97083732244
scaffold37012_6_TIGR00092:793:1888:-	289	13.0	18.6867579909	13.6063897825
scaffold37012_4_TIGR02214:11:1832:-	199	9.0	9.39264140582	3.28712575266
scaffold51889_3_TIGR01316:21:1143:-	348	25.0	24.8743315508	5.27119106206
scaffold22536_2_TIGR03992:2731:3136:-	150	28.0	28.987654321	6.81627288034
scaffold22536_3_TIGR03992:1:469:-	182	30.0	30.547008547	4.29668074334
scaffold17758_1_TIGR02214:5:494:+	31	5.0	5.51124744376	2.13366632389
scaffold272_7_TIGR02214:10536:10737:+	92	40.0	40.1293532338	2.52611909679
scaffold272_1_TIGR03239:6238:6988:-	232	24.0	23.1706666667	5.49910958449
scaffold3461_32_TIGR03906:2049:2346:+	77	14.0	16.1313131313	8.47890604799
scaffold36088_1_TIGR02252:17761:18367:+	185	62.0	62.902640264	7.42501078169
scaffold41697_9_TIGR02621:805:1162:-	80	15.0	15.1904761905	4.44545139987
scaffold57395_3_TIGR03906:848:2015:+	578	29.0	32.9545844045	15.4804958685
scaffold52405_11_TIGR01800:27046:28270:+	693	47.0	46.6217320261	7.23428327593
scaffold2774_8_TIGR03992:2071:2902:+	152	15.0	14.8567990373	2.80234539157
scaffold18481_3_TIGR02195:284:812:+	59	9.0	8.2196969697	2.89150897467
scaffold2280_5_TIGR00880:136:466:-	122	26.0	26.0515151515	5.65528024717
scaffold28571_6_TIGR02214:2153:3752:+	288	14.0	14.7442151345	4.0093998364
scaffold14075_1_TIGR03906:1022:2018:+	481	34.5	35.0883534137	11.3628642355
scaffold14075_2_TIGR03906:5:380:+	202	38.0	39.3253333333	8.04161001016
scaffold24002_2_TIGR01316:5:779:+	62	6.0	6.35400516796	2.11766368022
scaffold59348_1_TIGR02712:3662:4643:-	404	29.0	30.7023445464	7.15597913053
scaffold59348_1_TIGR00914:11772:14883:-	1371	29.0	34.1195756991	18.7814711163
scaffold56514_2_TIGR03992:57529:58294:-	344	36.0	36.2549019608	8.52503380996
scaffold27634_1_TIGR00914:8:2999:+	2698	73.0	74.9592109662	18.178201661
scaffold27128_1_TIGR02214:27:1800:-	1145	104.0	114.256627186	26.5241776353
scaffold19345_4_TIGR03992:358:631:+	30	7.0	7.64835164835	2.54932423585
scaffold58009_1_TIGR02712:2:527:-	64	9.0	9.84952380952	3.76325906906
scaffold40026_1_TIGR02252:1822:2197:+	61	12.0	11.7626666667	4.07852173656
scaffold10252_5_TIGR00005:1340:2009:-	99	10.0	10.620328849	4.7987235983
scaffold12605_2_TIGR00152:9731:9845:+	32	17.0	16.649122807	3.10342893593
C723389_1_TIGR00914:8:1838:+	567	21.0	24.4612021858	11.1405512749
scaffold228_2_TIGR02214:54959:55166:-	101	100.0	99.0676328502	6.84085946097
scaffold228_2_TIGR03906:6373:7438:-	436	102.0	102.324882629	5.45537514237
scaffold228_3_TIGR02712:5743:6724:+	360	45.0	44.1019367992	6.65517406343
scaffold891_12_TIGR02214:5:470:+	67	10.0	10.5741935484	2.86907512825
C734665_1_TIGR02627:10454:11831:-	540	32.0	32.0043572985	6.33969259088
scaffold48184_3_TIGR02627:1015:1489:+	45	15.0	14.5907172996	2.06977401288
scaffold10817_1_TIGR03906:17:377:-	322	59.5	60.75	29.5501222032
scaffold35519_4_TIGR00005:559:1057:-	47	7.5	7.59036144578	1.91822465137
scaffold59350_2_TIGR03992:13855:14536:+	603	64.0	63.4875183554	8.00771873466
scaffold22553_2_TIGR03992:376:1189:+	635	56.0	56.3714637146	12.8108492016
scaffold36600_6_TIGR01981:1951:2749:+	120	12.0	11.6829573935	1.87209699096
scaffold6918_4_TIGR00005:5:284:+	101	20.0	22.4444444444	5.96010899593
scaffold43782_3_TIGR02195:2727:3747:-	186	21.0	22.3450980392	4.8394341642
scaffold13534_2_TIGR01800:146:1301:-	636	34.0	42.5896103896	22.7112778843
scaffold44284_8_TIGR02214:233:881:-	43	6.0	5.52469135802	1.3179699002
scaffold52778_1_TIGR00005:447:1239:-	74	8.0	7.41161616162	2.88014211457
scaffold45360_5_TIGR00090:1046:1208:-	61	25.5	31.4691358025	21.127821702
scaffold19776_4_TIGR00914:17:860:+	135	8.0	12.1209964413	12.1906396215
scaffold36885_1_TIGR00698:3:513:+	114	10.0	15.962745098	13.5831709715
scaffold33916_4_TIGR00914:8:524:+	88	13.0	13.1492248062	4.28027513287
scaffold9505_7_TIGR02627:329:1040:-	103	14.0	13.6877637131	2.97875353733
scaffold21317_1_TIGR03992:48874:49255:+	191	44.0	44.2362204724	2.94157463032
scaffold55518_1_TIGR00914:26:1403:+	669	12.0	29.0871459695	36.217967015
scaffold2976_1_TIGR00914:13549:14332:+	594	296.0	296.455938697	9.34264928372
scaffold2373_2_TIGR00880:108:522:-	45	7.0	7.99275362319	3.05859771036
scaffold33254_3_TIGR01316:245:839:+	1053	135.0	135.18013468	19.6044094877
scaffold59349_1_TIGR01316:18326:19664:-	462	27.0	27.6958146487	6.2803937545
scaffold6102_2_TIGR00005:11:506:+	58	9.0	9.19191919192	4.3833402873
scaffold35995_1_TIGR00005:2:629:-	1085	122.0	132.503987241	25.2627260406
scaffold5693_5_TIGR00698:2614:3616:-	179	14.0	14.3672654691	3.60981782614
scaffold40198_1_TIGR00914:2:602:-	46	7.0	6.665	1.89634077458
scaffold10785_2_TIGR02627:30441:31779:+	533	34.0	33.1405082212	5.05364232886
scaffold15509_3_TIGR03992:2549:3368:+	457	45.0	42.6715506716	13.8846920359
scaffold9757_4_TIGR01981:5369:6161:+	103	10.0	9.75126262626	2.98861449297
scaffold54951_2_TIGR00914:4:517:+	46	8.0	7.59259259259	2.33285368999
scaffold509_4_TIGR00092:8:350:-	84	13.0	16.4035087719	10.0032620103
scaffold7998_15_TIGR03906:1156:2515:-	189	11.0	11.6077998528	2.94915925979
scaffold7998_15_TIGR01316:3633:4065:-	83	14.0	14.4467592593	3.50884314815
scaffold7998_16_TIGR01316:1:1030:-	198	13.0	14.7385811467	5.64642342558
scaffold807_3_TIGR00005:272:1118:+	503	33.0	42.1453900709	24.648572936
scaffold28302_1_TIGR00914:8:263:+	33	6.0	8.91764705882	6.49804513235
scaffold39805_1_TIGR00005:2108:2417:+	32	6.0	6.61488673139	1.9451803529
scaffold891_9_TIGR01900:3089:4184:-	226	16.0	17.2255707763	5.31760958572
scaffold11911_9_TIGR02712:308:917:-	99	10.0	12.0952380952	8.37312106124
scaffold36557_2_TIGR01800:216:1434:-	255	12.0	15.1174055829	10.1948267171
scaffold25198_1_TIGR00914:6598:9706:+	1646	44.0	44.0479407979	9.78376009795
C691777_1_TIGR00914:39:711:+	908	96.0	115.479166667	57.1784969928
scaffold21391_1_TIGR00880:2895:3324:+	88	31.0	31.6363636364	3.13312727858
scaffold31538_3_TIGR03992:3:690:-	57	7.0	6.81077147016	2.28003175848
scaffold418_21_TIGR02712:170:449:-	32	8.0	7.71684587814	2.59488801588
scaffold13891_3_TIGR01316:670:904:+	21	6.0	5.28632478632	1.48470296796
scaffold1532_4_TIGR03992:11:554:-	90	8.0	11.5856353591	12.2304278912
scaffold43850_1_TIGR01316:1618:2914:+	808	46.0	46.2330246914	14.7038571655
scaffold51756_3_TIGR03131:3:447:+	61	11.0	10.7522522523	1.90231470416
scaffold14384_2_TIGR00152:1011:1575:-	60	8.0	7.9219858156	1.83859691334
scaffold17758_12_TIGR00005:106:703:+	55	7.0	7.37919463087	3.05275263987
scaffold17758_13_TIGR00005:3:237:+	29	8.0	7.91452991453	2.07579723979
scaffold14496_2_TIGR02214:8674:8863:-	80	19.0	21.1798941799	3.7963248713
scaffold59306_1_TIGR03131:6919:7795:-	781	47.0	60.4783105023	39.3550543872
scaffold2707_1_TIGR01962:10150:10396:-	69	21.0	21.8739837398	2.8349542202
scaffold2707_1_TIGR01957:11758:12190:-	251	32.0	42.2430555556	24.4950618212
scaffold52989_2_TIGR02712:12271:12586:-	268	57.0	56.7873015873	4.71227684204
scaffold52989_2_TIGR01316:17296:18631:-	1055	65.0	65.1707865169	8.76146913074
scaffold705_1_TIGR01316:6875:7838:-	342	38.0	37.6666666667	6.8303883936
scaffold32189_5_TIGR00092:4:661:+	131	8.0	13.4505327245	11.2256936688
scaffold59257_1_TIGR03992:55534:56272:+	480	95.0	95.2601626016	5.91310711436
C709235_1_TIGR00880:670:856:+	307	158.0	165.177419355	17.0589025667
scaffold18383_1_TIGR00914:2:503:-	43	8.0	7.28942115768	2.24588065232
C728081_1_TIGR01316:63:1272:+	638	34.0	38.0372208437	15.5075510586
scaffold51180_2_TIGR00741:17617:17911:+	72	16.0	17.1870748299	3.40203564729
scaffold54752_1_TIGR00741:4825:5119:+	210	57.0	59.2551020408	7.61082905255
scaffold59194_1_TIGR03992:11513:12194:+	904	143.0	143.296622614	10.2686442471
scaffold221_6_TIGR02712:11219:11534:+	465	41.0	68.1365079365	66.2043284961
C668169_1_TIGR00914:14:521:+	282	50.0	50.033530572	10.3430726496
C680673_1_TIGR02627:5:644:-	160	20.0	20.2848200313	5.50347205165
C657459_1_TIGR00914:2:512:-	741	150.0	151.554901961	15.8632614618
scaffold18352_2_TIGR02627:45:780:+	100	14.0	13.5646258503	1.94435525998
scaffold18352_6_TIGR01316:4811:5798:-	177	12.0	13.0992907801	4.01192112939
scaffold14301_33_TIGR03906:12383:13415:+	185	12.0	13.0920542636	3.70002289498
scaffold35737_2_TIGR02712:1872:2292:-	893	193.0	207.816666667	70.7048001895
scaffold275_6_TIGR00005:17328:18228:-	302	43.0	42.3422222222	4.25082940346
scaffold275_9_TIGR00005:1324:1984:+	181	19.0	20.1166666667	6.22166506344
scaffold24458_1_TIGR01981:30818:31670:+	1239	92.0	111.368544601	36.5330302185
scaffold51790_2_TIGR03131:68960:69119:+	53	38.0	38.6603773585	3.06292536757
scaffold51790_2_TIGR03992:40012:40531:+	148	42.0	41.429672447	3.99835781423
scaffold26582_6_TIGR01316:175:1507:-	185	9.0	10.1584084084	6.61565936383
scaffold117_4_TIGR02627:5532:6912:-	364	18.0	19.9710144928	7.78035619037
scaffold32591_5_TIGR00005:56430:57273:-	360	34.0	34.7449584816	4.8001786831
scaffold32591_5_TIGR01020:95287:95764:-	214	35.0	33.4507337526	6.33880800175
scaffold17387_2_TIGR00005:10046:10751:-	310	32.0	34.6510638298	9.17892758628
scaffold14986_5_TIGR00880:232:670:-	68	12.0	11.1073059361	3.4942734042
scaffold57636_1_TIGR00005:28:640:-	34	5.0	4.84477124183	1.33593696036
scaffold53276_1_TIGR00092:43317:44415:-	1552	132.0	142.166666667	36.8558025574
scaffold6450_4_TIGR00005:1521:1929:-	216	40.0	43.8725490196	14.7604543002
scaffold59332_2_TIGR00092:8919:9198:+	129	26.0	29.70609319	10.8713393941
scaffold51900_3_TIGR00741:5966:6269:+	143	33.0	32.498349835	4.43796595654
scaffold59051_1_TIGR00914:1906:3661:-	1096	35.0	47.0820512821	31.2929379963
scaffold59051_3_TIGR00914:46:820:-	420	44.5	42.2325581395	20.1390559765
scaffold5767_3_TIGR01800:7:949:+	104	9.0	9.24628450106	3.27262044568
scaffold1228_5_TIGR02214:72:414:-	42	8.0	8.25438596491	2.72998747992
scaffold5266_10_TIGR02252:1229:1682:+	41	6.0	6.4944812362	2.17918925073
scaffold13549_3_TIGR03992:4:514:+	51	7.0	7.61176470588	2.81004131285
scaffold16137_2_TIGR03992:18197:18878:-	585	67.0	66.8678414097	12.063105347
scaffold16137_2_TIGR00698:1973:2933:-	902	75.0	75.1302083333	11.5237401679
scaffold9790_1_TIGR01020:4064:4628:+	235	18.0	30.7978723404	27.1509099363
scaffold35567_2_TIGR02214:6225:7638:+	2222	130.0	129.167847025	18.6414890364
scaffold35567_3_TIGR02214:622:841:+	421	137.0	136.808219178	5.72423558952
scaffold57663_1_TIGR02252:80:563:+	826	181.0	179.376811594	11.5859753416
scaffold33277_3_TIGR01316:8309:8438:-	49	20.0	20.1937984496	2.07636205182
scaffold59355_1_TIGR00005:6482:7361:-	623	62.0	62.0591581342	4.88140626908
scaffold59355_1_TIGR00342:16161:17283:-	802	67.0	64.9964349376	10.3655979128
scaffold55366_1_TIGR01020:629:1040:-	780	57.0	104.564476886	85.3627587842
scaffold48796_8_TIGR02214:1922:3302:+	228	14.0	14.0862318841	3.53786335316
scaffold46909_1_TIGR01020:20:494:-	1466	214.0	216.240506329	76.9609274294
scaffold10476_5_TIGR02712:5:734:-	112	12.0	11.780521262	4.73884270481
scaffold58931_2_TIGR01316:26709:26820:-	145	71.0	71.1351351351	3.35976856369
scaffold16718_1_TIGR01316:507:696:+	14	4.0	5.12169312169	2.58014504555
scaffold6712_3_TIGR00914:5:608:+	49	7.0	6.84245439469	1.7200568695
scaffold32880_6_TIGR01981:24017:24833:-	202	19.0	18.8333333333	2.68194154625
C677849_1_TIGR02712:1:622:-	406	54.0	55.5829307568	14.5981590101
scaffold45482_1_TIGR00005:6698:7544:-	230	52.0	52.8770685579	7.87725089825
scaffold57517_1_TIGR02252:1016:1061:+	6	5.0	4.57777777778	0.614234442715
scaffold36779_1_TIGR00880:9176:9605:-	148	22.0	23.6177156177	6.20949445245
scaffold443_4_TIGR00005:2:599:-	48	6.0	6.47738693467	2.79534930939
scaffold56112_4_TIGR00880:11239:11668:-	304	52.0	52.4545454545	5.5504391217
scaffold44654_2_TIGR01800:16474:17698:+	493	49.0	50.0171568627	5.58670806014
scaffold44654_2_TIGR00092:7061:7247:-	105	51.0	49.5161290323	5.53796846262
scaffold34264_1_TIGR01981:5:245:+	34	11.0	11.3666666667	1.68292074152
scaffold59331_2_TIGR02627:8329:9700:+	613	32.0	34.4084609774	10.7899939415
C686335_1_TIGR02214:3:615:+	37	5.0	4.81209150327	1.56732908549
scaffold13106_1_TIGR01316:20623:21625:+	356	362.0	364.704590818	16.6746655122
scaffold32599_9_TIGR00914:4:787:+	51	6.0	6.73563218391	2.53765407451
scaffold716_2_TIGR02214:32287:32500:+	105	30.0	32.2863849765	7.11591831771
scaffold38457_6_TIGR00005:156:798:+	163	9.0	12.4330218069	11.9126898973
scaffold891_49_TIGR02627:806:1802:+	187	16.0	15.5853413655	3.20042447987
scaffold891_40_TIGR01316:20574:21924:-	197	12.0	12.0725925926	3.60749075879
scaffold3286_4_TIGR01900:5:602:+	98	9.0	10.8609715243	6.66341553513
scaffold26321_1_TIGR00914:188:1403:+	1130	85.0	96.4765432099	40.7769712452
scaffold51743_2_TIGR00741:753:1047:+	118	14.0	22.380952381	20.718499845
scaffold44350_14_TIGR00342:123:1242:+	192	18.0	19.3333333333	5.98274751253
scaffold11614_3_TIGR01316:12343:13678:+	1885	120.0	114.668913858	27.2018073304
scaffold51262_1_TIGR00152:3701:4241:+	311	86.0	93.2203703704	21.7679162448
scaffold46130_14_TIGR01316:704:1676:-	99	8.0	7.88580246914	2.22692189943
scaffold36875_1_TIGR00005:3:480:-	54	8.0	8.03354297694	2.69927520063
scaffold7005_3_TIGR00880:3:387:-	31	5.0	5.50520833333	1.63617120333
scaffold36419_2_TIGR02627:5542:5845:+	485	101.0	105.174917492	11.7079039299
scaffold56270_4_TIGR01316:146:395:-	28	8.0	8.24899598394	2.23387775747
scaffold7766_4_TIGR03992:298:1036:+	85	7.0	9.26016260163	5.28612859559
C675411_1_TIGR01316:76:610:+	336	76.0	81.7598499062	16.2971504311
scaffold26865_1_TIGR01316:298:1633:+	1076	72.0	82.1767790262	33.4529495758
scaffold13026_1_TIGR00698:1:493:-	34	5.0	5.76016260163	3.09920629329
scaffold58565_1_TIGR01316:2102:3503:-	610	32.0	32.266952177	8.8908103992
C722497_1_TIGR00005:942:1635:+	987	145.0	144.168831169	12.9876868512
scaffold36889_3_TIGR01900:2643:3321:+	72	8.0	8.11356932153	2.46217855732
scaffold54449_2_TIGR02621:75:489:-	100	16.0	16.7971014493	4.85215140334
scaffold32949_2_TIGR00914:79:1255:-	115	8.0	8.18707482993	2.22249697501
scaffold3208_3_TIGR01962:1105:1186:+	38	31.5	26.4125	10.9996519831
scaffold3208_1_TIGR01957:988:1195:+	234	46.0	69.5362318841	45.788395797
scaffold45589_3_TIGR00092:14:578:+	89	7.0	10.5868794326	9.24093795205
scaffold136_6_TIGR00005:10121:10802:+	204	23.0	21.7958883994	3.77926728549
C711107_1_TIGR00914:6:1134:+	1822	130.0	131.32358156	24.3205705757
scaffold15870_5_TIGR01981:557:656:+	17	13.0	12.2222222222	1.16822887231
scaffold43683_2_TIGR00914:22328:22874:+	499	25.0	30.2472527473	38.4123477953
scaffold17608_11_TIGR02214:2104:3076:+	116	10.0	10.0185375901	3.13835879157
scaffold7003_11_TIGR00741:864:954:-	20	11.0	11.2444444444	0.847363376219
scaffold33160_3_TIGR00005:163:1051:+	407	29.0	32.5878378378	11.594750125
scaffold29397_3_TIGR03906:10083:11262:-	416	30.0	33.0636132316	9.49765512812
scaffold29397_3_TIGR00005:23492:24428:+	358	29.0	34.1378205128	12.8193905759
scaffold57972_1_TIGR00914:83:1202:+	1549	192.0	192.700625559	10.2966156826
scaffold47804_4_TIGR00914:2107:5110:-	1008	28.0	28.3366633367	5.5659588474
scaffold22085_6_TIGR02214:3:561:-	60	8.0	8.58064516129	3.95536724587
scaffold34069_4_TIGR00914:1896:2718:+	308	13.0	22.0364963504	28.9605173192
scaffold86_2_TIGR03131:13:922:-	434	35.0	37.6556655666	9.5503542647
scaffold38148_1_TIGR01800:5:326:+	276	62.0	65.6978193146	16.6400118763
scaffold20481_6_TIGR02627:4:754:+	132	13.0	13.9466666667	8.0995363379
scaffold20481_5_TIGR02627:357:624:+	57	14.0	14.2932330827	5.51250383852
scaffold43359_4_TIGR00087:3798:4503:-	677	29.0	54.8014184397	49.2980830347
scaffold43359_2_TIGR00090:231:531:+	423	42.0	75.32	71.8580842123
C712629_1_TIGR00005:1:340:-	412	88.0	93.2271386431	43.2569843739
C733197_1_TIGR02214:1028:2687:-	419	21.0	21.1265822785	3.89814701668
scaffold6695_18_TIGR00005:61:670:-	441	44.0	58.1264367816	48.4844407248
scaffold13334_11_TIGR02712:2694:2949:-	41	12.0	11.0509803922	3.55038647711
C667079_1_TIGR00092:331:559:+	445	98.0	115.669603524	44.8256642714
scaffold4539_1_TIGR00914:14906:18068:-	2387	53.0	59.5385831752	29.4163432485
scaffold20551_5_TIGR00914:163:1255:+	1456	108.0	108.184065934	17.7073793817
scaffold20551_4_TIGR00914:1005:1320:+	572	129.0	124.793650794	12.5315585498
scaffold20551_3_TIGR00914:5:329:+	567	118.0	126.262345679	20.4405718417
scaffold20551_2_TIGR00914:1830:2754:+	1211	108.0	107.887445887	14.1948520626
scaffold16322_1_TIGR02712:553:1528:-	1043	72.0	75.9302564103	41.9207219726
scaffold24997_2_TIGR03131:7:910:+	448	38.0	38.5880398671	10.3538048297
scaffold49817_1_TIGR02627:21871:23233:-	1070	90.0	90.2466960352	7.67268694223
scaffold55050_2_TIGR01316:778:1075:-	36	8.0	8.51178451178	2.35717170178
scaffold3419_2_TIGR02627:265:934:+	64	8.0	8.09715994021	2.30768023081
scaffold2998_6_TIGR02627:3:1350:-	191	12.0	11.5738678545	2.91317058241
scaffold59104_1_TIGR00005:5470:6187:-	193	21.0	21.8131101813	6.49868099097
scaffold5335_19_TIGR02214:401:1598:-	99	6.0	6.70008354219	1.89166266252
scaffold30070_4_TIGR01316:1:1210:-	159	9.0	10.0843672457	4.22949923816
scaffold43426_1_TIGR02214:20029:20245:-	110	197.0	197.175925926	1.87739330566
scaffold29849_10_TIGR03992:1275:2016:-	97	10.0	10.4547908232	1.41599475655
scaffold26151_1_TIGR03131:3:603:-	35	5.0	4.68666666667	1.58487293567
scaffold31639_2_TIGR03992:415:1207:-	845	67.5	73.5909090909	42.5416233275
scaffold17884_4_TIGR00698:2:584:-	185	10.0	22.2474226804	25.88948131
C677457_1_TIGR00914:5:617:+	61	6.0	7.40032679739	4.53903187373
scaffold8056_2_TIGR00005:17257:17911:+	350	27.0	28.2782874618	9.23837824194
scaffold7109_1_TIGR02214:1177:1684:+	45	6.0	6.74358974359	1.82285872689
scaffold7109_2_TIGR02214:155:1220:+	74	6.0	5.77840375587	1.78930135247
scaffold1474_3_TIGR00914:4:604:+	144	11.0	18.255	15.7585947449
scaffold9706_3_TIGR03906:237:1383:+	173	13.0	12.9458987784	2.97790668191
scaffold45975_1_TIGR01800:5:515:+	233	44.0	42.531372549	11.728045659
scaffold177_1_TIGR00880:28394:28814:+	190	158.0	157.833333333	4.71783175918
scaffold177_1_TIGR01981:35349:36201:+	558	174.0	173.805164319	9.34621369427
scaffold177_2_TIGR01981:474:1302:+	466	40.0	42.1014492754	7.36123465713
scaffold56319_1_TIGR00914:48:873:-	197	12.0	16.2290909091	11.9838124059
scaffold2299_6_TIGR03992:84:831:-	46	5.0	4.60240963855	1.70003372777
scaffold15076_3_TIGR00005:5807:6680:-	119	16.0	16.6025200458	3.39817929417
scaffold10101_8_TIGR02252:4:292:+	106	15.0	21.6111111111	13.5716264025
scaffold4487_1_TIGR00152:131:542:+	39	7.0	7.29683698297	2.2069266583
scaffold2067_4_TIGR00914:5:566:-	105	11.0	13.688057041	7.95939001754
scaffold21433_4_TIGR00914:43:433:-	716	114.0	121.761538462	22.4445083842
scaffold21433_3_TIGR00914:2:1826:-	2876	204.0	204.159539474	19.8294340578
scaffold21433_1_TIGR00914:8437:9235:-	1497	161.0	173.799498747	37.9788214264
scaffold41522_4_TIGR03992:7417:8485:-	352	29.0	29.861423221	7.7368645865
scaffold41522_3_TIGR01800:12351:13509:+	361	23.0	23.3488773748	7.09953010806
scaffold41522_3_TIGR00092:20487:21600:-	472	30.0	30.9613656783	6.83796144573
scaffold41522_3_TIGR01981:21751:22537:-	243	24.0	24.1768447837	5.59243611484
scaffold41522_1_TIGR01316:15654:16989:+	595	28.0	32.195505618	15.455626299
scaffold38501_2_TIGR01962:6196:6328:+	37	18.0	15.9393939394	5.31258878822
scaffold38501_2_TIGR01957:3151:3574:+	70	12.0	11.8747044917	1.59220867312
scaffold36494_2_TIGR03906:5:686:+	43	7.0	7.56176470588	2.38851599336
scaffold20425_3_TIGR03992:452:800:-	62	13.0	12.0316091954	2.84092237473
scaffold20425_2_TIGR03992:3290:3947:-	103	12.0	11.9360730594	4.10318120422
scaffold56438_6_TIGR00914:24087:27228:-	1196	50.0	49.6657115568	5.35635543074
scaffold58600_1_TIGR03992:47:839:-	98	10.0	9.35858585859	2.88021849974
scaffold5452_5_TIGR03906:6279:6567:+	49	12.0	11.8993055556	2.46508948811
scaffold3996_3_TIGR00914:82:2053:-	277	12.0	12.035514967	3.23535720621
scaffold56030_2_TIGR00090:293:587:-	31	7.0	7.29591836735	1.96850637639
scaffold20102_5_TIGR00698:5346:6291:+	240	19.0	19.0518518519	3.96071438953
scaffold20102_4_TIGR00152:18030:18327:+	79	18.0	17.7138047138	5.55495150272
C733229_1_TIGR03992:1439:2216:-	275	27.0	27.9099099099	6.75492038537
scaffold13061_1_TIGR02214:12310:14179:+	1139	138.0	137.29588015	7.27821269479
scaffold25114_1_TIGR02214:577:1039:-	32	5.0	5.44805194805	1.20985603125
scaffold44993_2_TIGR00152:17767:18325:+	125	16.0	16.3010752688	3.370603297
scaffold203_1_TIGR00914:39191:42311:+	2137	164.0	165.349358974	9.9171439023
scaffold203_1_TIGR02712:35396:35537:-	139	168.0	166.134751773	8.5288162841
scaffold203_1_TIGR00880:11537:11951:-	353	160.0	165.632850242	17.1145750551
scaffold43143_1_TIGR01900:31:853:-	170	12.0	15.3163017032	11.8449924515
scaffold17547_4_TIGR00914:796:1120:+	27	6.0	6.43653250774	2.21131967968
scaffold36901_3_TIGR02214:259:1525:+	213	10.0	13.1674565561	9.79023674653
scaffold57372_1_TIGR01020:683:1097:-	788	75.0	103.480676329	73.7750750856
scaffold34779_2_TIGR01962:3373:3613:-	195	48.0	45.8125	12.1994812902
scaffold34779_2_TIGR01957:4989:5421:-	387	42.0	54.2037037037	33.829504233
scaffold24262_1_TIGR01316:2252:3185:+	353	48.0	48.2304394427	4.7022212625
scaffold16325_4_TIGR00092:15398:16532:+	886	56.0	59.0149911817	19.3059180085
scaffold59164_1_TIGR03992:20415:20784:+	181	104.0	104.528455285	4.98234041812
scaffold51361_2_TIGR01800:2207:3425:-	546	34.0	33.5771756979	8.56153450848
scaffold55116_1_TIGR02214:4:682:+	35	4.0	4.38348082596	1.73387853857
C732465_1_TIGR00914:1008:4086:-	2143	57.0	57.7407407407	12.8502282541
scaffold3733_3_TIGR00092:718:862:-	97	22.0	35.0694444444	25.6186381745
scaffold7956_2_TIGR00914:6:1749:+	222	9.0	9.94951233505	5.02075766269
scaffold6532_1_TIGR01900:1585:1804:-	115	50.0	52.6301369863	8.01854047227
scaffold6532_5_TIGR03906:19671:20406:-	307	33.0	33.9755102041	5.01040538826
scaffold13503_12_TIGR00914:857:1238:+	389	25.0	68.0552631579	76.7769126392
scaffold30072_2_TIGR01316:3:516:+	49	7.0	7.67056530214	2.81922028126
scaffold37946_1_TIGR01900:563:1592:-	960	120.0	126.756073858	31.326329902
scaffold686_4_TIGR03906:15152:16523:+	689	37.0	39.1750547046	9.9449977849
scaffold26645_1_TIGR00914:1170:4218:+	1363	42.0	42.7250656168	7.96612754027
scaffold116_6_TIGR02252:9213:9816:-	259	32.0	32.7578772803	4.96432548295
scaffold891_36_TIGR03992:3904:4123:+	41	13.0	12.6392694064	2.03227641118
scaffold891_30_TIGR03992:4458:4806:-	71	14.0	14.2844827586	3.13436468424
scaffold22008_2_TIGR03239:79:817:-	58	6.0	5.91463414634	1.38986944037
scaffold50022_4_TIGR00090:4568:4865:+	99	22.0	21.8417508418	6.95574328245
scaffold28258_1_TIGR00914:5:572:+	527	83.0	88.467372134	27.5894295885
scaffold14783_9_TIGR01020:79:649:-	159	19.0	20.4210526316	8.44018659564
scaffold9042_2_TIGR00092:2:599:-	65	9.0	8.79229480737	3.2511419347
scaffold26349_2_TIGR03131:565:1153:-	128	13.0	14.5085034014	9.8737745716
scaffold891_11_TIGR02214:12:1275:+	194	13.0	13.0601741884	2.88461487522
scaffold15357_6_TIGR01316:8:290:+	23	6.0	5.76595744681	1.48342280966
scaffold27734_1_TIGR00914:5:1310:-	1160	57.0	61.4475095785	36.1990522346
scaffold22660_1_TIGR01800:335:602:-	29	7.0	7.37078651685	1.9984002355
scaffold48944_1_TIGR00092:6738:7017:-	136	33.0	32.8673835125	5.8328243065
scaffold10145_1_TIGR02214:4208:4427:-	84	81.0	82.4200913242	3.49778246657
scaffold31921_1_TIGR00914:1:646:-	50	7.0	6.73178294574	2.38099661552
scaffold31921_4_TIGR00914:125:896:-	92	11.0	11.5680933852	3.06885427048
scaffold22737_1_TIGR03131:892:1768:-	1084	68.0	83.1917808219	62.2648066125
scaffold13174_3_TIGR03992:511:655:+	32	14.0	12.9166666667	7.81424980404
scaffold28419_4_TIGR00914:4:1183:+	157	9.0	10.753820034	6.76507358065
scaffold28419_1_TIGR00914:25:679:+	146	12.5	16.7262996942	11.9562152049
scaffold13635_5_TIGR02214:1:1243:-	104	7.0	7.05636070853	2.07780517763
scaffold241_2_TIGR01316:10431:10671:-	175	48.0	49.55	8.96832388651
scaffold52228_3_TIGR02627:2:1106:-	169	11.0	11.9836956522	4.79674807961
scaffold12472_2_TIGR00005:456:714:+	97	17.0	19.1589147287	9.10244972907
scaffold12472_3_TIGR00005:41:374:+	166	25.0	28.5285285285	10.8024826113
C722733_1_TIGR00005:5:617:+	1239	264.0	278.656862745	34.6893765447
scaffold59313_1_TIGR00914:21:3144:-	1361	91.0	94.6919628562	13.6888443596
scaffold7575_1_TIGR00914:14:755:-	75	8.0	8.25506072874	2.4286841659
scaffold7575_2_TIGR00914:1:565:-	62	8.0	8.33510638298	2.77324632902
scaffold56339_2_TIGR01981:11586:12438:+	559	43.0	47.4084507042	21.7648513635
scaffold15336_7_TIGR02214:35:566:-	70	10.0	9.9868173258	2.37172123615
scaffold44932_1_TIGR01981:3:243:+	41	9.0	11.4666666667	5.61535593015
scaffold77_7_TIGR00914:712:1783:+	450	41.0	40.6732026144	5.97017336784
scaffold28422_1_TIGR02252:4802:5399:-	413	32.0	40.9932998325	21.8166554327
scaffold10492_1_TIGR03992:13755:14394:-	199	22.0	23.6541471049	5.92633000599
scaffold6822_19_TIGR00152:4:424:+	72	12.0	13.0428571429	3.38808436233
scaffold21512_1_TIGR00005:17:620:+	850	107.0	117.873963516	47.323985154
scaffold58771_1_TIGR02214:12933:14721:-	709	24.0	30.2108501119	18.0640717349
scaffold58771_1_TIGR00914:1548:4680:-	793	21.0	21.5462962963	4.16188564925
scaffold4412_9_TIGR02214:2008:2956:+	140	13.0	12.2341772152	2.89222963395
scaffold59276_2_TIGR02712:18532:19876:-	564	36.5	41.2306547619	16.4333632995
scaffold59276_1_TIGR00914:16997:17519:+	197	30.0	29.5727969349	5.65071007583
scaffold24357_4_TIGR01316:4330:5665:-	596	23.0	33.0037453184	26.4688210513
scaffold5693_3_TIGR00880:8334:8793:+	81	14.0	13.4989106754	3.18381988389
scaffold37921_2_TIGR00880:1:352:-	132	20.0	24.9515669516	14.1673128699
scaffold49500_1_TIGR00092:23:932:+	546	48.0	46.1354625551	12.1730518666
scaffold40198_3_TIGR00914:4:820:-	63	6.0	6.33578431373	2.37738401968
scaffold6525_18_TIGR00698:545:797:-	35	10.0	9.9246031746	1.68274089093
scaffold4188_16_TIGR03992:421:1246:+	213	12.0	17.7854545455	14.3899386338
scaffold58793_2_TIGR00005:131:1076:-	429	33.0	33.7333333333	11.190358662
scaffold57858_1_TIGR00914:44:527:-	242	11.0	32.9772256729	33.012161304
scaffold6985_3_TIGR00914:2:1379:-	707	17.0	31.2527233115	32.9440234329
scaffold7458_9_TIGR03992:371:728:+	24	5.0	4.8595505618	1.82444198649
scaffold40693_3_TIGR02712:1656:3045:+	578	27.0	32.0590352772	17.764015023
scaffold40693_3_TIGR00741:39196:39490:+	148	20.0	24.6632653061	12.4323561924
scaffold23971_3_TIGR00090:12932:13232:-	128	26.0	27.71	6.03538731152
scaffold23971_3_TIGR00087:7858:8563:+	197	21.0	21.3531914894	4.47103448755
scaffold48488_3_TIGR01800:1:265:-	25	8.0	6.77651515152	2.46629890323
scaffold50615_1_TIGR00880:161:572:-	588	149.0	147.540145985	9.4230250167
scaffold54391_1_TIGR01316:8:539:+	32	5.0	5.18267419962	1.6600323339
scaffold4009_4_TIGR03906:5:287:-	26	7.0	7.06737588652	1.83322358616
scaffold2060_7_TIGR02627:6:615:-	84	10.0	10.0722495895	2.60819128329
C731867_1_TIGR02712:4440:4701:+	112	26.0	27.5038461538	4.59974754903
scaffold56092_1_TIGR00880:2277:2469:+	19	8.0	7.18229166667	1.60178902531
scaffold47628_2_TIGR00092:1252:1516:+	31	9.0	8.4053030303	2.15113833128
scaffold59283_2_TIGR01962:12453:12687:+	98	31.0	29.4615384615	3.98938433555
scaffold59283_2_TIGR01957:10545:10977:+	222	29.5	35.212962963	16.9236033539
scaffold10056_2_TIGR02214:332:1529:+	118	8.0	8.34920634921	2.62976213955
scaffold22191_3_TIGR03992:755:1019:+	23	6.0	6.18560606061	1.57862774009
scaffold1228_12_TIGR00090:1:226:-	30	9.0	8.75111111111	2.39635113567
scaffold6787_1_TIGR02214:8231:10007:-	888	34.0	38.6801801802	23.5253402569
scaffold7037_2_TIGR00005:3027:3588:+	53	8.0	7.74285714286	1.67063473212
scaffold7037_3_TIGR00005:5:314:+	39	9.0	9.8932038835	2.56909421294
scaffold22059_2_TIGR00914:326:1424:+	327	12.0	22.0291704649	24.5469257701
scaffold49_3_TIGR02214:38864:39956:+	478	35.0	36.3241758242	7.44585103133
scaffold49_3_TIGR01316:22065:22416:-	173	37.0	36.2393162393	3.01935703609
scaffold3996_2_TIGR00914:5390:6347:-	158	14.0	13.8432601881	4.80665780737
scaffold46086_2_TIGR01020:303:720:+	674	32.0	82.6466346154	94.4986906616
scaffold15358_1_TIGR00914:2:2951:-	2612	126.0	136.626653103	43.8473876402
scaffold40225_4_TIGR02214:164:719:+	54	8.0	8.24504504505	2.94718490629
scaffold11788_9_TIGR00005:1719:1893:+	26	8.0	8.01724137931	1.90424250463
scaffold40694_1_TIGR01900:20452:21481:-	444	34.0	34.2818270165	6.4819604772
scaffold12445_8_TIGR00342:7375:8503:-	173	10.0	11.7535460993	4.87953151959
scaffold32206_10_TIGR00005:1609:2485:+	128	11.0	10.5650684932	3.16142761086
scaffold20611_2_TIGR03992:5:206:-	20	6.0	7.11940298507	2.21160927019
scaffold27561_1_TIGR01981:2441:2945:+	660	92.0	110.445328032	48.9016997213
scaffold41175_1_TIGR03131:1222:2131:-	367	26.0	28.6633663366	14.8457040453
scaffold39568_1_TIGR00914:4:964:-	126	10.0	10.1947916667	3.03565169389
scaffold49538_2_TIGR00092:5:521:+	73	9.0	12.3953488372	10.1827629127
scaffold20757_9_TIGR00090:312:609:+	47	10.0	11.2996632997	3.51060440964
scaffold59315_1_TIGR00880:21352:21751:+	169	85.0	84.350877193	5.65394647652
scaffold4927_1_TIGR01316:1:601:-	337	38.0	41.21	16.5467791428
C726997_1_TIGR00914:1214:2498:+	2294	139.0	146.668224299	35.5764354563
scaffold26287_1_TIGR03906:3608:4721:+	244	18.0	18.1239892183	3.3312063503
scaffold25825_2_TIGR03992:8488:8836:+	199	43.0	40.2557471264	10.688676803
scaffold5259_1_TIGR02712:80:1031:+	621	50.0	49.9989484753	11.1426558381
scaffold42849_1_TIGR00914:6:693:-	88	6.0	8.78020378457	11.1980848573
scaffold38221_1_TIGR00880:5445:5886:-	192	30.0	30.9387755102	3.39979555834
scaffold15529_2_TIGR03992:20:266:-	26	8.0	7.68292682927	2.53212553527
scaffold59302_1_TIGR00914:8130:11259:+	1086	29.0	29.3959731544	5.47215821992
scaffold8000_2_TIGR03992:73483:74248:-	1039	81.0	99.5790849673	42.4873447573
scaffold8000_2_TIGR00914:9448:12574:+	4167	99.0	106.507997441	30.8116027247
scaffold8780_6_TIGR02712:3338:4682:+	212	13.0	12.5602678571	2.99939456981
scaffold8780_5_TIGR03131:2967:3867:-	106	10.0	9.56444444444	3.49877156573
scaffold24173_3_TIGR03992:11:233:-	24	8.0	8.04504504505	2.10056786568
scaffold22705_3_TIGR00152:400:607:+	18	5.0	6.20388349515	2.27420837951
scaffold17134_11_TIGR02621:481:1123:-	101	12.0	12.738317757	3.24206132824
scaffold46978_2_TIGR02214:43:655:-	61	7.0	7.65196078431	2.43371862618
scaffold29411_4_TIGR01020:3:231:-	53	13.0	12.2850877193	2.15258850527
scaffold13553_22_TIGR01316:2071:3406:-	556	28.0	32.4164794007	15.5053316299
scaffold44696_1_TIGR02252:3895:4492:+	236	30.0	29.8894472362	7.98833986078
C726603_1_TIGR03906:177:810:-	1016	117.0	126.355450237	22.5960132826
scaffold49631_1_TIGR02214:79:1240:+	145	7.0	9.29888027562	7.2714850526
scaffold58437_2_TIGR02214:1349:3098:-	679	31.0	32.24757004	7.50558405321
scaffold51893_1_TIGR03992:15936:16614:-	213	25.0	25.1445427729	3.76010630464
scaffold4571_2_TIGR00914:8764:9850:+	289	21.0	22.0847145488	4.35765306145
scaffold12268_2_TIGR00914:3:1020:-	236	11.0	16.3844641101	15.9908612831
scaffold49850_1_TIGR00914:15168:18336:-	2110	36.0	48.7004419192	33.8348480749
scaffold51633_2_TIGR01316:3270:3423:-	27	13.0	11.477124183	4.44734622688
scaffold51633_3_TIGR01316:1:1096:-	195	13.0	14.1525114155	6.96537624939
scaffold35521_1_TIGR00005:1862:2543:-	295	28.0	32.6431718062	16.575121156
scaffold10667_5_TIGR03992:1:751:-	375	34.0	37.3813333333	14.4613018624
scaffold1697_1_TIGR00914:5:311:+	127	43.0	55.0	24.6535471205
scaffold45530_2_TIGR03992:798:1335:-	85	11.0	11.0931098696	1.46806128031
scaffold13840_19_TIGR00005:2959:3805:+	114	11.0	10.7955082742	3.10639219929
scaffold37955_8_TIGR02627:5:332:+	24	6.0	5.67278287462	1.31096034503
scaffold58749_1_TIGR02214:735:1083:-	133	42.0	43.6695402299	7.7779893404
C722349_1_TIGR01800:918:1791:+	618	57.0	57.9381443299	8.28782486548
scaffold50583_3_TIGR00914:3:975:+	94	8.0	8.13477366255	2.67924207893
scaffold50583_2_TIGR00914:5:572:+	75	13.0	12.9788359788	4.71324937094
scaffold58907_6_TIGR01800:12509:13727:-	905	60.0	60.6157635468	7.88193760092
scaffold58907_2_TIGR02712:19261:20146:-	670	61.0	60.3525423729	9.78226267424
scaffold12664_1_TIGR00092:1291:1519:-	156	43.0	42.0350877193	5.38260653053
scaffold43188_2_TIGR00152:390:756:-	34	7.0	7.01639344262	1.73197322584
scaffold35884_2_TIGR00914:37309:39046:-	2040	82.0	91.1836499712	33.7164034846
scaffold21987_4_TIGR00880:5997:6426:+	213	35.0	36.7505827506	6.57648426958
scaffold43859_1_TIGR00880:1278:1716:+	761	131.0	127.449771689	15.485329261
scaffold10682_1_TIGR02712:1182:1506:-	219	39.0	44.9043209877	25.6275576231
scaffold12659_2_TIGR00880:103:445:-	41	8.0	8.02339181287	2.62010494048
scaffold58872_2_TIGR02214:3501:5280:+	1611	92.0	97.5536818437	21.1315058983
scaffold58872_2_TIGR00914:44918:47942:-	2378	91.0	91.8511904762	11.6071189458
scaffold2695_1_TIGR01316:6:159:-	23	10.0	9.39215686275	2.60526188042
scaffold23970_7_TIGR00090:7203:7503:-	201	47.0	43.6	9.1825922266
scaffold23970_7_TIGR00087:1467:2172:+	379	36.0	40.8539007092	18.3503319688
scaffold2088_1_TIGR00005:5:740:+	318	33.0	33.1428571429	9.1215525591
scaffold11492_8_TIGR02214:10:436:-	109	18.0	18.1948356808	5.59065884199
scaffold11492_7_TIGR02214:618:1422:-	233	21.0	22.2798507463	10.6854642504
scaffold28808_1_TIGR03906:28340:29603:-	1393	86.0	86.1108471892	9.93057776852
scaffold46382_3_TIGR02214:2:1472:-	197	11.0	11.0197278912	3.36250108274
scaffold59317_2_TIGR02627:18690:20055:-	754	45.0	44.8358974359	10.9772071892
scaffold4188_23_TIGR02712:5:446:-	51	9.0	8.7052154195	2.26362240774
scaffold4188_22_TIGR02712:620:1460:-	76	7.0	7.56071428571	2.22937733444
scaffold29298_7_TIGR02627:82:553:+	36	6.0	6.13191489362	1.38826485654
scaffold7365_5_TIGR00092:1:697:-	493	53.0	53.5287356322	10.5854096945
scaffold266_6_TIGR02214:8:962:-	121	10.0	10.1729559748	2.34374636585
scaffold157_1_TIGR02252:4448:5045:+	652	208.0	208.57118928	12.6122580329
scaffold25689_4_TIGR00087:329:1034:-	108	10.0	10.9546099291	4.02131687223
scaffold32423_2_TIGR00914:492:867:-	38	9.0	8.32266666667	1.67328605511
scaffold59229_1_TIGR01981:1402:2230:-	654	57.0	57.5688405797	30.0273039213
scaffold47842_3_TIGR03992:15800:16550:+	596	55.0	60.1106666667	18.4247592356
scaffold1588_4_TIGR03992:7:691:+	285	29.5	30.7807017544	17.9924897126
scaffold25672_3_TIGR02712:1327:2668:+	157	10.0	9.76957494407	2.2758660958
C695401_1_TIGR00092:3:498:+	114	17.0	17.5090909091	5.66928800171
scaffold22298_2_TIGR00342:468:747:-	136	35.0	33.70609319	8.35500400391
scaffold41339_2_TIGR00698:5:542:-	49	8.0	7.63500931099	3.23690941205
scaffold29273_5_TIGR00342:109:1063:+	432	37.0	37.5036726128	10.0038941602
scaffold209_3_TIGR00005:3211:3886:-	256	29.0	29.0192592593	4.02340368706
scaffold209_2_TIGR00914:67:448:-	155	27.0	28.6666666667	5.2931557518
scaffold29710_2_TIGR00005:2:452:-	58	9.0	9.24444444444	2.68291347072
scaffold41821_2_TIGR03992:485:1277:-	181	18.0	17.7171717172	3.69627277198
scaffold41821_3_TIGR00914:11276:14324:+	913	22.0	24.1722440945	9.81797209542
scaffold30933_4_TIGR01962:509:743:+	106	12.0	16.3974358974	11.1963895397
scaffold27924_1_TIGR00914:3:669:-	871	106.0	106.662162162	25.1322324683
scaffold27924_2_TIGR00914:4:1549:-	2128	114.0	113.895145631	15.8802356979
scaffold4188_24_TIGR02712:3:630:-	75	9.0	9.68580542265	3.74274495815
scaffold12718_6_TIGR00914:33:654:+	88	11.0	10.0885668277	3.83855532248
scaffold42770_1_TIGR00005:4:436:+	118	9.0	14.724537037	14.0786662145
scaffold39201_2_TIGR00914:13:571:+	43	6.0	6.60931899642	2.22112355776
scaffold8839_6_TIGR00005:1823:2606:-	249	21.0	22.9118773946	7.01111319443
scaffold32591_4_TIGR00090:27479:27770:-	140	33.0	33.3092783505	4.88780126411
scaffold18712_6_TIGR00152:340:889:+	74	8.0	8.82877959927	3.30090931953
scaffold4018_2_TIGR02712:1432:1768:+	38	8.0	7.74404761905	2.07306141172
scaffold22075_1_TIGR02214:38:527:-	45	8.0	7.51942740286	1.76193879065
scaffold51510_2_TIGR00914:2:1139:-	761	71.0	74.617414248	30.0014156101
scaffold18535_5_TIGR02627:6043:7399:+	849	52.0	52.5634218289	9.82342430048
scaffold4145_5_TIGR02214:551:767:-	44	16.0	13.5092592593	4.70322066636
scaffold3715_2_TIGR01316:2:392:-	212	39.0	35.2743589744	15.6923665576
scaffold55888_1_TIGR02712:1767:2100:+	650	131.0	126.213213213	22.2290736942
scaffold48776_1_TIGR01900:43:1075:+	1564	120.0	121.358527132	17.2088556886
scaffold4510_1_TIGR00005:18269:18965:-	167	20.0	19.5632183908	4.17560278373
scaffold4510_1_TIGR00914:11901:14997:-	1172	20.0	27.5054909561	23.9779311935
scaffold238_3_TIGR03992:493:1303:+	648	66.0	66.8358024691	9.35058998128
scaffold19326_3_TIGR00880:6564:6984:+	77	12.0	12.5595238095	2.65272182985
scaffold59326_1_TIGR00698:17632:18439:+	214	66.0	66.0322180917	5.7305419197
scaffold59326_3_TIGR03992:1544:2285:+	286	28.0	28.5222672065	4.62418721619
scaffold41056_1_TIGR02214:4:880:+	84	6.0	8.24200913242	8.00661071499
scaffold59353_1_TIGR02214:4632:5811:-	499	42.0	42.3562340967	4.804964714
scaffold8256_5_TIGR01316:1265:1391:-	29	10.0	10.2301587302	2.89543345554
scaffold27884_1_TIGR00092:26184:27279:-	803	71.0	70.3698630137	11.3577445458
scaffold27884_1_TIGR02214:31642:33358:+	1318	75.0	76.081002331	9.4965869429
scaffold33213_1_TIGR00914:8:767:+	1034	116.0	120.275725594	17.6344205479
scaffold188_3_TIGR02252:3602:4199:+	266	42.0	42.365159129	6.0059149111
scaffold33075_3_TIGR01800:71953:73108:+	1159	69.0	78.2822510823	34.6176641614
scaffold33867_2_TIGR00914:7:673:+	67	8.0	8.27627627628	2.71442735464
scaffold47467_2_TIGR00914:159:693:-	40	11.0	10.9082397004	1.06923591441
scaffold7526_4_TIGR00914:3143:5624:-	919	23.0	28.238210399	15.7365480023
scaffold20767_3_TIGR00914:3:537:+	188	11.0	25.7902621723	28.647819866
scaffold29168_2_TIGR03906:3891:4557:+	339	32.0	37.6321321321	21.4666747934
scaffold20936_2_TIGR00342:175:574:+	36	6.0	6.91228070175	3.68561853987
scaffold38051_1_TIGR02214:988:2020:+	102	7.0	7.80620155039	2.79763886987
scaffold28654_2_TIGR00914:1:592:-	57	9.0	8.13536379019	2.46366862787
scaffold35983_3_TIGR00005:781:1024:-	236	58.0	49.1234567901	38.3630210481
scaffold7160_1_TIGR01981:12:438:+	45	9.0	8.15727699531	1.90407423399
scaffold15088_2_TIGR03992:152:968:+	147	11.0	12.4203431373	5.25301294309
C734585_1_TIGR02214:6384:7431:+	240	17.0	17.8901623687	5.44420063958
scaffold36174_2_TIGR00914:2:575:-	87	10.0	11.8656195462	6.09646890976
scaffold47422_4_TIGR00005:811:1150:+	66	16.0	15.0530973451	3.76564357413
scaffold32507_1_TIGR00152:6:474:+	60	7.0	8.52136752137	3.84607312356
scaffold21551_1_TIGR01020:1388:1892:-	198	10.0	27.9027777778	35.6368989071
scaffold28232_2_TIGR00698:1159:2122:+	767	53.0	55.2419522326	20.8332305326
scaffold16563_5_TIGR00092:246:537:-	227	52.0	54.9312714777	19.7960933205
scaffold50924_5_TIGR00914:30:1134:-	523	26.0	31.3115942029	24.4036632213
scaffold34346_2_TIGR00005:76546:77212:+	618	70.0	69.3558558559	8.89905536727
scaffold34346_2_TIGR03992:32545:33289:-	666	71.0	70.3319892473	6.0899395551
scaffold48231_1_TIGR03992:609:999:+	252	78.5	77.7102564103	14.8907352864
scaffold33789_2_TIGR02252:4142:4727:-	206	26.0	26.8803418803	7.11896755354
scaffold22396_3_TIGR00880:1876:2290:+	667	106.0	110.81884058	14.8790139344
scaffold22396_3_TIGR00005:3299:4148:-	1334	119.0	120.292108363	18.6593527588
C707999_1_TIGR00342:3:204:+	135	56.0	55.4278606965	7.57687105772
scaffold52552_2_TIGR00087:716:959:+	37	9.0	10.6790123457	3.65765613573
scaffold35974_2_TIGR00914:4:712:+	241	21.0	23.3983050847	12.3673571369
scaffold40847_4_TIGR03992:5:323:+	32	7.5	8.01572327044	2.78976193369
scaffold18658_1_TIGR03906:8344:9721:+	471	72.0	71.2403776325	6.24769732476
scaffold32038_4_TIGR02214:127:802:+	112	13.0	14.4325925926	7.10197499531
C694373_1_TIGR00914:170:761:-	673	86.0	84.2774957699	10.6921615812
scaffold14408_3_TIGR00914:40:1015:+	372	21.0	23.4246153846	12.3466266225
scaffold31679_2_TIGR01316:1414:2383:+	418	36.0	35.3034055728	4.26771772903
scaffold16046_1_TIGR00914:16:673:+	425	27.0	40.7458143075	35.502321638
scaffold59155_1_TIGR00914:5:977:+	759	120.5	116.574074074	24.0729273231
scaffold56030_3_TIGR00092:378:630:-	22	5.0	5.36507936508	1.3189893594
scaffold58672_1_TIGR00152:20968:21535:+	207	26.0	26.291005291	2.937618361
scaffold10445_3_TIGR01316:7:517:+	34	6.0	5.68823529412	1.40965119574
scaffold8282_4_TIGR00090:1917:2211:+	46	13.0	12.425170068	3.39460042507
scaffold51437_3_TIGR00005:7:577:+	73	9.0	9.28596491228	1.75738427999
scaffold18099_1_TIGR01316:1:337:-	70	15.0	14.693452381	5.11807766974
scaffold36612_6_TIGR00005:301:643:-	47	8.0	8.61403508772	3.14979467983
scaffold5370_3_TIGR02627:407:1370:-	77	6.0	6.43302180685	2.23082108818
scaffold58720_1_TIGR00092:249:1347:+	658	115.0	119.224954463	16.8517979196
scaffold36864_1_TIGR02214:5893:6202:-	162	34.0	35.1682847896	6.37126670709
scaffold43911_3_TIGR01316:9724:9958:-	163	46.0	45.5811965812	5.38157559021
scaffold43911_1_TIGR02627:22086:23436:-	811	143.0	144.262962963	7.23978965052
scaffold15076_12_TIGR03131:10061:10295:-	67	21.0	19.7606837607	3.98962237711
scaffold6524_7_TIGR03992:266:1385:-	166	10.0	10.8516532618	4.3383872132
scaffold28247_1_TIGR00914:5:1382:-	1058	64.0	61.1343500363	24.8000302382
scaffold31596_2_TIGR00880:14759:15218:-	121	18.0	19.1132897603	3.23451866032
scaffold35502_1_TIGR00914:3:1911:+	252	7.0	9.34853249476	12.130086862
scaffold15412_1_TIGR00741:337:631:-	1075	260.0	268.693877551	27.3952208566
scaffold44148_4_TIGR00741:737:1031:-	253	60.0	62.0238095238	10.9393556087
scaffold44148_1_TIGR02214:67671:68517:+	548	49.0	50.3014184397	7.48537883698
scaffold44148_1_TIGR02712:29972:30725:-	599	53.0	57.598937583	17.0148314004
scaffold44148_1_TIGR02627:39009:40380:-	862	50.0	50.9781181619	8.48293191512
scaffold44148_3_TIGR00005:19950:20670:-	466	63.0	64.8305555556	6.39914575221
scaffold50095_2_TIGR00092:2370:3255:-	1598	124.0	134.396610169	58.4296166469
scaffold1707_4_TIGR02214:1131:1941:+	99	14.0	14.1296296296	3.1129734285
scaffold24628_1_TIGR00092:2917:3199:+	339	49.5	63.5602836879	36.7654765587
scaffold49720_2_TIGR02627:4:199:+	43	17.0	16.4461538462	7.43111428832
scaffold25807_8_TIGR00880:14345:14786:+	167	28.0	27.6848072562	3.67413840105
scaffold25807_5_TIGR00092:790:1888:+	626	35.0	41.0974499089	19.2587257649
scaffold45747_1_TIGR00880:3149:3560:-	176	119.0	120.175182482	4.17948496266
scaffold18547_3_TIGR00914:2:569:-	241	28.0	30.467372134	18.4644730797
scaffold18547_2_TIGR00914:10:1162:-	169	10.0	11.0815972222	5.01095413447
scaffold47607_3_TIGR00880:1148:1565:+	90	12.0	13.2254196643	5.1137681629
scaffold59191_1_TIGR02214:194:1514:+	794	49.0	48.5893939394	7.0050550749
scaffold14249_6_TIGR02627:960:2331:+	1347	67.0	73.6090444931	26.1194089023
scaffold14249_1_TIGR00005:17:620:+	1003	135.0	147.696517413	52.8286359901
scaffold19835_2_TIGR00914:7:700:-	102	11.0	11.4386724387	2.40869144678
scaffold19835_1_TIGR00914:7780:9988:-	339	13.0	13.196557971	3.82821179453
scaffold13296_5_TIGR03992:7059:7425:+	55	18.0	17.3169398907	2.89961132343
scaffold68_5_TIGR03906:2531:2678:+	26	8.0	8.12244897959	2.20974329529
scaffold7458_10_TIGR03992:5:383:+	29	6.0	5.69576719577	1.54304483874
scaffold33335_1_TIGR00914:1809:2583:-	1162	148.0	153.84496124	22.5264528779
scaffold41438_2_TIGR00914:4311:7341:+	4160	111.0	113.507590759	14.5405240645
scaffold2538_4_TIGR01316:211173:211392:+	224	64.0	68.1461187215	9.79313994378
scaffold2538_4_TIGR03906:107642:108998:+	1037	63.0	63.3178466077	6.1120322427
scaffold2538_8_TIGR03992:7830:8427:+	468	87.0	89.7169179229	8.48085430032
scaffold617_1_TIGR03131:380:1283:-	129	12.0	11.3222591362	2.61125059488
scaffold16753_1_TIGR01800:23:815:+	58	6.0	6.37121212121	1.8246570303
scaffold21318_1_TIGR02712:22709:23024:+	566	39.0	91.4666666667	92.5656249406
scaffold21318_1_TIGR00880:11863:12262:+	98	17.0	17.2406015038	5.42917539806
scaffold21318_1_TIGR03906:1697:2792:+	250	18.0	18.8511415525	4.84393289709
scaffold68_9_TIGR03906:2794:3259:+	66	11.0	10.8258064516	3.73213027541
scaffold68_8_TIGR03906:1313:2303:+	104	11.0	11.9080808081	4.02776166046
C711403_1_TIGR00914:423:1140:+	766	79.0	88.9707112971	38.4888975811
scaffold15238_5_TIGR02214:5:527:-	75	11.0	11.1091954023	2.86836886848
scaffold11899_2_TIGR01962:289:517:+	36	8.0	8.14912280702	1.99002978088
scaffold25461_1_TIGR03992:1945:3061:-	188	13.0	13.1415770609	3.28999117891
scaffold20129_1_TIGR00005:1466:2132:-	623	37.0	45.3693693694	37.6321123322
scaffold6906_3_TIGR03992:3643:4030:-	84	15.0	15.5142118863	2.23356578371
scaffold6906_7_TIGR02195:5364:6363:-	177	14.0	14.1931931932	3.3998930846
C721329_1_TIGR03992:480:1215:-	932	96.0	98.3469387755	10.1788449829
scaffold33911_2_TIGR02214:9:696:-	55	7.0	6.71906841339	2.04988024778
scaffold5335_21_TIGR02214:311:1142:-	90	9.0	9.13718411552	2.57834194496
scaffold27861_1_TIGR02252:720:1017:-	33	37.0	36.67003367	1.16292806414
scaffold12445_12_TIGR03992:4212:5007:+	102	10.0	10.3937106918	2.57412586456
scaffold34242_2_TIGR01316:10497:10620:-	147	59.0	58.9918699187	2.85559196078
scaffold19433_2_TIGR00087:5201:5906:+	1312	145.0	157.078014184	33.2260836872
scaffold54044_1_TIGR00741:3:246:+	32	8.0	8.25102880658	2.74550679903
scaffold40956_3_TIGR00914:1:1291:-	100	6.0	6.66201550388	2.07395042283
scaffold21338_2_TIGR00090:182:476:-	197	44.0	42.8605442177	5.2816207807
scaffold33338_1_TIGR01981:67412:68210:-	685	66.0	66.9862155388	8.77916538321
scaffold20850_5_TIGR00914:4:1516:+	259	9.0	12.5978835979	10.1568230132
scaffold20850_3_TIGR00914:57:657:+	134	11.0	15.6966666667	11.8157235167
scaffold24485_4_TIGR03992:450:1110:-	82	10.0	9.85757575758	3.93981466285
scaffold15094_1_TIGR00914:2832:5955:-	470	12.0	12.758245277	3.60055120767
scaffold24559_1_TIGR00914:5:707:+	456	43.0	45.9943019943	24.7062507866
scaffold19601_3_TIGR01800:241:1288:+	98	8.0	7.71223709369	2.57365371909
scaffold59339_2_TIGR01900:6655:7681:-	438	35.0	34.932748538	5.97153413546
scaffold27961_5_TIGR01020:6065:6266:+	45	13.0	13.4577114428	3.00901675422
scaffold10472_24_TIGR01981:1731:2496:+	120	12.0	12.1137254902	4.04017502409
scaffold18335_1_TIGR02214:2185:3175:+	1626	177.0	165.302020202	34.4222546048
scaffold53839_2_TIGR03131:28:613:-	317	40.0	42.7025641026	21.2607839365
scaffold59011_2_TIGR03131:594:1473:-	1380	120.0	120.444823663	22.0051466197
scaffold17161_3_TIGR01800:12:498:+	74	10.0	11.133744856	3.73954140593
scaffold26631_14_TIGR00914:2246:2624:-	372	83.0	87.3121693122	16.2049672329
scaffold9206_1_TIGR00914:2:668:-	114	26.0	30.3483483483	13.5907130886
scaffold56402_1_TIGR00005:3:345:+	22	5.0	4.77777777778	1.51899388746
scaffold18718_4_TIGR00880:5497:5923:-	358	61.0	62.9436619718	12.4866734489
scaffold24260_3_TIGR00914:5:641:+	428	29.0	46.7405660377	40.4138223092
scaffold15263_8_TIGR00090:143:437:+	34	7.0	7.63265306122	1.07590577346
scaffold28144_23_TIGR01316:47:446:+	51	8.0	9.00751879699	3.01332772346
scaffold28144_21_TIGR01316:7:676:+	75	9.0	9.21076233184	2.21129134982
scaffold2289_2_TIGR00914:5:2264:-	2469	93.0	92.1403275786	12.2296983964
scaffold59257_4_TIGR03906:1387:2740:+	846	55.0	54.6223207687	6.11566306684
scaffold8887_8_TIGR00914:1:544:-	47	6.0	6.97421731123	3.02525862778
scaffold42752_1_TIGR00914:14:2630:-	4002	223.0	226.771788991	23.553023969
scaffold5475_6_TIGR01957:45860:46292:-	602	88.0	95.0277777778	30.0467870758
scaffold5475_6_TIGR00090:6351:6651:-	638	102.0	131.936666667	50.5628254968
scaffold5475_6_TIGR01962:44114:45194:-	1092	80.0	82.8694444444	26.5526484636
scaffold5475_6_TIGR00087:525:1230:+	749	72.0	84.0936170213	39.3652801134
scaffold1310_4_TIGR02627:158:734:+	61	10.0	10.8211805556	3.76952822655
scaffold24620_2_TIGR00914:3465:6570:+	1524	40.0	39.1346215781	13.5654877074
scaffold6906_1_TIGR02712:325:709:-	57	10.0	10.0651041667	1.50465631097
scaffold39703_1_TIGR00914:16352:19490:-	2805	66.0	73.0669216061	25.8298838944
scaffold52405_2_TIGR00005:10081:10876:-	456	44.0	45.0742138365	7.32898281904
scaffold52405_3_TIGR00005:64057:64984:+	557	67.0	66.8953613808	5.95984857995
scaffold52405_6_TIGR02214:8394:9507:-	614	48.0	47.5786163522	5.61295599437
scaffold52405_4_TIGR00090:7634:7928:+	258	161.0	160.704081633	6.35761236951
scaffold52405_4_TIGR00092:5236:5731:+	335	149.0	149.567676768	7.24150255465
scaffold52405_5_TIGR00005:2651:3539:-	474	39.0	40.5337837838	9.31898348805
scaffold59322_1_TIGR02214:15267:15831:-	430	58.0	57.7163120567	11.5407549448
scaffold41400_2_TIGR00914:21:630:-	70	8.0	8.36124794745	3.63989151834
scaffold5335_23_TIGR02214:4:406:-	46	9.0	8.68407960199	1.97552065651
C704411_1_TIGR02712:635:953:+	214	49.0	59.3186119874	26.4893776812
scaffold14648_4_TIGR01981:1775:2603:-	129	11.0	11.1400966184	3.70333261461
scaffold52825_1_TIGR00005:3:750:-	257	13.0	22.5876840696	20.7253670401
scaffold6149_1_TIGR01316:885:1062:+	50	20.0	19.8192090395	2.46811839544
scaffold59295_2_TIGR03906:26756:27908:-	502	37.0	36.5381944444	9.19986032901
scaffold347_11_TIGR00005:5:710:+	263	24.0	25.865248227	7.33206293782
scaffold29168_1_TIGR00005:3471:4407:-	565	37.0	45.3846153846	19.1359156454
C704667_1_TIGR02712:3:231:+	198	48.0	56.6052631579	25.9824901974
scaffold11472_2_TIGR01316:8:668:-	53	7.0	6.81666666667	1.69527715919
scaffold33245_2_TIGR00914:1762:2683:+	331	29.0	32.0847826087	11.6964035236
scaffold31366_1_TIGR02214:35:494:+	886	149.0	144.901960784	27.0659079482
scaffold59337_1_TIGR00005:3357:4293:-	573	154.0	169.789529915	38.9556719562
scaffold55001_3_TIGR03131:41914:42793:+	549	37.0	44.5460750853	24.1328302756
scaffold57894_2_TIGR01962:5620:5860:-	303	77.0	84.1291666667	39.4976262912
scaffold57894_2_TIGR01957:1554:1746:-	339	118.5	115.432291667	50.6576088288
C732159_1_TIGR00152:3806:4361:+	188	228.0	229.263063063	4.65640947257
scaffold13030_1_TIGR00914:385:1192:+	293	14.0	22.9591078067	22.1020403258
scaffold58744_2_TIGR03992:63507:64101:+	352	45.0	45.3939393939	4.12061790131
scaffold32737_2_TIGR03992:5:479:+	45	7.0	6.74261603376	2.25607438649
scaffold1478_3_TIGR00914:5:959:-	138	11.0	11.7473794549	3.31759151617
scaffold38265_13_TIGR00005:3:453:-	48	8.0	7.88222222222	2.26605765239
scaffold27656_2_TIGR01316:50517:51849:-	1313	73.0	76.7665165165	22.694742592
scaffold51681_2_TIGR03992:1:634:-	42	6.0	5.72827804107	1.21422832753
scaffold58420_3_TIGR02252:79:388:-	66	13.0	13.2006472492	3.33635455505
scaffold33236_1_TIGR00092:324:702:-	237	54.0	52.7857142857	5.62629005951
scaffold41930_1_TIGR00880:1585:2011:+	54	8.0	9.27230046948	3.0651812381
scaffold57252_3_TIGR02627:6884:7193:+	152	33.0	33.498381877	4.53438827113
scaffold54173_1_TIGR02214:2:1181:-	178	8.0	11.106870229	8.50916456258
scaffold14301_42_TIGR00914:2121:5172:+	439	13.0	12.4169124877	3.61810550138
scaffold22042_9_TIGR00880:7951:8365:+	546	90.0	92.3260869565	12.7689404889
scaffold5595_1_TIGR01800:1230:2448:-	583	37.0	37.4745484401	7.93413521711
scaffold59307_1_TIGR00880:56975:57407:+	127	21.0	21.5393518519	3.38683829758
scaffold53971_1_TIGR03992:168:900:-	67	7.0	7.25956284153	2.4552506077
scaffold27192_1_TIGR00741:1:289:-	937	228.0	224.638888889	46.18600845
scaffold20918_1_TIGR02627:7609:8986:-	411	23.0	22.9360929557	5.18771635715
scaffold241_4_TIGR01316:23057:24464:-	721	40.0	41.7796730633	7.50842685316
scaffold241_8_TIGR00152:43127:43697:-	365	49.0	48.9736842105	5.88882457267
scaffold2626_2_TIGR03992:16:838:-	56	6.0	5.57420924574	1.28294693649
scaffold27127_4_TIGR02214:11134:12376:+	360	23.0	23.2979066023	5.6212856448
scaffold27127_4_TIGR00914:29153:29924:-	303	25.0	27.9143968872	11.0375112208
scaffold59336_2_TIGR02627:6:669:-	971	106.0	109.21719457	23.3877642651
scaffold59336_1_TIGR02627:5569:6226:-	866	290.0	291.407914764	15.8799088501
scaffold21907_2_TIGR00914:1358:2027:-	1268	133.0	138.01793722	27.4098000202
scaffold21989_1_TIGR03906:302:1409:+	146	10.0	10.6043360434	2.53158889929
scaffold28327_1_TIGR02214:20600:20831:-	110	294.0	294.277056277	4.86451431898
scaffold28327_1_TIGR01900:5403:5529:-	96	298.0	304.865079365	12.450762184
scaffold19346_13_TIGR03992:556:745:+	34	13.0	12.2645502646	2.61332815716
scaffold41915_3_TIGR00741:1112:1406:-	53	12.0	12.9183673469	2.20854926399
scaffold33273_1_TIGR03992:2550:3330:+	333	39.0	42.4628205128	14.7072248857
scaffold54153_2_TIGR00914:5:1196:+	101	7.0	7.37615449202	2.20629638406
C659901_1_TIGR01800:151:520:-	32	7.0	6.72086720867	1.50360841722
scaffold5273_1_TIGR01020:24552:25023:+	852	92.0	121.57537155	63.2830576118
C735335_1_TIGR00880:22207:22612:+	125	70.0	70.9333333333	3.56013593859
scaffold51063_2_TIGR01316:3:552:-	192	16.0	22.3825136612	20.2932809922
scaffold13767_3_TIGR00914:1:1060:-	1558	118.0	118.509915014	16.2486186205
scaffold1418_2_TIGR01316:4:973:+	477	41.0	37.6986584107	13.4148696919
scaffold430_5_TIGR02627:2:1223:-	756	33.0	43.1957411957	26.1655758786
scaffold3143_3_TIGR01900:5221:6379:-	349	22.0	23.2625215889	5.61011557371
scaffold24458_2_TIGR02214:13435:13651:-	205	58.0	58.8703703704	4.13004482218
scaffold17022_6_TIGR02214:229:1054:+	82	9.0	8.70545454545	2.35653198052
scaffold58812_1_TIGR00914:24248:26759:-	996	25.0	28.3114297093	14.6247971658
scaffold8887_7_TIGR00914:7:739:-	88	9.0	9.03825136612	2.52553326126
scaffold46821_1_TIGR02214:1462:2791:-	458	44.0	52.3987960873	16.9088344297
scaffold44370_2_TIGR00005:226:841:-	63	7.0	7.85853658537	3.33805178635
scaffold6_6_TIGR00005:3370:4315:+	505	43.0	41.4158730159	9.34260094898
scaffold53824_2_TIGR03992:58:595:-	817	118.0	111.985102421	20.28492945
scaffold53824_1_TIGR02195:3936:4920:-	1525	125.0	125.223577236	8.43511901112
scaffold1161_2_TIGR00090:539:773:+	20	9.0	9.28755364807	1.28666636094
scaffold240_1_TIGR01316:28:547:-	497	89.0	89.5741811175	5.50790184289
scaffold247_4_TIGR03131:9456:10332:+	1078	106.0	119.109589041	44.923774602
scaffold32609_6_TIGR00914:4:523:+	61	9.0	8.90173410405	2.69874317401
scaffold35911_6_TIGR01316:4:508:+	110	15.0	16.6401590457	7.85199431268
scaffold35911_5_TIGR01316:362:617:+	123	23.0	34.8392156863	27.2778303895
scaffold6822_6_TIGR01316:3268:4675:+	231	11.0	12.0341151386	7.22618444478
scaffold37490_1_TIGR00698:5:191:+	17	6.0	5.55376344086	1.75970788997
scaffold23645_1_TIGR01316:177:492:-	119	27.0	25.0285714286	7.00764726434
scaffold23645_2_TIGR01316:3:594:-	171	22.0	22.3654822335	4.30932876977
scaffold45195_1_TIGR00914:12638:15680:-	1639	37.0	42.3898750822	20.6891746759
scaffold43990_1_TIGR00005:236:566:-	120	8.0	27.2939393939	32.6446658077
scaffold73_2_TIGR02214:8060:9332:+	344	22.0	21.8726415094	5.28268263193
scaffold50755_1_TIGR02627:578:1232:-	192	23.0	23.6941896024	5.01966133105
scaffold6514_13_TIGR02627:62:932:-	128	12.0	11.8218390805	2.47966095603
C683665_1_TIGR00914:5:671:-	335	24.0	36.3888888889	22.8283277797
scaffold56918_1_TIGR00342:8262:9384:-	662	48.0	47.5106951872	7.09964547191
scaffold20877_3_TIGR00090:346:553:+	15	6.0	5.58937198068	1.48437370836
scaffold33234_1_TIGR00914:8:767:+	908	100.0	88.4854881266	38.6099044734
C734271_1_TIGR03992:8470:9154:+	229	37.0	37.9634502924	3.86090130096
scaffold38262_5_TIGR02214:8:485:+	72	11.0	11.6163522013	3.34300247077
scaffold32591_7_TIGR00005:67784:68582:+	369	37.0	36.7443609023	4.93032273139
scaffold32591_7_TIGR00342:52900:54019:-	478	33.0	34.3672922252	5.03180615547
scaffold32591_1_TIGR02712:43525:43798:-	126	32.0	30.326007326	4.41608172835
scaffold9344_1_TIGR02214:7:688:-	51	7.0	6.69309838473	2.47301369067
C713451_1_TIGR00005:880:1219:+	405	210.0	217.492625369	25.7627438788
scaffold42292_2_TIGR01316:3:822:-	57	6.0	5.95482295482	2.11261934569
scaffold156_2_TIGR01316:7590:7716:+	147	53.5	53.4920634921	7.90995558327
scaffold35765_1_TIGR01316:5:470:+	249	37.0	39.0903225806	8.24467328221
scaffold35127_2_TIGR01800:533:956:-	79	10.0	11.621749409	5.57592763974
scaffold27159_3_TIGR00698:20:500:+	54	8.0	8.60208333333	3.18230718081
scaffold43466_1_TIGR02214:12:600:-	71	8.0	9.06972789116	2.29985993232
scaffold59294_1_TIGR00880:11875:12319:+	194	30.0	30.5878378378	6.38825892414
C686703_1_TIGR03992:75:495:-	86	16.0	15.3785714286	4.03638426803
scaffold6319_5_TIGR02252:195:393:-	128	51.0	54.2777777778	12.8620737253
scaffold27092_6_TIGR01316:340:607:-	114	8.0	24.8689138577	29.6585065568
scaffold27092_7_TIGR01316:2:524:-	169	10.0	20.5153256705	26.2731881671
scaffold42725_1_TIGR03906:50:620:-	153	20.0	18.3438596491	7.41910803604
scaffold45006_3_TIGR00914:90:786:-	53	6.0	5.6882183908	1.63534215145
scaffold49454_2_TIGR00090:336:630:-	132	32.0	28.3707482993	14.2318733541
scaffold58825_1_TIGR03992:1645:2212:+	96	13.0	13.0264550265	2.70429900569
scaffold27065_2_TIGR03906:1:514:-	69	11.0	11.2436647173	2.47346223334
scaffold58919_1_TIGR00914:2049:4449:+	1969	76.0	78.2345833333	29.9981175075
scaffold212_2_TIGR03992:32174:33269:-	927	78.0	77.7342465753	7.35528050947
scaffold212_2_TIGR01316:23488:24724:+	1021	77.0	77.3066343042	9.74309088861
scaffold48034_1_TIGR00880:5518:5932:+	319	57.0	56.9855072464	7.26115883597
scaffold48034_1_TIGR00005:6904:7756:-	742	63.0	69.4577464789	19.4518630265
scaffold7157_2_TIGR03992:6147:7314:+	835	57.0	55.6829477292	12.9607769855
C732757_1_TIGR00005:3504:4170:-	393	41.0	42.6651651652	9.05408605117
scaffold23559_4_TIGR01316:1:499:-	73	12.0	15.0903614458	7.9943420925
scaffold32538_6_TIGR00880:1882:2311:+	197	31.0	32.1538461538	5.93198555065
scaffold32538_6_TIGR00914:8282:11408:+	1190	31.0	31.7818298145	8.01193144031
scaffold9760_9_TIGR01316:1024:1519:-	87	14.0	13.4767676768	2.40516398495
scaffold4110_9_TIGR02214:6:1116:-	255	14.0	15.4936936937	8.36398628268
scaffold53920_5_TIGR00914:309:1428:+	112	8.0	7.84897229669	2.51776109425
scaffold165_1_TIGR00914:6332:8957:+	1205	36.0	36.104	9.43760679914
scaffold347_9_TIGR00342:2758:3871:-	356	31.0	34.0539083558	8.81346910387
scaffold53118_2_TIGR02712:387:783:-	94	17.0	17.8888888889	6.41909853781
scaffold21928_2_TIGR00914:1221:3159:-	1198	42.0	48.5392156863	25.7145110439
scaffold21928_3_TIGR00914:1:610:-	336	41.0	43.2315270936	17.5928386442
scaffold37012_1_TIGR02214:183:738:-	61	8.0	8.91891891892	2.64246382141
scaffold38077_2_TIGR00698:14:506:+	49	7.0	7.01422764228	2.19242061277
scaffold10885_1_TIGR00092:222:792:+	152	10.0	17.9964912281	16.5966596186
scaffold27466_4_TIGR03906:880:1081:+	17	6.0	6.34	2.54251843651
scaffold4942_1_TIGR00152:162:726:-	57	8.0	8.12411347518	1.79899107694
scaffold59_4_TIGR02712:16467:17436:+	1381	104.0	107.496388029	42.265882053
C719047_1_TIGR00698:406:1372:+	1279	138.0	137.658385093	11.2027829968
scaffold56609_2_TIGR01316:2054:2279:+	52	17.0	16.6177777778	3.0310459426
scaffold58574_2_TIGR00880:65892:66330:+	168	29.0	28.2305936073	5.25507148952
scaffold58574_2_TIGR01800:38963:40139:-	429	28.0	29.0612244898	7.15544081064
scaffold241_10_TIGR01981:8979:9804:-	468	42.0	42.7163636364	8.37989145015
scaffold43746_7_TIGR02627:1038:2397:+	235	12.0	13.1103752759	8.02119358394
scaffold43746_7_TIGR01981:2559:3333:-	121	13.0	12.4250645995	3.16087878787
scaffold54090_1_TIGR01316:6:291:-	210	57.0	56.1228070175	7.26990956636
scaffold42139_3_TIGR01981:10480:11332:-	1542	135.0	140.138497653	17.7980209797
scaffold52077_3_TIGR02712:29464:30445:-	705	52.0	51.6156982671	20.2502719743
scaffold12825_2_TIGR01800:4:754:-	362	38.0	38.596	7.83450385581
scaffold35578_3_TIGR00914:581:3155:-	2671	95.0	83.2296037296	39.1988104185
scaffold71_3_TIGR00005:257:518:+	89	20.0	20.0574712644	8.85864686376
scaffold3419_3_TIGR02627:3:666:+	65	8.0	7.87028657617	2.43120880173
scaffold3419_5_TIGR00005:365:668:-	26	6.0	6.23102310231	1.83280374845
scaffold10864_4_TIGR01316:3:513:-	29	5.0	4.77843137255	1.38759401384
scaffold57329_1_TIGR01957:1620:2052:-	889	216.0	213.923611111	25.4820415688
scaffold57329_1_TIGR01962:3:219:-	466	219.0	219.976851852	22.1742764986
scaffold1951_6_TIGR01900:2:575:-	69	16.0	15.5218150087	2.91502017223
scaffold2556_11_TIGR03992:2994:4086:-	230	12.0	15.7646520147	10.0663783936
scaffold30759_1_TIGR02214:38:482:+	900	154.0	150.252252252	20.419350683
scaffold30759_1_TIGR00914:34664:37703:+	3686	96.0	109.475814413	40.3057089242
scaffold7208_6_TIGR00914:5:323:-	36	8.0	8.59433962264	1.79855795776
scaffold59260_1_TIGR00914:1279:4315:+	1193	31.0	32.7704216074	8.90786879316
scaffold55673_5_TIGR01020:38521:39019:+	605	124.0	125.809236948	26.0378500179
scaffold209_1_TIGR00914:7192:9862:-	1363	35.0	37.9790262172	16.1493361544
scaffold3953_5_TIGR01316:999:1161:-	26	6.0	6.42592592593	2.59820820395
scaffold3953_6_TIGR01316:3:813:-	72	7.0	7.24938271605	2.60853884916
scaffold40323_2_TIGR00914:5:551:-	123	7.0	16.0641025641	22.4285089875
C674479_1_TIGR00914:3:603:+	37	4.0	4.8714524207	1.74745311276
C726671_1_TIGR00880:808:1210:-	159	28.0	27.8930348259	5.13557500099
scaffold16968_12_TIGR02712:1389:2175:+	153	11.0	11.8804071247	7.13454470016
scaffold48506_1_TIGR00880:19894:20233:-	556	113.0	114.625368732	14.6649323689
scaffold50040_4_TIGR02214:4:565:+	56	9.0	8.25311942959	2.57786306263
scaffold15172_1_TIGR02214:135:1920:-	595	84.0	83.6834733894	7.81445053956
scaffold4678_5_TIGR00880:308:791:+	38	6.0	6.26501035197	2.08716806907
scaffold15336_21_TIGR00005:1790:2711:+	113	9.0	9.13572204126	2.76476094606
scaffold58761_1_TIGR03992:3723:3906:-	74	156.0	155.87431694	3.66649971524
scaffold15600_1_TIGR01316:3:945:+	167	9.0	12.8577494692	15.1351637932
scaffold16137_3_TIGR00914:11698:14800:-	3529	79.0	90.0254674404	38.1348813729
scaffold312_3_TIGR00152:2:293:-	107	25.0	23.7388316151	5.63498863501
scaffold37425_7_TIGR02712:2:398:-	98	19.0	17.3838383838	6.14957840504
scaffold22986_16_TIGR00092:6:651:-	104	10.0	11.0217054264	6.49337123224
scaffold22986_14_TIGR00092:931:1111:-	43	10.0	10.2722222222	4.52993813492
scaffold32893_6_TIGR01800:3:1077:+	133	10.0	9.75791433892	2.20230489725
scaffold49_2_TIGR02252:36123:36561:-	229	37.0	36.9931506849	4.37118508221
scaffold3196_1_TIGR03992:350:1139:+	1363	120.0	130.686945501	27.322596941
scaffold47804_3_TIGR00914:3844:6898:-	1355	34.0	35.6764898494	10.4020420765
scaffold35738_3_TIGR00152:2905:3448:+	607	65.0	76.8066298343	27.2093952511
scaffold35738_1_TIGR02712:4133:4502:-	825	97.0	117.506775068	62.9429180266
scaffold272_18_TIGR00092:3393:3774:+	142	25.0	25.9580052493	3.22446686634
scaffold57705_1_TIGR00092:96:660:-	56	8.0	8.05141843972	1.97749253132
scaffold42747_3_TIGR00914:2:959:-	387	29.0	26.2392894462	14.8543680257
scaffold7025_14_TIGR02712:18:1362:+	151	9.0	9.02976190476	2.68826948062
scaffold13472_2_TIGR00005:736:907:-	26	9.0	9.36257309942	1.42558178918
scaffold48347_1_TIGR03992:8034:8766:+	155	15.0	16.5341530055	4.40413153253
scaffold18718_3_TIGR00914:31983:35007:-	2680	110.0	114.206679894	20.6279865969
scaffold10885_2_TIGR00092:5:488:+	50	7.0	7.51966873706	2.3776753035
scaffold11315_1_TIGR01316:31:847:-	94	8.0	9.25245098039	4.68570980169
scaffold49710_2_TIGR01020:4:379:+	549	48.0	70.6186666667	62.4373919877
scaffold20903_1_TIGR02195:126:1146:+	262	21.0	21.1303921569	4.32680403757
scaffold57468_1_TIGR02712:1240:2308:-	1842	160.0	161.496254682	20.0568243548
scaffold4384_2_TIGR01800:5:1028:+	487	46.0	45.0840664712	11.463264045
scaffold55719_1_TIGR02712:9994:10255:+	175	42.0	42.0884615385	8.18087953345
scaffold54056_1_TIGR00880:112:514:-	46	8.0	7.88308457711	2.53115167342
scaffold44573_3_TIGR03992:72:690:-	73	9.0	8.78802588997	3.23342959977
scaffold77_6_TIGR00914:4432:5689:+	485	30.0	30.8257756563	7.50013762105
scaffold1349_4_TIGR00092:5:197:+	37	14.0	13.1354166667	2.5438643163
scaffold1349_3_TIGR00092:5:743:+	92	10.0	10.5115332429	3.00748770849
scaffold1182_2_TIGR03992:12658:13366:+	191	20.0	21.1101694915	5.23344940041
scaffold49380_4_TIGR01800:1172:1706:+	63	9.0	9.19662921348	3.00260621269
scaffold49380_5_TIGR01800:3:654:+	94	10.0	10.5606758833	3.09906910918
scaffold19270_1_TIGR00005:62:725:-	968	81.0	97.3680241327	64.2961685348
scaffold43245_3_TIGR02195:5042:6062:+	309	23.0	24.3431372549	4.8907577865
scaffold33614_1_TIGR03906:988:1468:+	155	24.0	23.9458333333	5.04987451714
scaffold47311_4_TIGR00914:1807:4942:-	1171	26.0	32.7081339713	24.8826780931
scaffold23524_2_TIGR03906:3:642:+	48	6.0	6.17840375587	1.32134396645
scaffold1394_1_TIGR00092:1584:2685:+	756	59.0	58.540417802	6.89241651793
scaffold30097_1_TIGR03131:71945:72848:-	740	66.0	65.9102990033	7.56307798697
scaffold30097_1_TIGR02627:39994:41362:-	1050	65.0	64.3194444444	7.13566339516
scaffold28622_2_TIGR02214:1:1324:-	389	28.0	28.6167800454	9.69702432648
scaffold28622_3_TIGR02214:2:467:-	169	18.0	28.3677419355	17.5192745547
scaffold38266_3_TIGR00914:55:1480:-	285	8.0	12.3550877193	16.0734351095
scaffold20028_6_TIGR02214:5:692:+	55	7.0	6.89665211063	2.28139181575
scaffold20028_1_TIGR02214:4:502:+	56	9.0	9.14859437751	2.00251048063
scaffold20574_11_TIGR03906:6418:7759:+	211	18.0	18.216256525	3.49296572427
scaffold7803_10_TIGR01316:8:824:+	80	7.0	7.59386503067	2.8272489447
scaffold40522_3_TIGR00005:102670:103615:+	627	95.0	95.9830687831	5.72654905921
scaffold40522_3_TIGR00152:89607:89715:+	145	112.0	112.046296296	2.46600689096
scaffold40522_3_TIGR00090:116090:116384:+	244	102.0	100.632653061	5.52185716645
scaffold40522_3_TIGR00092:113727:114102:+	290	101.0	99.9786666667	5.8038675228
scaffold40522_3_TIGR02214:124108:125143:-	645	94.0	94.6028985507	5.37248233851
scaffold54987_1_TIGR02214:5:590:+	37	6.0	5.56581196581	1.22349942233
scaffold31088_1_TIGR00914:14767:17896:-	1980	62.0	69.1150527325	24.8063550568
scaffold15357_5_TIGR01316:5:770:+	57	6.0	6.48758169935	1.86720301333
scaffold25024_1_TIGR03906:19800:20952:+	1551	137.0	153.469618056	37.3319956121
scaffold23237_3_TIGR00698:21918:22863:-	362	30.0	31.1216931217	5.95121305415
scaffold51507_2_TIGR03906:2:740:-	92	9.0	9.74932249322	4.60949659839
scaffold58626_1_TIGR01800:89254:90472:+	1026	67.0	67.670771757	7.46920220011
scaffold58626_1_TIGR00741:102802:103096:+	244	58.0	58.0510204082	6.19914265903
scaffold58626_1_TIGR01020:113793:113916:+	150	60.0	60.5447154472	4.10086652061
scaffold2752_10_TIGR02252:10768:11368:-	183	25.0	24.2883333333	4.10022729722
scaffold58232_1_TIGR01957:741:1104:+	60	12.0	12.9696969697	4.96230048254
scaffold10730_5_TIGR00342:1548:2667:+	232	14.0	15.2296693476	8.08898096347
scaffold39785_1_TIGR00090:370:664:-	208	45.0	46.9693877551	7.66179773442
scaffold6524_12_TIGR01316:752:1994:+	142	10.0	9.87912973409	2.77316911312
scaffold15263_4_TIGR00092:441:528:+	12	8.0	7.67441860465	1.44223551011
scaffold50115_1_TIGR02195:1573:2590:+	158	12.0	12.203539823	4.33717407018
scaffold15644_1_TIGR00914:54:603:-	40	6.0	5.970856102	2.35142622211
scaffold14408_7_TIGR00914:34:700:+	361	26.0	38.4324324324	33.9016741873
scaffold59288_2_TIGR02214:121967:123014:+	392	31.0	30.3266475645	5.16215440881
C725065_1_TIGR01316:1831:1957:+	262	105.0	105.341269841	4.69069104871
scaffold3400_1_TIGR01316:9814:11149:+	785	70.0	70.3243445693	6.78777038633
C716555_1_TIGR02712:294:1368:+	1183	90.0	88.8454376164	12.3087356999
scaffold59287_1_TIGR00005:10630:11476:+	321	395.0	396.462174941	6.9188379569
C698535_1_TIGR01020:217:685:-	336	60.0	57.6944444444	8.49626684682
scaffold13472_3_TIGR00005:1:517:-	41	7.0	6.51356589147	2.39706904314
scaffold59354_1_TIGR00152:40252:40789:+	294	42.0	41.4283054004	5.93783590765
scaffold26973_2_TIGR00914:5:953:-	415	8.0	22.6698312236	54.5393023731
C667583_1_TIGR01316:231:555:+	16	4.0	3.75308641975	0.720611266544
scaffold11057_4_TIGR01800:2104:3040:+	1361	144.0	144.039529915	14.2316585138
scaffold29049_1_TIGR02712:5305:6631:+	1107	69.0	69.2714932127	10.8865070167
scaffold47571_8_TIGR00914:1:367:-	38	8.0	7.56284153005	2.11167367181
scaffold40946_4_TIGR02627:1241:2594:-	206	11.0	11.2549889135	4.33526838581
scaffold6741_9_TIGR02627:2724:3036:+	45	10.0	9.8141025641	1.67869182577
scaffold23731_1_TIGR01957:274:706:+	344	26.5	44.9560185185	41.8853197442
scaffold891_27_TIGR00880:9140:9551:+	79	13.0	13.2262773723	3.61396191069
scaffold891_27_TIGR02712:2:452:-	75	13.0	12.6244444444	4.05997567347
scaffold891_26_TIGR03992:2396:3233:+	135	12.0	12.2735961768	3.3835547318
scaffold891_26_TIGR02712:6108:6486:-	91	16.0	16.8227513228	5.06652159844
scaffold33067_3_TIGR00005:1:694:-	268	30.0	30.6608946609	5.46579422947
scaffold33067_2_TIGR00005:8826:9093:-	116	31.0	31.1348314607	3.60458824726
scaffold28016_3_TIGR00005:30342:31074:-	539	62.0	63.5191256831	8.51186348578
scaffold58570_3_TIGR00914:11:1703:-	609	22.0	26.4343971631	21.3133732822
scaffold58570_2_TIGR00914:2657:4025:-	266	21.0	21.1067251462	5.95710900982
scaffold59162_2_TIGR02712:33822:34137:-	242	59.0	62.2253968254	8.10741319115
scaffold59162_2_TIGR02214:2519:3704:-	675	59.0	58.7004219409	8.31462794096
scaffold18939_2_TIGR00005:5:266:+	33	7.0	7.38314176245	2.42092239139
scaffold59201_1_TIGR00005:3568:4423:-	229	20.0	20.4888888889	3.48658992308
scaffold3389_16_TIGR02712:2077:2965:+	125	11.0	10.8592342342	1.93515493923
scaffold3389_10_TIGR03992:154:1270:-	182	13.0	13.6200716846	3.68165441158
scaffold29504_8_TIGR03992:1214:1403:+	20	7.0	6.32275132275	2.75960292492
scaffold13044_4_TIGR02712:3:1035:+	105	8.0	8.4757751938	2.53031893918
scaffold313_2_TIGR00880:1510:1924:-	187	20.0	25.3599033816	15.3052179537
scaffold57011_1_TIGR03906:1343:1676:-	39	8.0	7.61861861862	2.1071625062
scaffold15647_1_TIGR01316:9123:9276:+	54	15.0	17.1503267974	4.69009698163
scaffold15300_11_TIGR00092:924:2019:-	212	16.0	15.902283105	4.69124748938
scaffold34569_3_TIGR02712:3:243:+	22	7.0	6.44166666667	2.06274830155
scaffold5870_1_TIGR03992:17335:18430:+	706	54.0	53.3269406393	7.91259069797
scaffold4626_11_TIGR00092:353:542:+	20	7.0	8.6455026455	3.88542839953
scaffold44615_1_TIGR02214:1372:3154:+	2420	156.0	154.86026936	15.4497884634
C696137_1_TIGR00914:3:810:+	1060	115.0	114.957816377	27.6899836267
scaffold9485_5_TIGR00342:3:615:-	79	11.0	10.6928104575	3.67695712104
scaffold59027_3_TIGR02214:140:542:-	39	7.0	7.51990049751	1.74659640303
scaffold34400_1_TIGR00914:62:752:-	86	11.0	10.4144927536	2.99503334584
scaffold24979_6_TIGR00914:4:508:+	214	9.0	21.753968254	40.8813005936
scaffold29446_1_TIGR00092:9975:10257:+	536	180.5	182.95035461	36.3260112814
scaffold57660_2_TIGR02712:19:511:+	63	7.0	9.25406504065	6.60365165516
scaffold58787_1_TIGR00914:5:824:+	1165	124.0	125.64957265	14.9165537005
scaffold13562_1_TIGR00914:9:933:+	214	11.0	16.5833333333	12.9803624295
scaffold17778_2_TIGR02712:304:1027:+	149	12.0	15.635734072	12.7323392465
scaffold43139_2_TIGR00914:1:709:-	54	6.0	6.57485875706	2.38907367041
scaffold15932_1_TIGR00152:353:902:-	797	114.0	113.384335155	8.84185126812
scaffold726_3_TIGR03992:300:708:+	207	38.0	34.9852941176	13.0956054376
C664161_1_TIGR00914:6:543:-	874	133.0	128.716945996	16.9698481535
scaffold3063_31_TIGR01316:3:1050:-	165	11.0	11.6714422159	4.45061794774
scaffold31087_1_TIGR00092:14004:14283:-	141	28.0	31.1577060932	11.0740519683
scaffold31087_1_TIGR00914:30544:33673:-	1879	35.0	44.8836689038	29.1162340155
scaffold58845_1_TIGR00914:7500:8319:+	271	25.0	25.4884004884	4.83887389959
scaffold3293_6_TIGR03131:4815:5634:+	208	8.0	14.8302808303	19.7799681921
C686069_1_TIGR00914:323:689:-	684	123.5	130.737704918	30.450928888
scaffold7716_10_TIGR00005:114:765:+	84	11.0	10.9078341014	2.23107161748
scaffold6468_4_TIGR00914:3:822:-	82	8.0	8.31746031746	3.45553657025
scaffold2372_1_TIGR00152:196:742:-	57	8.0	8.17948717949	1.89292603336
scaffold454_1_TIGR00914:25269:28407:+	4510	126.0	123.335245379	13.443497909
scaffold19223_2_TIGR00914:7:592:+	136	18.0	18.7247863248	9.06130031595
scaffold2834_3_TIGR00005:105:753:+	81	10.0	9.6774691358	2.35426820475
scaffold51545_4_TIGR01316:5039:5144:+	54	23.0	23.2095238095	2.05493708904
scaffold51114_4_TIGR01316:2:581:-	83	9.0	10.7564766839	5.19775812116
scaffold56630_4_TIGR01316:3376:3970:+	241	25.0	31.3249158249	14.8738970531
scaffold56630_5_TIGR01981:12401:13253:-	464	35.0	40.0516431925	12.5017241862
scaffold9658_7_TIGR03906:1949:3098:+	254	18.0	18.2471714534	4.18166699088
scaffold8906_1_TIGR00005:5559:6219:-	975	82.0	102.665151515	57.2372388647
scaffold31962_1_TIGR03992:173:581:-	87	24.0	25.0710784314	3.62688042015
scaffold57158_2_TIGR00914:4089:7113:+	1095	22.0	26.0634920635	14.0289973875
scaffold272_20_TIGR01020:6783:7245:-	215	33.0	32.474025974	5.95894836441
scaffold50989_6_TIGR00087:134:797:+	247	8.0	25.1312217195	41.6931544835
scaffold7206_4_TIGR00090:31715:32015:-	160	29.0	33.6333333333	9.03394831855
scaffold7206_4_TIGR00087:26557:27262:+	240	26.0	26.265248227	6.98177958797
scaffold4412_10_TIGR02214:992:1202:+	31	10.0	10.4571428571	2.12481291693
scaffold26973_3_TIGR00914:98:482:-	62	11.0	11.8671875	3.50677415961
scaffold26973_1_TIGR00914:2:1223:-	150	10.0	10.3603603604	4.06090421353
scaffold33412_14_TIGR02712:599:1475:+	117	11.0	10.4760273973	3.10002514634
scaffold24566_1_TIGR00092:5:653:-	1321	146.0	147.208333333	25.4025271842
scaffold58004_1_TIGR00914:2:578:-	64	6.5	8.13541666667	5.52007659908
scaffold50731_4_TIGR00092:5170:6268:+	664	39.0	45.2386156648	15.6691511428
scaffold11726_1_TIGR02712:4235:5222:+	935	98.0	108.872340426	41.0701072943
scaffold29447_3_TIGR00005:3:432:+	80	12.0	12.9184149184	4.6233784462
scaffold15210_6_TIGR01800:2:947:-	78	8.0	8.63597883598	2.83604477535
scaffold27581_1_TIGR02627:33281:34604:-	541	68.0	68.1625094482	5.29493407748
scaffold27581_1_TIGR03992:38285:38519:-	153	75.0	74.5555555556	3.94826467225
scaffold444_2_TIGR01900:332:1361:-	450	27.0	34.4965986395	15.8986475913
