scaffold30724_3_TIGR02214:8:515:+	32	5.0	5.44575936884	1.98478352629
scaffold16195_16_TIGR01981:1770:2598:-	144	14.0	13.4746376812	2.75892652917
scaffold16195_17_TIGR01981:733:1585:-	183	16.0	16.8579812207	4.10081517828
scaffold44839_7_TIGR01800:3444:3852:-	75	20.0	19.3039215686	3.49029246397
scaffold3150_1_TIGR00090:1289:1583:+	293	63.0	66.0816326531	7.86407504072
scaffold15828_9_TIGR02214:2115:3369:-	132	9.0	8.72169059011	2.13347849186
C528618_1_TIGR00087:1186:1891:+	305	33.0	32.9134751773	5.80043064992
scaffold9930_4_TIGR02214:7282:8074:+	167	16.0	16.6843434343	3.3403497856
scaffold45264_1_TIGR03906:5692:5902:+	485	150.5	150.361904762	6.90979127178
scaffold1463_4_TIGR00005:21:681:+	447	6.0	50.0075757576	110.787066867
scaffold38011_2_TIGR02214:115:625:-	41	6.0	6.52352941176	2.16623720347
scaffold20231_1_TIGR02214:13:733:+	49	6.0	5.675	1.51196615923
C497550_1_TIGR02214:3:690:-	251	34.0	37.8820960699	11.3195898634
scaffold5677_1_TIGR00698:530:917:+	3341	892.0	872.295336788	76.9252098191
scaffold9820_51_TIGR00005:4262:4886:-	80	10.0	10.0592948718	3.66174044582
scaffold41287_1_TIGR01316:13861:15148:+	2716	88.0	153.383061383	107.803297773
scaffold12035_3_TIGR00092:504:1602:-	527	12.0	22.4098360656	58.118492536
scaffold14264_1_TIGR00090:490:784:-	38	7.0	7.46258503401	1.97181538249
C502752_1_TIGR00914:5:788:-	333	49.0	47.6922094508	7.08449483176
scaffold13717_1_TIGR03992:4608:5763:+	1286	89.0	79.6155844156	31.6902667057
scaffold31625_4_TIGR02195:3408:4350:-	137	11.0	11.7144373673	3.67209359801
C479858_1_TIGR00092:3:504:+	54	7.0	7.95608782435	3.79437390325
C493150_1_TIGR01957:176:608:+	3168	584.0	587.372685185	33.838635247
scaffold40696_2_TIGR00090:1928:2228:-	2079	423.0	445.97	89.8666554772
scaffold40696_1_TIGR00087:5850:6561:+	4394	666.0	664.309423347	57.2945350872
scaffold19345_7_TIGR00914:6211:9298:+	619	17.0	16.9795918367	3.81274159534
scaffold9240_1_TIGR02627:986:2390:-	3564	163.5	208.173789174	135.335384798
scaffold18331_2_TIGR02621:3:516:+	30	5.0	4.95321637427	1.33980679485
scaffold24_1_TIGR03906:18669:19041:+	466	266.0	266.836021505	11.3083608464
scaffold10905_5_TIGR00005:1:322:-	37	8.0	8.39252336449	1.37913022398
C528958_1_TIGR00005:19099:19936:+	716	72.0	70.1218637993	11.3297258592
C528958_1_TIGR00880:8553:8970:-	360	64.0	64.1726618705	9.3361893984
C528958_1_TIGR02627:67118:67304:+	146	37.0	43.0376344086	14.3958507611
scaffold23822_1_TIGR01981:292:1102:-	6645	709.5	700.201234568	91.5460634155
scaffold26937_2_TIGR00914:1618:2572:+	97	8.0	8.3784067086	2.9196786206
scaffold26937_1_TIGR00914:42:966:+	86	8.0	7.80194805195	2.53818383051
scaffold18267_8_TIGR00092:6:765:-	151	15.0	15.8735177866	4.50206477407
scaffold18267_9_TIGR00092:3:276:-	67	16.0	16.3919413919	3.00003801628
scaffold18267_6_TIGR02214:194:1994:-	299	13.0	13.5855555556	3.85852767289
scaffold4200_3_TIGR03992:1665:2079:-	68	10.0	10.5603864734	3.53382220373
scaffold37373_2_TIGR03992:240:630:+	421	81.0	74.8179487179	20.0684772817
scaffold34943_7_TIGR01316:2851:3991:+	180	10.0	11.6131578947	5.62750159824
scaffold24687_1_TIGR01316:2:1376:-	127	7.0	7.03056768559	3.23584321887
scaffold28860_3_TIGR03992:374:536:+	29	8.0	8.84567901235	4.20841453923
scaffold45483_1_TIGR00914:9738:10797:-	937	174.0	168.420207743	14.5047941524
scaffold8881_3_TIGR02627:3:975:+	90	7.0	7.33744855967	2.51115144028
scaffold32885_5_TIGR02627:1037:1529:-	57	9.0	9.18699186992	2.08303091202
scaffold8235_19_TIGR00914:1045:3016:-	220	10.0	9.74581430746	2.64600566912
scaffold85_7_TIGR00741:2063:2357:+	68	15.0	15.9795918367	3.81809046506
scaffold616_1_TIGR01900:716:1787:+	202	15.0	15.3576097106	5.04230797652
scaffold1973_6_TIGR03239:586:1324:+	51	6.0	5.77506775068	1.40008770854
scaffold473_15_TIGR02627:488:1853:+	163	9.0	9.29377289377	4.01217899286
scaffold9870_9_TIGR02712:647:1067:-	61	11.0	10.6476190476	3.97846812439
scaffold9870_7_TIGR02712:2:941:-	159	14.0	13.8935037274	4.73441058997
scaffold9870_6_TIGR02712:1122:1476:-	68	15.0	14.5734463277	2.77834157514
scaffold11501_21_TIGR00914:4:853:+	119	11.0	10.8951707892	4.55249063975
scaffold44850_1_TIGR03906:24:552:-	38	6.0	5.80681818182	1.45142005604
scaffold2365_3_TIGR03906:4:559:+	297	37.0	40.572972973	16.6377295421
scaffold34123_1_TIGR00880:1058:1478:+	69	12.0	12.1119047619	2.42297557924
scaffold40013_2_TIGR01800:431:1391:-	71	6.0	5.84166666667	2.01554720995
scaffold43898_1_TIGR00698:1269:1533:-	2246	705.0	688.564393939	100.609749085
scaffold23177_4_TIGR00914:1:976:-	116	9.0	9.67897435897	3.37145163506
scaffold27825_3_TIGR02214:533:896:+	39	9.0	8.8870523416	2.90452726603
scaffold43904_1_TIGR00914:3:225:-	18	5.0	5.66216216216	2.49473514289
scaffold28270_2_TIGR02214:31:1423:+	188	11.0	11.128591954	3.01599924829
scaffold21724_3_TIGR01316:329:845:+	97	13.0	13.8507751938	3.13442677088
scaffold21075_4_TIGR02627:107:572:+	33	8.0	8.62580645161	1.46271975471
scaffold34265_15_TIGR01800:13223:14420:+	208	14.0	14.1411862991	3.01585056817
scaffold34265_16_TIGR03906:15262:16618:-	272	17.0	17.2072271386	3.91264959133
scaffold19319_2_TIGR02214:7:1735:-	259	12.0	12.724537037	4.31545990945
scaffold8249_29_TIGR03906:469:862:-	55	16.0	15.5572519084	2.67538103731
scaffold29564_1_TIGR00005:202:1090:-	590	52.0	51.6385135135	10.2389779696
scaffold4867_13_TIGR00741:4762:5056:+	89	22.0	21.9693877551	3.53155093494
scaffold8387_2_TIGR00914:3:711:+	180	9.0	17.9336158192	20.7401150624
scaffold39745_1_TIGR02627:2:260:-	16	4.0	4.31395348837	1.10945507862
scaffold10452_1_TIGR00005:820:1756:+	115	9.0	9.86645299145	3.75509719449
scaffold6796_4_TIGR03906:60:1386:-	423	31.0	32.1907993967	7.35773711405
scaffold19799_2_TIGR02195:256:1336:+	1294	94.0	97.9462962963	27.2789581978
C483090_1_TIGR00087:2:530:-	44	6.0	7.08522727273	2.87530129275
scaffold11265_1_TIGR01316:237:372:+	15	7.0	6.97777777778	2.4418167695
scaffold15875_1_TIGR00741:80:374:-	41	9.0	8.90136054422	3.1602007685
scaffold1258_11_TIGR00914:5:1340:-	179	12.0	11.8209737828	3.70809547955
scaffold39197_1_TIGR03131:6240:7158:-	133	11.0	11.2309368192	3.61777284887
scaffold25725_6_TIGR00914:847:1048:+	19	7.0	7.04975124378	2.00435159372
C528892_1_TIGR02712:14264:15242:-	694	57.0	57.7832310838	8.94416016248
scaffold38641_3_TIGR00152:1577:2141:-	64	10.0	9.19326241135	2.22012650475
scaffold12185_3_TIGR03992:498:879:+	236	44.0	39.8005249344	15.4881073583
scaffold36769_1_TIGR01981:174:1026:+	262	12.0	23.4330985915	28.4927959477
scaffold3213_9_TIGR00914:377:2219:+	243	10.0	11.0743756786	3.8447625396
scaffold37065_1_TIGR03992:5549:6239:-	1130	238.0	237.14057971	9.08361829906
scaffold43422_1_TIGR02621:5527:5989:+	417	69.0	69.3744588745	7.01671143954
scaffold43035_1_TIGR01900:921:2022:-	229	89.0	88.1662125341	3.81552151825
scaffold23615_3_TIGR00092:3:687:-	141	12.0	14.7207602339	6.33721778438
scaffold23615_2_TIGR00092:1880:2075:-	24	8.0	8.47692307692	2.33440944473
scaffold32878_1_TIGR02214:179:791:+	41	6.0	5.66013071895	1.72889098419
scaffold19163_1_TIGR00005:1592:2282:-	124	15.0	14.5420289855	4.07418190586
scaffold37500_1_TIGR01020:3:441:-	34	6.0	6.46347031963	2.11588659543
scaffold14279_5_TIGR02712:620:944:+	45	8.0	8.34567901235	2.41860327935
scaffold16485_1_TIGR03992:437:848:-	1906	223.0	341.097323601	266.022501047
scaffold7794_6_TIGR01316:900:1704:+	116	11.0	11.052238806	3.08176428481
scaffold7794_7_TIGR01316:110:497:+	32	6.0	6.0826873385	2.27067247786
scaffold44736_1_TIGR00880:21366:21693:+	261	1560.0	1560.08868502	4.07664645058
scaffold44736_1_TIGR00914:50168:53372:-	2675	1564.0	1573.29088639	40.6392002701
scaffold33937_2_TIGR02214:262:1198:+	193	15.0	15.719017094	4.65005071838
scaffold29572_1_TIGR00005:5:317:+	47	11.0	10.5224358974	3.18743675086
scaffold44876_1_TIGR00914:169:1195:+	118	10.0	9.53996101365	2.64959108957
scaffold16617_5_TIGR01800:18:993:+	122	10.0	10.4441025641	3.43088589737
scaffold7609_4_TIGR00342:1:844:-	69	6.0	6.43060498221	1.94914294864
scaffold1449_3_TIGR03131:394:922:+	55	6.0	6.85227272727	2.47046081792
scaffold2822_10_TIGR00698:19434:19749:+	72	15.0	15.4984126984	4.07109407952
scaffold8338_7_TIGR01800:964:1909:-	165	18.0	17.6507936508	3.95781484053
scaffold16158_8_TIGR02627:787:1024:+	15	5.0	4.93670886076	1.61225610841
scaffold1019_1_TIGR03992:14986:15742:-	4624	486.5	483.01984127	70.4184272569
scaffold15551_3_TIGR00152:2359:2929:+	68	10.0	9.29824561404	1.92093647009
scaffold39132_10_TIGR00342:1148:2270:+	188	13.0	13.4465240642	5.10995772522
scaffold9820_9_TIGR02214:54:1116:+	122	10.0	9.90489642185	3.54303573254
scaffold19199_1_TIGR00092:1:481:-	367	61.0	56.5895833333	22.7410306456
scaffold40343_1_TIGR00880:255:657:-	2501	435.0	443.094527363	34.6173973445
scaffold6709_19_TIGR01800:28:619:+	71	10.0	9.46610169492	3.42444404343
scaffold45242_1_TIGR01981:522:1014:-	40	6.0	6.11382113821	1.62777344078
scaffold4893_17_TIGR02712:2479:2806:-	79	15.0	14.3333333333	3.01406827118
scaffold24108_3_TIGR03992:717:1755:-	186	12.0	14.5818882466	11.4021150177
scaffold11501_17_TIGR00914:59:767:+	109	13.0	12.4971751412	4.69838810415
scaffold41790_1_TIGR02627:598:1963:-	763	50.0	49.0952380952	7.38157388379
scaffold32551_3_TIGR01981:45:720:-	47	5.0	5.79555555556	2.05544864587
scaffold42696_1_TIGR02195:74:1088:-	158	12.0	12.4112426036	3.44519100479
scaffold42696_2_TIGR00914:3815:6467:-	491	15.0	15.967571644	4.36672989782
scaffold17164_3_TIGR00914:32:2663:-	1268	24.0	36.5887495249	27.8098488947
scaffold14624_3_TIGR01981:5:392:+	37	6.0	7.21963824289	2.94582029891
scaffold43323_2_TIGR01316:2:602:-	51	7.0	7.245	1.9920613277
scaffold28663_3_TIGR03992:1850:2966:-	288	20.0	20.4005376344	2.59755186601
scaffold6327_6_TIGR01900:5647:6676:+	152	12.0	12.2711370262	2.88310530166
scaffold14224_3_TIGR02214:3:771:+	104	10.0	10.8580729167	2.75556490633
scaffold14224_2_TIGR02214:922:1153:+	32	13.0	11.5541125541	4.16492964299
scaffold14224_4_TIGR02214:6:705:+	122	13.0	13.3147353362	3.00232580946
scaffold43789_1_TIGR02214:2890:4177:+	897	55.0	54.7715617716	8.78345371577
scaffold24394_2_TIGR01900:3018:4047:-	3760	212.0	275.703595724	186.683500725
scaffold17174_2_TIGR02712:7132:7498:+	77	15.0	15.412568306	3.32842624564
scaffold44537_1_TIGR02214:73:1333:+	583	34.0	37.2722222222	9.65375277707
C482952_1_TIGR00005:5:530:+	3670	616.0	613.811068702	56.6026780279
scaffold45363_2_TIGR00005:135:783:-	59	8.0	8.25154320988	2.32272670517
scaffold7942_3_TIGR00880:7705:8029:+	87	18.0	17.8333333333	2.57660413896
scaffold44994_2_TIGR01800:776:1196:-	95	15.0	16.380952381	7.81467600082
scaffold29559_13_TIGR03906:5027:6380:-	262	15.0	15.0643015521	3.13002362095
scaffold45452_1_TIGR00005:313:1162:+	169	16.0	15.7455830389	4.16121611975
scaffold3198_17_TIGR00914:5:659:+	51	7.0	6.79663608563	2.72207888474
scaffold4896_9_TIGR00698:205:907:-	70	12.0	12.2122507123	2.67929027147
scaffold9031_4_TIGR00914:12:726:-	50	5.0	5.4943977591	1.29016837708
scaffold9031_3_TIGR00914:12:1965:-	175	7.0	7.67281105991	2.46843112332
scaffold21199_4_TIGR00005:2835:3789:+	94	8.0	7.99161425577	1.82169919587
scaffold9475_24_TIGR00087:1349:1760:+	49	10.0	9.62287104623	3.14164593841
scaffold6630_40_TIGR02195:12:1032:+	129	10.0	10.4137254902	3.18011712744
scaffold12000_7_TIGR00914:727:2971:-	251	9.0	9.60249554367	2.6406450443
scaffold5373_3_TIGR00087:2:224:-	30	9.0	9.44144144144	2.03874490928
scaffold5373_2_TIGR00087:303:720:-	34	6.0	6.64988009592	2.85159827035
scaffold23400_1_TIGR00914:89:806:+	73	7.0	7.55648535565	2.3211363852
scaffold26214_4_TIGR01981:839:1586:-	69	7.0	7.02677376171	2.17613455761
scaffold7816_2_TIGR00092:532:673:+	14	7.5	6.85714285714	2.11650462715
scaffold45239_1_TIGR00914:21:507:+	39	6.0	6.17283950617	1.5736261769
scaffold38036_1_TIGR02214:5:917:+	408	32.0	33.6578947368	10.9039498295
scaffold9190_6_TIGR02214:10556:10772:-	40	12.0	12.3518518519	3.06054586881
scaffold8486_30_TIGR02712:3176:3974:+	191	17.0	17.0501253133	6.92404142162
scaffold11053_42_TIGR02214:10154:11285:-	148	10.0	10.8974358974	2.92585996851
scaffold11053_42_TIGR00005:25:907:-	138	13.0	12.6859410431	2.92692669047
scaffold24420_3_TIGR03992:3697:4507:-	804	89.0	87.3037037037	11.8930049411
scaffold45031_4_TIGR00741:1824:2118:-	77	17.0	18.1088435374	2.9775332248
scaffold45031_4_TIGR01800:8444:9665:-	242	15.0	15.9901719902	5.85715030681
scaffold21633_1_TIGR02214:16856:17060:-	623	329.0	388.671568627	119.539742245
C516484_1_TIGR02627:1047:1350:+	580	135.0	133.927392739	9.91621711385
scaffold9086_3_TIGR00152:402:951:-	43	6.0	6.29508196721	2.30157810805
C519236_1_TIGR01900:573:1602:+	7121	575.0	560.214771623	74.5385123972
scaffold11850_1_TIGR00741:126:420:-	45	13.0	12.9455782313	2.43774824426
scaffold43_2_TIGR02252:6367:6952:+	469	60.0	59.4957264957	13.384660139
scaffold2252_5_TIGR01316:130:607:+	72	12.0	12.4507337526	4.37739865199
scaffold2252_6_TIGR01316:3:693:+	151	26.0	27.5666666667	3.79538876077
scaffold2252_7_TIGR03992:7643:8741:-	221	25.0	24.8488160291	4.27375003945
scaffold9406_1_TIGR00005:241:1021:-	423	32.0	36.9538461538	13.9191041223
scaffold45261_2_2_TIGR02252:413:704:-	48	9.0	9.84192439863	3.33920197595
scaffold22846_17_TIGR02712:1854:3192:-	209	13.0	13.2227204783	3.54278032758
scaffold22846_17_TIGR03131:6387:7314:-	157	14.0	13.6806903991	3.55743206993
scaffold7267_18_TIGR02627:875:2252:-	168	10.0	9.86782861293	2.83355052449
scaffold44650_1_TIGR02712:4460:4601:+	27	15.0	13.3475177305	4.85679434248
scaffold9820_38_TIGR00005:3:420:+	55	10.0	10.1342925659	1.67108260283
scaffold9820_35_TIGR02214:1476:1956:+	60	10.0	9.45	2.98007270605
scaffold9820_36_TIGR02214:419:1412:+	145	11.0	11.8036253776	3.5915177778
scaffold9820_37_TIGR00005:503:932:+	43	8.0	7.88111888112	2.16075240658
scaffold8250_6_TIGR03131:2644:2923:+	43	11.0	10.9426523297	2.81514238661
scaffold8250_7_TIGR03131:3:603:+	78	10.0	10.56	3.94753931794
scaffold45498_1_TIGR03992:14648:15017:+	287	113.0	111.048780488	15.6915666121
scaffold6708_3_TIGR01800:4903:6121:-	311	19.0	19.9802955665	5.37138980936
scaffold7890_3_TIGR02712:795:1095:+	31	7.0	6.78	1.69064090411
scaffold35270_1_TIGR00914:116:515:-	31	6.0	5.59899749373	2.1601538508
scaffold20415_1_TIGR00914:5:2159:+	337	17.0	17.7288765088	3.53478955213
scaffold29774_2_TIGR01800:486:1437:-	153	9.0	11.9169295478	7.91519439081
scaffold34772_2_TIGR00005:4:349:+	34	8.0	7.28695652174	2.46869754098
scaffold13933_2_TIGR00914:5:512:+	45	7.0	7.34516765286	1.96848726987
scaffold9335_1_TIGR01957:685:1078:+	50	8.0	8.49872773537	3.16157325633
scaffold26739_3_TIGR00914:1291:3007:-	1647	81.0	79.1858974359	21.0110651656
scaffold26739_4_TIGR00914:6:837:-	763	71.0	69.8880866426	14.9793516951
scaffold19479_2_TIGR03992:3:426:-	78	17.0	16.6193853428	2.41631620848
scaffold32464_26_TIGR02712:769:1471:-	602	12.0	48.5199430199	105.863867463
scaffold17908_9_TIGR00005:1553:2228:-	81	9.0	9.33777777778	2.60056594031
scaffold20587_1_TIGR00914:5:1271:+	111	7.0	7.36018957346	2.30696341905
C484228_1_TIGR03992:8:305:-	16	4.0	4.12794612795	1.03659967164
scaffold26586_3_TIGR00342:645:1758:+	549	33.0	37.2291105121	17.8710207986
scaffold11292_1_TIGR01316:641:743:+	604	341.0	342.702970297	57.9702116325
scaffold22254_4_TIGR01900:1:721:-	58	6.5	6.51666666667	2.28333333333
scaffold26791_10_TIGR01316:586:700:-	41	22.5	21.6842105263	2.89074685145
scaffold29654_2_TIGR00741:35:329:-	26	6.0	5.86394557823	1.48754217128
scaffold10640_7_TIGR02214:4396:4768:+	31	6.0	6.37365591398	2.32856376656
scaffold10640_9_TIGR02214:5:1013:+	114	9.0	9.48611111111	3.73313742518
scaffold7893_3_TIGR02627:752:1691:+	95	12.0	12.7902023429	2.00894428682
scaffold5751_3_TIGR00152:5594:6161:+	87	12.0	11.8306878307	2.99669012937
scaffold32286_4_TIGR00342:422:1544:-	167	11.0	11.4518716578	3.89385697803
scaffold19784_1_TIGR02195:1077:2139:+	7048	565.0	552.27212806	69.8828880107
scaffold3213_10_TIGR00914:36:1077:+	143	10.0	10.9836695485	3.84531882062
scaffold44839_8_TIGR01800:4:760:-	143	15.0	15.1203703704	5.36844177193
scaffold30714_1_TIGR03992:3:414:-	69	15.0	13.9805352798	4.63296247765
scaffold26091_1_TIGR00880:1741:2149:-	379	72.0	69.0931372549	9.75489580254
scaffold36265_2_TIGR02712:8025:8475:-	1609	167.0	235.626666667	185.675303689
scaffold42021_1_TIGR02252:988:1282:+	69	14.0	14.231292517	6.54816589288
scaffold43306_2_TIGR01800:5:395:-	39	7.0	7.48974358974	1.75225786532
scaffold23054_1_TIGR02712:13822:15163:+	1285	88.0	87.1565995526	10.6530643869
scaffold23054_1_TIGR00880:26101:26518:+	412	80.0	78.6211031175	9.97792939653
scaffold23054_1_TIGR00914:17296:20362:+	2689	85.0	82.3072407045	15.5061019411
scaffold30857_1_TIGR00092:6010:6832:-	6744	690.0	668.4756691	68.2573045687
scaffold41017_1_TIGR03992:11:485:-	176	12.0	24.835443038	24.9900893671
scaffold19319_7_TIGR01900:1:598:-	93	12.0	12.8626465662	4.90832830993
C489160_1_TIGR01020:164:587:+	156	25.0	24.317535545	6.47478708994
scaffold10641_2_TIGR01316:4:523:+	39	6.0	6.26011560694	2.36133122421
C526120_1_TIGR00880:196:610:-	257	66.0	68.1304347826	7.51439142945
scaffold23006_3_TIGR01981:304:727:-	246	5.0	46.1323877069	67.2636143915
scaffold174_1_TIGR01316:662:1619:+	318	27.0	27.4169278997	5.34539966357
scaffold43207_5_TIGR00087:4144:4858:-	129	14.0	14.3655462185	2.23406038909
scaffold6834_1_TIGR01020:29965:30202:+	165	46.0	48.9367088608	12.7517766832
scaffold6834_1_TIGR01981:9258:10029:-	435	46.0	46.1284046693	5.67999743539
scaffold33384_2_TIGR02627:44:536:+	48	6.0	6.71283095723	2.34694808324
scaffold36495_2_TIGR00914:1:553:-	48	7.0	7.09057971014	2.52289193623
scaffold45353_1_TIGR00005:9444:10296:+	1586	231.0	278.868544601	92.3654793768
C493218_1_TIGR01316:103:616:-	403	107.0	109.927875244	9.84839577718
scaffold16195_21_TIGR00880:417:834:-	62	12.0	12.3669064748	2.78436165155
scaffold24966_5_TIGR02214:94:1147:+	124	9.0	9.42355175689	2.50073036177
scaffold43301_1_TIGR00090:18315:18615:+	1173	267.0	379.11	153.778730324
scaffold43301_1_TIGR00087:23423:24134:-	1896	272.0	358.032348805	138.992235139
scaffold42192_1_TIGR01981:2:473:-	3998	655.0	614.636942675	125.052676096
scaffold2125_4_TIGR01962:314:617:+	33	8.0	7.73509933775	2.74935750894
scaffold2125_3_TIGR01957:4:349:+	33	6.0	7.35942028986	4.46870985631
scaffold20570_2_TIGR03992:7:436:+	22	4.0	3.88111888112	0.944789493132
scaffold11930_1_TIGR00092:3110:3932:-	6954	1127.0	1117.6107056	51.640854856
scaffold16893_1_TIGR03906:294:1674:+	252	14.0	14.618115942	3.66097190523
scaffold8235_15_TIGR02252:221:851:-	71	9.0	8.8873015873	2.02484505098
scaffold5577_1_TIGR03992:19484:20576:-	269	71.0	73.804029304	9.56250223353
scaffold29371_1_TIGR03992:9:705:+	29	4.0	3.65373563218	0.940431460771
scaffold20228_18_TIGR00741:4171:4465:-	40	10.0	9.89455782313	2.12990633478
scaffold20228_16_TIGR00090:571:865:-	39	9.0	10.0238095238	2.27589657397
scaffold20228_16_TIGR00092:4940:5372:-	74	13.0	12.6666666667	1.88807171866
scaffold4227_2_TIGR01962:195:432:-	34	11.0	10.7594936709	2.43851924637
scaffold13494_5_TIGR00092:21:873:+	125	11.0	12.0199764982	5.27244353872
scaffold41211_2_TIGR03906:5:500:+	82	8.0	10.3191919192	8.41758232964
scaffold18668_12_TIGR00005:3:405:+	32	6.0	5.85323383085	1.84224932546
scaffold13465_3_TIGR03992:338:1163:+	125	17.0	16.9866666667	2.96256509113
scaffold41802_1_TIGR03906:2677:2977:+	344	85.0	81.9033333333	10.0036987604
scaffold9820_47_TIGR00090:2:167:-	28	11.0	11.0363636364	2.23712724091
scaffold9820_47_TIGR00092:2740:3130:-	39	8.0	7.2358974359	1.70240963155
scaffold12252_3_TIGR02252:3:228:+	20	5.0	5.03555555556	1.37552504005
scaffold41715_2_TIGR03992:9690:10530:+	561	59.5	55.9857142857	14.6545063998
scaffold774_1_TIGR01316:4408:5743:+	358	27.0	27.4164794007	4.84365583393
scaffold11053_38_TIGR00092:1822:2266:+	72	13.0	14.1171171171	4.00053766373
scaffold11053_39_TIGR00090:971:1265:+	39	10.0	9.97619047619	2.18438594349
scaffold11053_32_TIGR00152:11005:11635:+	99	11.0	11.7412698413	2.56682961268
scaffold10685_2_TIGR00092:4:664:+	47	6.0	5.77424242424	1.65939114483
scaffold39334_1_TIGR03906:5362:6343:+	170	14.0	13.9734964322	3.07952875567
scaffold9600_4_TIGR01900:100:769:-	97	11.0	11.1315396114	3.36837142106
scaffold28299_1_TIGR00914:1:823:-	321	12.0	26.2639902676	27.6734897805
scaffold35497_2_TIGR01981:1995:2814:-	281	27.0	26.5982905983	4.48887345198
scaffold29570_8_TIGR00880:262:673:+	52	9.0	9.42335766423	2.51048204792
scaffold21056_1_TIGR00914:3:774:+	62	7.0	6.98702983139	2.61638811499
C480628_1_TIGR00092:3:510:-	54	8.0	7.57790927022	2.86916291383
C491520_1_TIGR00914:2:602:-	52	8.0	7.52166666667	2.33870275058
scaffold15908_1_TIGR00090:2:227:-	133	51.0	44.1422222222	16.8366595907
scaffold30645_2_TIGR02214:3:474:-	98	10.0	13.991507431	12.6400406848
C513486_1_TIGR00914:3:1170:+	518	35.0	36.7804459691	10.228763893
scaffold19184_1_TIGR03992:18209:18803:+	301	39.0	37.3686868687	7.39599691249
scaffold23810_1_TIGR01800:238:715:+	45	7.0	7.46331236897	2.15568477957
scaffold45236_1_TIGR00880:20962:21382:+	334	60.5	59.8928571429	5.99725702607
scaffold19324_1_TIGR01800:7169:8348:-	6239	425.0	435.847328244	50.7618674968
scaffold11085_1_TIGR01981:107:881:-	129	14.0	12.9689922481	4.22482753711
scaffold36355_1_TIGR01316:2:599:-	3827	508.0	492.113902848	66.7840873961
scaffold35251_3_TIGR01981:1709:2525:-	171	20.0	21.1176470588	3.26010981905
scaffold35251_8_TIGR00005:7516:8452:-	192	16.0	16.3354700855	3.38433141669
scaffold35251_8_TIGR00914:8708:9095:-	96	17.0	17.9328165375	3.25657880356
scaffold30148_2_TIGR03906:2305:3601:-	141	8.0	8.94058641975	3.59015555931
scaffold27925_3_TIGR00880:2199:2631:+	102	18.0	17.9351851852	3.84062868153
scaffold31749_1_TIGR03992:1990:2743:+	1862	137.0	188.495351926	124.478525718
scaffold44989_1_TIGR01981:3:345:-	29	7.0	6.21637426901	2.03333930406
scaffold10901_3_TIGR00880:661:1090:+	51	8.0	8.71328671329	2.36413285637
scaffold30297_2_TIGR01316:73:511:+	25	4.0	4.46803652968	1.60837740594
scaffold14136_2_TIGR03992:133:661:+	95	11.0	11.5454545455	3.29511492503
scaffold30045_1_TIGR00914:670:1789:+	427	31.0	31.4624329159	6.16034422336
scaffold6245_5_TIGR00005:2810:3755:+	365	18.0	28.8126984127	20.2810894696
scaffold9723_1_TIGR03131:3:387:+	25	5.0	4.93229166667	1.71409565513
scaffold16983_12_TIGR03992:791:1367:+	74	10.0	10.1614583333	2.17625457711
scaffold9672_9_TIGR03992:992:1601:-	84	10.0	9.70443349754	3.01686502797
scaffold18264_17_TIGR00880:291:627:-	62	12.0	12.4851190476	2.23734908725
scaffold8782_5_TIGR01316:5:140:+	23	10.0	9.92592592593	1.53299334216
scaffold36773_2_TIGR00092:6942:8040:-	570	47.0	43.7204007286	13.0142545859
scaffold27887_1_TIGR00005:115:409:-	70	12.0	14.806122449	7.33316689196
scaffold12035_12_TIGR00914:1638:4407:+	438	13.0	13.6085229325	3.83496858642
scaffold40942_2_TIGR01800:4:184:+	61	23.0	23.5166666667	4.87450852223
scaffold34466_2_TIGR00914:3:909:+	587	23.0	37.3587196468	34.2483530503
scaffold42732_1_TIGR00914:16840:19975:-	2448	66.0	68.404784689	13.7540404761
scaffold1540_6_TIGR00005:4845:5781:+	139	11.0	11.8675213675	3.96533761531
scaffold27839_1_TIGR02627:973:2377:-	6342	413.0	407.53988604	43.8510880683
scaffold17222_14_TIGR00914:20:863:+	92	8.0	9.0118623962	3.1131072873
scaffold7069_6_TIGR00698:1110:2106:+	195	20.0	20.8514056225	4.92758891978
scaffold43804_1_TIGR00342:407:1523:+	919	66.0	64.9498207885	8.79990580982
C528918_1_TIGR01316:18562:18805:+	281	76.0	77.8683127572	5.26100101892
scaffold44503_1_TIGR00005:1546:1951:+	357	113.0	111.802469136	7.25347043901
scaffold25648_1_TIGR01316:2500:3475:-	492	40.0	40.8338461538	10.680299769
scaffold44722_1_TIGR00090:25986:26280:-	108	145.0	145.051020408	3.30338658112
scaffold44722_1_TIGR02214:34499:35513:-	501	160.0	160.021696252	5.03337212935
scaffold44722_4_TIGR00880:11027:11450:+	174	30.0	29.9125295508	4.1683723015
scaffold24269_2_TIGR03906:4:580:+	54	7.0	7.93055555556	2.46194022904
scaffold41714_1_TIGR02712:1:238:-	16	4.0	4.36708860759	1.85675104287
scaffold22846_5_TIGR02627:2816:3950:-	155	12.0	11.5388007055	3.18918376616
scaffold39339_6_TIGR01316:6104:7439:-	281	16.0	17.1573033708	6.73728327938
scaffold39339_6_TIGR02712:1462:1771:-	55	13.0	12.9190938511	2.74656440073
scaffold45189_1_TIGR01316:4914:6321:+	253	15.0	14.5159914712	2.9438466768
scaffold34462_1_TIGR03992:14794:15415:+	1420	305.0	305.175523349	18.7350312963
scaffold40869_1_TIGR00914:36:876:+	79	8.0	8.02261904762	1.77836543398
scaffold23490_1_TIGR00342:560:857:-	32	8.0	8.00673400673	1.94882899484
scaffold72_12_TIGR01981:831:1395:-	73	11.0	10.5070921986	2.7647001143
scaffold72_13_TIGR01981:328:508:-	35	13.0	12.5833333333	2.8418988175
scaffold72_14_TIGR01981:3:615:-	125	15.0	15.8104575163	5.16366343327
scaffold2365_2_TIGR03906:296:1139:+	393	30.0	37.0154211151	21.5876046198
scaffold3040_6_TIGR03906:236:1583:+	215	11.0	11.3414996288	3.82688785488
scaffold20936_4_TIGR02621:3138:3942:+	112	11.0	10.7475124378	2.46914920411
scaffold41179_1_TIGR00005:242:842:+	35	5.0	4.635	1.13068194762
scaffold22574_1_TIGR01316:1364:2588:-	752	37.5	42.7826797386	20.6625982873
scaffold12309_9_TIGR00005:5:803:+	83	8.0	8.27694235589	2.09660058409
scaffold12538_2_TIGR00880:402:807:-	46	8.0	8.51111111111	2.35135894514
scaffold33790_3_TIGR01316:28:496:-	105	17.0	19.1303418803	8.3929978377
scaffold10448_1_TIGR00914:747:1440:+	58	7.0	7.13564213564	2.28276990529
scaffold10448_4_TIGR00914:3:777:+	44	5.0	4.82428940568	1.77918751569
scaffold39004_6_TIGR03992:64:838:+	147	9.0	13.2144702842	14.1441635196
scaffold21618_4_TIGR01800:286:499:-	41	10.0	12.2957746479	7.36517825249
scaffold21618_5_TIGR01800:2:953:-	105	9.0	8.73080967403	3.16079547757
scaffold26512_9_TIGR00914:2882:5702:-	437	19.0	19.4017730496	5.13636013514
scaffold15947_4_TIGR02252:23:608:+	420	57.0	53.1299145299	19.7558657954
scaffold8093_6_TIGR02627:594:1077:+	39	7.0	6.59420289855	1.74838805863
scaffold12099_12_TIGR03992:67:895:+	159	11.0	13.9710144928	7.16921966221
scaffold44107_3_TIGR01800:169:1387:+	844	84.0	85.0205254516	9.75868468686
scaffold43258_1_TIGR00914:1:562:-	46	9.0	9.10338680927	2.92570011277
scaffold25806_1_TIGR00005:2584:3250:+	4877	674.5	672.8003003	62.7465998737
scaffold7936_2_TIGR00005:11053:11704:+	2135	177.0	241.533026114	185.291359556
scaffold7936_2_TIGR02252:49155:49524:+	340	71.0	67.539295393	9.55538415979
scaffold7936_2_TIGR03992:45196:45874:+	633	79.0	78.6209439528	7.44988988415
scaffold1542_1_TIGR00005:102:984:-	96	9.0	8.35034013605	2.78698483397
scaffold2578_7_TIGR00090:804:912:+	12	5.0	5.10185185185	0.942217781844
scaffold6709_20_TIGR01800:3:522:+	60	7.0	7.97302504817	3.42427645921
scaffold3450_1_TIGR03131:2564:3434:-	4697	3061.5	3045.32528736	96.9177927728
scaffold6761_1_TIGR00005:230:668:-	28	5.0	5.1301369863	1.7132189467
scaffold42755_2_TIGR00914:5:1265:-	132	12.0	11.6952380952	2.49204630466
scaffold19189_1_TIGR00090:1298:1592:+	205	37.0	43.4897959184	17.7284380283
C524778_1_TIGR03906:1243:2302:-	1054	79.0	80.8630783758	9.77987886231
scaffold38708_13_TIGR00005:4:256:+	32	9.0	8.92857142857	1.94029359351
scaffold33967_1_TIGR03906:3489:3717:-	1311	356.0	363.429824561	24.2463487207
scaffold1604_9_TIGR00092:2952:3330:+	49	14.0	14.1507936508	2.21012865741
scaffold42359_2_TIGR02712:2028:2388:-	112	23.0	23.4527777778	3.61754874889
scaffold27250_4_TIGR03992:20:665:-	46	6.0	5.92713178295	1.70160671624
C526662_1_TIGR03906:125:389:-	1367	448.0	469.651515152	50.0246885788
scaffold65_1_TIGR01020:5834:6401:+	198	24.0	24.0299823633	6.33270538516
scaffold36530_1_TIGR03992:9562:10378:-	126	103.0	102.941176471	2.87167891527
scaffold10452_13_TIGR00092:304:508:+	28	9.0	8.98039215686	2.61023773298
scaffold23273_16_TIGR02627:4:721:+	120	13.0	13.129707113	2.57954004271
scaffold23273_15_TIGR02627:94:754:+	109	13.0	13.0848484848	3.45166812655
scaffold13186_4_TIGR00092:2:578:-	456	57.5	57.5590277778	18.3681484323
C528882_1_TIGR02214:6660:8391:-	1411	110.0	110.588677065	13.5785184373
C528882_1_TIGR01316:172:1471:-	1032	109.0	107.36643572	12.1732292697
scaffold26247_8_TIGR00698:4:481:-	61	21.0	21.8972746331	2.87910365485
scaffold28857_2_TIGR03992:4:556:+	44	6.0	6.08876811594	1.63557061483
scaffold28857_3_TIGR03992:5:377:+	32	7.0	6.49731182796	1.8146634747
scaffold31063_6_TIGR00880:102:510:-	46	8.0	8.20588235294	1.93060102038
scaffold26512_4_TIGR00092:936:1218:-	113	31.0	35.8085106383	12.8903806532
scaffold31467_8_TIGR03992:12:840:+	61	6.0	6.06642512077	1.38720282031
scaffold30751_1_TIGR00880:5480:5894:+	417	77.0	79.1400966184	13.9796154561
scaffold13724_9_TIGR00092:9441:10536:+	167	13.0	12.4155251142	2.75944804107
scaffold13724_1_TIGR01316:12067:12586:+	118	45.0	43.7572254335	3.65291089476
scaffold26484_3_TIGR03131:864:1767:-	193	16.0	16.634551495	3.56235422944
scaffold20881_6_TIGR03992:340:892:-	53	7.0	7.47826086957	1.94663362826
scaffold10452_14_TIGR00090:1266:1560:+	48	10.0	11.2108843537	3.25708289944
scaffold13186_3_TIGR00092:4517:5027:-	489	77.0	70.8921568627	23.619494633
scaffold4746_1_TIGR01800:387:1542:-	690	15.0	31.2995670996	75.6738636266
scaffold3222_1_TIGR03131:313:1144:+	72	7.0	7.21445783133	2.4685556252
scaffold31642_2_TIGR01020:354:552:+	40	13.0	16.2929292929	10.4211832877
scaffold28133_6_TIGR03131:746:1622:+	111	9.0	9.84589041096	2.71436967747
scaffold37476_2_TIGR00880:2844:3261:+	76	13.0	12.9976019185	4.69782275248
scaffold44832_2_TIGR00880:107:527:-	49	8.0	8.75952380952	2.99948880754
scaffold12257_4_TIGR02712:2619:2946:-	160	20.0	27.3853211009	13.0002881103
scaffold23850_1_TIGR01962:2:269:-	1968	552.0	554.674157303	57.1610724931
scaffold39014_3_TIGR03992:89:908:-	122	12.0	12.3846153846	3.43362781088
scaffold15951_9_TIGR00698:143:1148:-	81	7.0	6.92835820896	2.08019368383
C499106_1_TIGR00880:130:547:+	2912	564.0	556.625899281	37.8941362778
scaffold11053_58_TIGR02214:1060:2287:-	182	12.0	12.4074979625	2.54418989381
scaffold11053_51_TIGR00005:1161:2115:-	115	9.0	9.49056603774	3.3606451996
scaffold35354_1_TIGR01020:167:653:+	3705	570.0	543.79218107	116.177758741
scaffold3724_2_TIGR03992:14623:15373:-	1766	94.5	144.408	105.046993623
scaffold34527_4_TIGR00914:3:345:+	26	5.0	5.18128654971	1.18563555873
scaffold106_2_TIGR03992:1534:1786:+	325	116.0	118.988095238	8.12329696089
scaffold42101_1_TIGR00005:6339:7287:+	657	54.0	54.4757383966	12.1602538725
C506224_1_TIGR00005:200:881:+	4734	590.0	593.725403818	63.5284302852
scaffold18571_14_TIGR01800:5580:6774:+	262	15.0	16.3040201005	6.09064971818
scaffold18571_15_TIGR00880:766:1186:+	71	14.0	13.7380952381	2.96936359872
scaffold27377_12_TIGR01316:5:356:-	366	8.0	38.5954415954	95.5171044587
scaffold31671_1_TIGR02627:85:541:+	58	9.0	9.14285714286	2.72623166468
scaffold31539_3_TIGR01981:1073:1838:+	148	17.0	16.2588235294	4.24676007857
scaffold2894_9_TIGR02214:2776:3505:-	85	8.0	8.27983539095	2.63690011615
scaffold36411_1_TIGR02214:133:874:-	57	6.0	6.0701754386	1.49056903751
scaffold44228_1_TIGR00092:2705:3839:-	1165	82.0	80.4100529101	14.4301616014
scaffold9257_32_TIGR03992:3773:4859:-	128	10.0	9.73388581952	2.84240660778
scaffold44615_2_TIGR00880:12188:12356:-	51	25.0	23.7202380952	6.0846465594
scaffold44273_1_TIGR00741:371:512:+	23	8.0	7.86524822695	0.860643484776
scaffold36204_1_TIGR00005:2801:3740:-	3628	197.0	262.98828541	178.00109748
scaffold44791_1_TIGR00914:89:1802:-	171	8.0	8.05078809107	2.46736805116
scaffold44791_2_TIGR00914:1:1084:-	176	12.0	12.9067405355	5.15409641688
scaffold1012_3_TIGR02214:2:1679:-	524	21.0	24.6213476446	13.184950035
scaffold1012_2_TIGR02214:1463:1652:-	59	16.0	16.4973544974	3.30723807567
scaffold38975_6_TIGR00914:85:784:+	91	9.0	10.3290414878	3.43513789079
scaffold38975_3_TIGR00914:1312:2530:+	142	9.0	9.65160230074	3.13150284795
scaffold45192_1_TIGR02214:4567:4783:+	1752	482.5	486.555555556	31.6632551769
scaffold11226_1_TIGR00342:1:607:-	71	8.0	8.48184818482	3.73709006163
scaffold1258_13_TIGR00914:3:987:-	131	11.0	10.831300813	2.33913244266
scaffold1258_10_TIGR00914:949:1357:-	39	7.0	7.08578431373	2.05201810577
scaffold25838_2_TIGR02712:2124:2373:-	131	45.0	40.6787148594	10.9922019071
scaffold1916_4_TIGR00152:28:589:-	42	6.0	5.83422459893	2.34219715232
scaffold31644_7_TIGR00152:3428:3989:-	101	14.0	14.0267379679	2.15719123616
scaffold1498_1_TIGR00005:8:578:+	47	6.0	6.32807017544	1.82076274609
scaffold16188_5_TIGR03992:20487:20751:+	139	32.0	31.7272727273	13.4753371291
scaffold38425_3_TIGR01316:1164:2409:-	923	58.0	58.59437751	20.5191684434
scaffold35934_1_TIGR02214:2543:4331:+	10443	666.0	668.053691275	60.540531497
scaffold15153_2_TIGR00914:5:1331:+	105	6.0	6.82339622642	2.62019367237
scaffold22330_1_TIGR00914:2:776:-	289	31.0	30.0904392765	7.28416118711
scaffold12185_4_TIGR03992:8:434:+	366	86.0	87.4624413146	15.4281538775
scaffold2347_3_TIGR03992:2170:2494:+	38	7.0	7.68209876543	1.46381896611
scaffold35390_3_TIGR02214:160:1174:-	81	6.0	6.81656804734	2.79579171937
C485568_1_TIGR00914:3:552:-	36	5.0	5.79963570128	2.14754484597
scaffold38353_1_TIGR03992:20:617:-	421	66.0	68.405360134	10.7410437817
scaffold41463_2_TIGR00005:221:1100:-	121	11.0	11.4857792947	2.86550474664
scaffold45500_2_TIGR00880:589:1015:-	264	48.0	51.6431924883	8.17699814897
scaffold33260_1_TIGR03992:1455:1836:+	476	142.0	142.732283465	8.66444948119
scaffold12381_1_TIGR00880:6954:7374:+	79	60.0	60.0952380952	3.06679236655
scaffold29319_2_TIGR01800:5:554:+	37	5.0	4.93806921676	2.28637141962
scaffold34364_1_TIGR00005:453:1305:-	4030	378.0	381.792253521	43.4208338615
scaffold23210_4_TIGR00914:6:552:+	66	10.0	9.5293040293	3.38928259547
scaffold23210_5_TIGR00914:5:203:+	32	10.0	9.84343434343	3.36811134968
scaffold6802_2_TIGR01316:1108:1885:+	81	8.0	8.19691119691	3.48795917195
scaffold3957_2_TIGR00090:39:333:+	102	18.0	21.8537414966	8.93908160153
scaffold38260_1_TIGR00092:2091:2472:-	2859	648.0	650.538057743	59.935588746
C492146_1_TIGR00005:258:618:+	55	11.0	11.2527777778	3.79619591105
scaffold45277_1_TIGR02214:1229:1421:-	87	31.0	28.953125	9.61730702437
scaffold845_1_TIGR01316:6705:8034:-	3457	165.0	227.344620015	145.391653836
scaffold641_4_TIGR00005:2420:3107:+	138	16.0	15.8529839884	2.628959586
scaffold45462_1_TIGR00741:60270:60564:-	120	26.0	27.2721088435	11.5470394493
scaffold45462_1_TIGR00880:150665:151046:+	171	33.0	32.845144357	7.72286775728
scaffold43171_1_TIGR00342:387:804:-	105	7.0	15.2086330935	12.9063077287
scaffold36769_4_TIGR01981:4:637:+	62	8.0	7.98104265403	2.64717576167
scaffold9355_1_TIGR02214:5:617:+	179	13.5	19.4705882353	14.7549964169
scaffold72_5_TIGR03992:5:602:-	135	9.0	15.1909547739	15.557761352
scaffold5058_2_TIGR03992:3:459:+	95	10.0	14.4649122807	10.7733262424
scaffold42819_1_TIGR00005:2751:3666:-	780	68.0	67.5300546448	14.0031972734
scaffold44982_3_TIGR01316:3384:3612:+	50	13.0	13.7850877193	2.04389259065
scaffold40509_3_TIGR03992:386:821:+	63	12.0	11.0390804598	3.38703940574
scaffold16620_3_TIGR01316:2714:4001:+	6905	444.0	441.112665113	41.1039263467
scaffold18684_2_TIGR02214:3:573:+	35	5.0	5.04217926186	2.05161332107
scaffold33552_2_TIGR03131:1115:2018:-	108	9.0	9.53045404208	3.1512117787
scaffold33552_1_TIGR02712:244:1579:-	192	11.0	11.8277153558	3.477307337
scaffold27759_1_TIGR02252:9:468:-	39	7.0	6.84531590414	1.63833263798
scaffold1142_17_TIGR03992:5567:6317:-	115	12.0	12.0546666667	2.02344876112
scaffold1333_1_TIGR00092:218:962:-	60	6.0	6.39784946237	1.85938355461
scaffold39157_2_TIGR01316:4:397:+	50	8.0	9.07888040712	2.44769960414
scaffold44022_2_TIGR02214:6:1050:-	85	7.0	6.63122605364	2.21779247849
scaffold25286_2_TIGR00914:1:655:-	50	6.0	6.26146788991	1.71354069065
scaffold43357_2_TIGR02214:4:517:+	35	11.0	11.5204678363	1.62343647241
scaffold42863_2_TIGR03131:380:785:+	178	27.0	29.0148148148	17.4143343192
scaffold21392_1_TIGR00880:1411:1828:+	178	32.0	32.1870503597	5.27229992086
scaffold17680_5_TIGR02627:109:913:-	66	6.0	6.58830845771	1.85370749231
scaffold5647_8_TIGR02627:1941:3294:-	172	10.0	10.5395417591	3.08444042559
scaffold27662_2_TIGR02627:36:657:-	44	6.0	5.78260869565	1.75452126961
scaffold44773_1_TIGR01800:3:612:-	86	6.0	8.52545155993	10.5833043456
scaffold38868_1_TIGR00092:6835:7117:-	833	340.0	389.946808511	111.49996346
scaffold6331_8_TIGR00914:9:2400:-	458	15.0	15.556670849	4.69727984411
scaffold6331_7_TIGR00914:1:535:-	88	12.0	12.5393258427	4.22554079984
scaffold44536_1_TIGR01316:4:1228:-	194	12.0	12.2238562092	3.24196636534
scaffold30400_1_TIGR03906:3163:4543:+	222	26.0	26.0782608696	3.25793877956
scaffold22040_3_TIGR02712:12384:13320:-	194	16.0	16.3173076923	3.06426181058
scaffold22040_3_TIGR03992:5414:5789:-	77	14.0	14.7226666667	5.05731347215
scaffold43862_2_TIGR02712:4004:4838:+	203	16.0	16.6402877698	6.3397121415
scaffold40620_2_TIGR02214:3:1020:-	96	8.0	8.05014749263	2.69863625523
scaffold4360_14_TIGR02627:1899:2208:+	46	9.0	9.65048543689	2.09657790767
scaffold35774_2_TIGR00005:8:572:-	71	9.0	9.45567375887	2.34592291717
scaffold23305_4_TIGR03906:34:790:+	70	7.0	7.60846560847	2.07979248943
scaffold9692_10_TIGR02621:377:983:-	78	9.0	10.0759075908	2.91873097645
scaffold26728_3_TIGR01020:5:422:+	65	10.0	10.3213429257	2.41346147226
scaffold2090_7_TIGR01020:4:349:+	70	11.0	12.2724637681	4.19744173494
scaffold10608_3_TIGR02214:1161:2412:-	350	16.0	19.9864108713	12.4718954713
scaffold3326_12_TIGR00914:364:688:-	25	5.0	5.34567901235	1.83693581296
scaffold3326_18_TIGR00914:15:1020:-	95	8.0	8.09651741294	2.26406885321
scaffold45472_4_TIGR00880:27624:28041:+	267	46.0	47.7194244604	7.09412102702
scaffold38281_1_TIGR00914:113:728:+	46	6.0	6.03414634146	1.64701401499
scaffold6862_3_TIGR00342:4:445:+	64	8.0	10.2607709751	5.74417013694
scaffold36058_3_TIGR00087:202:508:+	26	6.0	6.62745098039	1.57132121644
scaffold9648_19_TIGR03992:1618:2371:-	261	12.0	25.2284196547	42.2039994803
scaffold1604_11_TIGR00090:1174:1468:+	50	11.0	11.5510204082	2.84326073582
scaffold40862_1_TIGR02214:12874:14674:-	3941	85.0	168.799444444	140.348009129
scaffold39139_2_TIGR02627:19209:20586:+	446	28.0	27.6594045025	6.32990738159
scaffold11659_2_TIGR00092:1652:2003:-	222	37.0	38.8774928775	19.2920080137
scaffold3952_1_TIGR00880:607:1024:+	60	7.0	10.5923261391	8.04464393419
scaffold38429_1_TIGR00880:1660:2107:-	78	13.0	12.6957494407	1.91346455049
scaffold21915_5_TIGR02712:545:1397:-	257	19.5	20.2488262911	7.9470998066
scaffold38384_1_TIGR00880:19:517:+	40	6.5	6.45180722892	1.82538072911
scaffold22840_5_TIGR01316:2:515:-	91	14.0	13.469785575	3.86360578497
scaffold15005_15_TIGR00005:6739:7396:+	164	19.0	19.2815829528	3.5390638362
scaffold33620_4_TIGR01020:3820:4282:-	79	15.0	14.0779220779	2.75994651636
scaffold6118_2_TIGR03239:69:831:-	59	6.0	5.98818897638	1.82390574133
C527702_1_TIGR03992:2791:3898:+	771	105.0	103.86269196	8.35650594862
scaffold23735_1_TIGR01800:12162:13347:+	1561	75.0	102.736708861	90.5692445687
scaffold19680_1_TIGR00914:3:681:-	3095	375.0	366.800884956	29.8591610355
scaffold19680_2_TIGR00914:1:946:-	4224	368.0	368.871957672	35.9259012086
C496512_1_TIGR01981:182:677:+	429	6.0	46.4190283401	109.074801258
scaffold39267_1_TIGR00914:5:1112:+	4681	378.0	380.480578139	49.1864099116
scaffold13426_3_TIGR02214:1151:2753:-	255	13.0	13.3139825218	4.1806183493
scaffold31813_2_TIGR01020:4399:4903:+	213	23.0	25.4682539683	10.1169247695
scaffold39169_3_TIGR00880:3:288:-	31	8.0	8.1298245614	2.58212240406
C528906_1_TIGR01800:6781:7954:+	843	133.0	134.310315431	10.790457294
scaffold44616_1_TIGR00005:5037:5916:-	175	16.0	16.0921501706	5.43547692203
scaffold6023_3_TIGR00914:410:2150:+	203	9.0	9.73793103448	3.19792466393
scaffold6590_7_TIGR02621:2795:3275:+	87	13.0	13.1875	3.56345016569
scaffold45214_1_TIGR00005:147:987:-	172	16.0	15.8857142857	4.42947763386
scaffold9955_15_TIGR03906:5:677:+	61	7.0	7.76041666667	2.77596698171
scaffold9955_14_TIGR03906:147:1368:+	121	8.0	8.28419328419	2.27984527012
scaffold42178_1_TIGR01981:446:917:+	4066	801.0	779.593617021	90.1714133695
scaffold43403_1_TIGR03992:850:1603:-	4162	471.0	516.278884462	139.411137949
scaffold8338_3_TIGR01020:2956:3118:-	34	11.5	10.975308642	2.31993672031
scaffold23821_1_TIGR01981:320:1130:-	6776	724.0	730.30617284	67.1114244762
scaffold12982_5_TIGR03906:204:873:-	77	9.0	9.27055306428	2.40702444104
scaffold27659_2_TIGR03906:279:1650:-	1061	66.0	66.291757841	15.00817421
scaffold17703_3_TIGR00092:3:678:-	80	7.0	9.0637037037	5.33670181691
scaffold9475_30_TIGR00090:958:1258:-	44	10.0	10.9566666667	2.14665372667
scaffold36766_1_TIGR01020:247:637:+	131	23.0	23.8692307692	11.1939006708
scaffold45485_2_TIGR01316:4:499:+	263	44.0	42.7272727273	7.4833393154
scaffold45485_3_TIGR02712:14051:14405:+	205	41.0	38.9435028249	7.52263440612
scaffold45485_3_TIGR00152:21060:21627:+	342	50.0	48.315696649	7.7694388744
scaffold45485_1_TIGR01316:4143:4944:+	422	61.0	59.5056179775	11.7724060399
scaffold27505_4_TIGR01316:2:1199:-	708	47.0	47.4093567251	20.1348298836
scaffold45476_1_TIGR03131:31467:32382:-	532	82.0	81.0928961749	7.68186451533
scaffold19288_1_TIGR01316:2584:3919:-	932	73.0	69.3183520599	17.749604635
scaffold44921_2_TIGR03906:1062:1473:-	74	13.0	12.9610705596	2.48860034972
scaffold37031_1_TIGR01316:5:161:+	14	5.0	4.67307692308	1.09288762142
scaffold19292_2_TIGR00880:2729:3056:+	1791	369.0	369.629969419	40.5273429163
scaffold34225_4_TIGR03992:123:351:-	20	4.0	4.45614035088	2.3809932723
scaffold34676_1_TIGR00005:3251:3608:-	412	125.0	124.801120448	6.92757239217
scaffold24474_3_TIGR01981:95:926:-	125	12.0	12.4392298436	2.74084870671
scaffold3310_14_TIGR03906:1:1336:-	209	12.0	12.5917602996	4.83266889634
scaffold1142_43_TIGR02214:8462:10409:-	322	14.0	13.6949152542	2.97850367815
scaffold1142_41_TIGR02214:2417:3221:+	130	13.0	12.6915422886	3.10742620529
scaffold1142_46_TIGR00092:17874:18972:-	263	17.0	18.6584699454	7.99196581031
scaffold40188_15_TIGR00880:470:881:+	65	11.0	10.9318734793	2.3615391788
scaffold23257_13_TIGR00880:2:260:-	30	10.0	11.2054263566	2.81614421312
scaffold27995_2_TIGR02214:5:719:+	106	12.0	11.8585434174	2.94266235642
scaffold45285_2_TIGR00914:3:711:+	56	6.0	6.31073446328	2.2716747655
scaffold29448_1_TIGR02214:1:1174:-	107	7.0	8.13043478261	3.62277576508
scaffold39160_2_TIGR01800:1:721:-	61	7.0	7.09027777778	2.25805101078
scaffold41974_1_TIGR01316:2688:3669:-	159	12.0	12.251783894	3.6513175227
scaffold37404_2_TIGR02214:12:534:+	32	5.0	5.09195402299	1.68472186211
C500374_1_TIGR03992:9:393:-	293	59.0	57.5703125	7.17745703475
scaffold21392_6_TIGR02214:37668:38871:+	512	35.0	35.5394846218	7.2659303859
scaffold23797_7_TIGR02214:18:840:-	100	10.0	10.3114355231	3.68601495002
scaffold32765_1_TIGR03992:5:812:+	339	21.0	32.6480793061	22.2225996169
scaffold40942_1_TIGR01800:874:1858:+	274	20.0	21.3719512195	6.37719082821
scaffold26490_8_TIGR02214:5:611:+	58	11.0	11.6567656766	2.03622606846
scaffold26490_7_TIGR02214:291:1158:+	60	6.0	5.8062283737	1.62003259639
scaffold26490_4_TIGR02214:3:558:+	51	8.0	7.37657657658	2.16703205325
scaffold23293_8_TIGR02627:49093:49402:-	78	16.0	16.6181229773	4.70933058248
scaffold23293_6_TIGR01981:4412:5231:-	197	17.0	18.7887667888	3.82531517762
scaffold28270_23_TIGR02252:1511:2108:+	81	10.0	10.5594639866	1.54396161485
scaffold21282_1_TIGR02195:1683:2694:+	516	42.0	42.6676557864	8.90572295934
scaffold44562_2_TIGR00092:1731:1986:-	245	59.0	58.6509803922	9.74778753277
scaffold44596_1_TIGR01800:28:505:+	54	6.0	8.03354297694	5.09273814239
scaffold342_1_TIGR01020:5034:5508:+	105	16.0	14.5253164557	5.27437004108
scaffold44433_3_TIGR03992:409:1051:+	99	12.0	11.5825545171	3.48519892445
C500262_1_TIGR02214:1:733:-	151	14.0	15.8346994536	6.99267753563
C528946_1_TIGR00092:1473:1905:+	267	48.0	48.8564814815	6.97699623828
C528946_1_TIGR00880:26913:27330:-	211	40.0	39.2565947242	3.92848063591
C528946_1_TIGR00005:12706:13585:+	449	44.0	43.9954493743	7.13369656057
C528946_1_TIGR02214:19260:21024:+	938	48.0	47.4784580499	9.46404406418
scaffold36458_1_TIGR02627:238:607:+	26	6.0	5.28532608696	1.52429666681
scaffold3747_1_TIGR00005:50:320:+	27	6.0	6.27037037037	1.45965871577
scaffold13092_3_TIGR00342:3:513:+	22	4.0	3.49508840864	1.23093533927
scaffold1142_38_TIGR00342:861:1974:-	163	11.0	11.539083558	3.23204833608
scaffold28753_1_TIGR03992:464:1031:+	225	23.0	28.569664903	23.9019528043
scaffold13839_1_TIGR03131:1456:2365:-	644	53.0	53.3740374037	11.4355142914
scaffold24004_3_TIGR00914:10:2014:+	251	11.0	10.6846307385	2.58398710034
scaffold24004_1_TIGR00914:194:689:+	74	11.0	12.0585858586	3.01487926626
scaffold33298_1_TIGR00152:3337:3883:+	1056	64.0	113.743589744	98.0401736316
scaffold21994_6_TIGR01316:1:898:-	234	18.0	19.2831661093	7.46706449571
scaffold21994_5_TIGR01316:109:574:-	103	15.0	14.9290322581	3.83101605448
scaffold4210_13_TIGR01962:2718:2958:+	52	13.0	13.3208333333	2.69281128913
scaffold4210_13_TIGR01957:913:1345:+	85	13.0	14.0833333333	3.52471433043
scaffold39214_1_TIGR00914:5:1112:+	4690	382.0	386.810298103	46.1394547942
scaffold25792_5_TIGR02712:2:575:-	44	6.0	6.38394415358	2.41921203844
scaffold20986_5_TIGR02627:2112:2388:-	54	14.0	13.9130434783	2.73987797483
scaffold20986_6_TIGR02627:1:1051:-	146	10.0	11.3504761905	3.63698262718
scaffold29656_10_TIGR03992:2122:2806:-	111	13.0	13.0365497076	4.56564949892
scaffold26354_2_TIGR00914:4:457:+	44	8.0	7.52759381898	2.982992659
scaffold42366_2_TIGR01316:2:581:-	62	8.0	8.41105354059	3.9848957611
scaffold25489_1_TIGR00914:3:534:-	60	7.0	8.20527306968	4.01424610831
scaffold29241_2_TIGR00005:1:316:-	157	26.0	32.3333333333	18.0415745626
scaffold22840_4_TIGR01316:7595:8396:-	160	13.0	14.5580524345	4.12924023533
scaffold42746_2_TIGR00914:5:1460:-	177	10.0	10.2309278351	3.3417496752
scaffold9509_6_TIGR00092:448:1543:+	433	12.0	24.0785388128	54.9375007756
scaffold9509_7_TIGR02214:4262:5939:+	229	11.0	11.2027429934	2.95373462422
scaffold14595_4_TIGR00005:6:354:-	23	5.0	4.73563218391	1.03623733707
scaffold44851_2_TIGR00914:3466:6205:+	551	17.0	17.2844103687	4.01927831163
scaffold21703_11_TIGR02627:1151:2528:-	207	11.0	11.8395061728	3.70278613664
scaffold43664_1_TIGR01316:872:968:+	569	478.0	472.252631579	51.4513502295
scaffold24055_5_TIGR03906:108:957:+	65	6.0	6.10600706714	1.67165074461
scaffold24055_3_TIGR03906:230:1076:+	75	8.0	8.31796690307	2.17808418406
scaffold4333_7_TIGR02627:981:2301:-	269	15.0	15.6537878788	5.3937942077
scaffold6643_6_TIGR01316:2:839:-	130	12.0	12.2855436081	3.30286343993
scaffold6643_5_TIGR01316:291:456:-	38	9.0	10.7151515152	5.89895323083
scaffold39215_5_TIGR00005:1371:1884:+	63	10.0	9.75243664717	2.46913084367
scaffold13653_1_TIGR00342:5:257:+	37	7.0	9.05158730159	4.9674852973
scaffold40277_1_TIGR01316:2653:3982:+	7280	654.0	656.945823928	53.0587228051
