scaffold8828_1_TIGR00741:956:1250:+	881	199.5	188.632653061	41.2491321917
scaffold8492_10_TIGR02214:403:1231:+	154	13.0	13.1584038694	4.55362368068
scaffold148_5_TIGR00914:817:3313:-	1265	24.0	33.0428685897	35.5575464254
scaffold1132_10_TIGR00342:4:187:+	37	11.0	10.8142076503	3.66767228642
scaffold32933_1_TIGR01316:1125:2250:+	1672	98.0	98.8248888889	17.4721747832
scaffold11283_22_TIGR00914:4:952:+	880	34.0	60.5411392405	57.2220247974
scaffold3725_1_TIGR01020:18:489:-	1857	215.0	231.564755839	66.8998010931
scaffold14181_1_TIGR00092:1655:1958:-	90	17.0	16.5676567657	3.37549069226
scaffold4182_6_TIGR00914:4:2287:+	5232	160.0	161.978975033	28.8528596918
scaffold4182_2_TIGR00880:7801:8236:+	923	140.0	139.898850575	16.4004169715
scaffold33253_2_TIGR00880:928:1117:+	71	26.0	27.0582010582	7.42808904206
scaffold18203_2_TIGR00914:35:791:+	420	20.0	23.5978835979	16.2688131477
scaffold15645_1_TIGR00914:8:1016:-	735	42.0	48.0347222222	23.4842860482
scaffold15645_5_TIGR00914:2:680:-	490	92.0	95.5545722714	11.1401292225
scaffold17157_3_TIGR00914:2:734:-	97	8.0	8.75546448087	3.29539091566
C509416_1_TIGR00914:3:1002:-	3773	452.0	456.82982983	65.8963990403
scaffold1241_20_TIGR00005:3:336:+	640	144.0	128.087087087	47.3715894911
scaffold6432_1_TIGR00005:3921:4854:+	2477	589.0	593.964630225	21.1517214236
scaffold6432_5_TIGR02627:3151:4519:+	3188	187.0	190.285818713	21.4878798437
scaffold12673_2_TIGR02712:639:867:-	191	52.0	47.4166666667	17.1174242645
scaffold3233_20_TIGR01316:4:832:+	207	18.0	18.1147342995	6.89833875556
scaffold1198_3_TIGR00914:3:714:-	660	17.0	59.0098452883	68.6859680698
scaffold1198_6_TIGR00914:2:920:-	608	20.0	40.9912854031	57.8963081281
scaffold10814_3_TIGR00880:27606:28011:-	246	37.0	37.7827160494	6.07664604786
scaffold10814_3_TIGR02214:32457:34242:+	1211	44.0	45.1484593838	11.8457797391
C478147_1_TIGR02214:4:628:-	2520	280.0	277.605769231	38.044529814
C475813_1_TIGR01800:3:201:+	447	215.0	218.191919192	12.756995916
scaffold4700_13_TIGR02252:52:361:+	61	11.0	12.4336569579	4.54459740693
scaffold11267_3_TIGR00914:5:539:+	60	7.0	7.87078651685	2.88418270369
scaffold3054_12_TIGR00698:871:1666:-	102	10.0	9.29937106918	2.40668609694
scaffold6293_15_TIGR00914:1:2875:-	624	15.0	15.5441892832	4.93679212436
scaffold6293_11_TIGR00090:567:861:+	74	18.0	18.8469387755	2.72061432945
scaffold33213_1_TIGR01900:7375:8404:-	264	16.0	17.2400388727	3.83449009442
scaffold11283_21_TIGR00914:6017:7970:+	2169	39.0	69.5565796211	61.6588320591
scaffold148_17_TIGR03992:1457:2219:+	273	27.0	28.43832021	8.35699536057
scaffold30972_1_TIGR00914:763:3841:-	6883	150.0	156.898310591	34.395490449
scaffold4524_42_TIGR02214:5:662:+	148	15.0	15.7728658537	3.96692826198
scaffold4524_40_TIGR02214:1717:2275:+	123	14.0	14.8225806452	3.97064395432
scaffold30675_1_TIGR00005:8100:8781:+	762	104.0	104.792951542	9.86039156584
scaffold6804_3_TIGR01981:4385:5237:-	608	44.0	52.5422535211	28.1511571922
scaffold2028_1_TIGR01316:5:368:-	41	6.0	6.54269972452	2.28185328614
scaffold353_50_TIGR00914:4062:5859:+	687	19.0	23.4724540902	16.6976432193
scaffold11154_4_TIGR02214:963:1578:-	115	12.0	11.8406504065	2.79964682437
scaffold11154_5_TIGR02214:28:1030:-	153	11.0	10.6077844311	2.94067409842
scaffold29371_4_TIGR00914:2903:5945:+	1708	27.0	36.2426035503	26.8008149376
scaffold29282_1_TIGR00914:1843:2917:-	669	42.0	42.5484171322	11.0331303312
scaffold9605_11_TIGR00880:21:432:-	57	9.0	8.74695863747	2.29125264473
scaffold15981_1_TIGR00090:113:413:+	84	11.0	15.5466666667	7.64424547545
scaffold4658_25_TIGR00880:2604:2910:+	73	14.0	15.3137254902	4.22716176391
scaffold4951_15_TIGR00005:554:1427:-	206	25.0	25.3940435281	3.55652265694
scaffold931_25_TIGR01800:309:1464:+	650	17.0	34.729004329	35.671786399
scaffold79_5_TIGR02214:1397:1604:+	91	28.0	29.0048309179	3.96299011756
scaffold3350_14_TIGR02712:9980:10190:+	52	12.0	13.7224880383	4.77127785549
scaffold21628_1_TIGR02627:19632:21003:+	1798	252.0	257.177242888	27.9435704427
scaffold12282_18_TIGR00698:307:1291:-	144	9.5	9.7581300813	3.76365197358
scaffold9045_23_TIGR03906:707:926:+	34	8.0	8.93150684932	2.52473842647
scaffold3328_8_TIGR00914:115:478:-	110	18.0	18.5702479339	4.31186417525
scaffold3328_8_TIGR00005:1955:2627:-	279	18.0	22.5446428571	19.081305545
scaffold9817_52_TIGR03906:1779:2085:+	84	17.0	17.0032679739	5.03029928423
scaffold25318_1_TIGR02712:5015:6005:-	1388	60.0	74.3343434343	39.7302562913
scaffold18728_4_TIGR00092:446:1061:-	501	54.0	54.1300813008	21.6690402763
scaffold18728_5_TIGR00092:2:485:-	457	58.0	58.4968944099	21.929528829
scaffold5794_3_TIGR00880:2498:2939:+	140	16.0	16.8185941043	4.77604745747
scaffold445_3_TIGR00005:1155:2004:-	274	20.0	21.7232037691	6.24697362637
scaffold445_1_TIGR03131:2296:3169:-	417	32.0	33.1855670103	9.36604100492
scaffold11701_1_TIGR00914:2883:5922:-	906	20.0	20.9410990457	10.0232775594
scaffold11701_9_TIGR02627:1725:2385:-	132	14.0	13.7924242424	3.08725682915
scaffold21141_4_TIGR00880:154:538:-	66	10.0	9.96614583333	3.25502812001
scaffold29642_3_TIGR03131:167:683:+	74	10.0	9.61240310078	2.50521959773
scaffold1504_2_TIGR03992:244:778:+	45	5.0	5.27153558052	1.44928455863
scaffold251_4_TIGR00880:565:979:+	452	65.5	65.9492753623	14.0678080778
scaffold251_4_TIGR00005:2147:2993:-	1252	91.0	93.293144208	23.8107019524
scaffold33252_1_TIGR00880:3644:4058:-	226	80.0	81.5483091787	7.25227497481
scaffold6293_51_TIGR00914:3:2388:+	528	15.0	15.8582809224	4.26983466074
scaffold13043_5_TIGR00914:1028:3827:+	6082	181.0	185.455162558	34.9971882855
scaffold22765_3_TIGR00005:1587:2253:+	1398	137.0	136.773273273	18.7636142472
scaffold4770_12_TIGR03992:661:1363:-	104	11.0	11.4558404558	3.70456926112
scaffold12079_2_TIGR00005:217:685:+	213	23.5	27.3952991453	14.7088459385
scaffold6355_21_TIGR02712:14218:14464:+	52	14.0	14.1260162602	4.57418236327
scaffold6355_23_TIGR02712:164:590:+	115	15.0	17.6103286385	5.68031659378
scaffold6355_22_TIGR02712:3:1077:+	304	20.0	19.7746741155	6.26208114572
scaffold4327_1_TIGR02252:188:572:-	61	11.0	10.7630208333	2.95338563481
scaffold12591_23_TIGR00005:1:727:-	135	13.0	12.4269972452	2.71401597619
scaffold15996_2_TIGR01800:2:662:-	517	49.0	52.0	17.8631158842
scaffold15996_1_TIGR01800:232:649:-	297	37.0	43.3669064748	21.5729682143
scaffold7483_9_TIGR02214:3:141:-	24	12.0	10.8768115942	2.96953833954
scaffold33245_3_TIGR00005:5103:6042:-	688	54.0	51.2534611289	9.5599490828
scaffold226_3_TIGR00914:9967:13108:-	1713	36.0	37.3842725247	13.8836203284
scaffold2436_6_TIGR00090:240:540:+	105	22.0	21.3766666667	5.21997339287
scaffold2436_6_TIGR00087:5811:6516:-	211	20.0	19.514893617	4.44415204511
scaffold10028_10_TIGR02214:2:1436:-	591	15.0	25.1589958159	25.8147264923
scaffold4771_6_TIGR02195:1104:2124:+	203	12.0	13.5156862745	5.03193225074
scaffold130_6_TIGR03992:990:1740:-	222	18.0	19.8746666667	5.91452659888
scaffold15006_2_TIGR01020:2706:3180:-	765	87.0	84.0421940928	28.007727841
scaffold15006_3_TIGR00741:355:649:-	269	37.0	43.9149659864	16.0421292874
scaffold27937_5_TIGR00152:11273:11762:+	263	38.0	36.1782786885	8.55712359676
scaffold29770_2_TIGR01316:3263:4598:-	3055	150.0	155.868913858	35.2180161156
scaffold1318_11_TIGR00914:5:350:+	45	9.0	8.61739130435	2.32908245426
scaffold2274_47_TIGR02627:375:1185:+	150	12.0	12.9271604938	3.63465868949
scaffold4244_18_TIGR01981:874:1168:-	88	20.0	18.8741496599	3.2020101772
scaffold11051_13_TIGR00880:3278:3479:+	40	11.0	10.6069651741	1.77874438463
scaffold11416_2_TIGR00914:3:1353:+	914	28.0	41.2777777778	44.3930828223
scaffold11416_1_TIGR00914:7:1510:+	950	30.0	39.8216899534	29.669461091
scaffold5432_13_TIGR01316:1400:2741:+	285	13.0	14.2274422073	4.39422288072
scaffold27530_4_TIGR02712:9610:10105:+	1269	155.0	173.573737374	59.9010136098
scaffold33277_1_TIGR00005:7522:8197:+	970	128.0	130.832592593	16.4668953184
scaffold33277_1_TIGR00914:13028:14942:+	3113	149.0	152.05799373	21.2746453396
scaffold3499_2_TIGR00092:3045:3327:+	282	64.0	75.7872340426	25.94109763
scaffold3499_3_TIGR03992:335:1103:-	386	33.0	34.4036458333	10.0347618328
scaffold112_2_TIGR03131:5155:6031:-	1537	121.0	118.597031963	16.5406222063
scaffold112_6_TIGR03992:12902:13673:-	1098	95.0	95.8391699092	16.9552725509
scaffold169_21_TIGR00914:20:947:+	234	17.0	17.1262135922	4.94415774459
scaffold169_20_TIGR00914:5:1637:+	367	16.0	15.9632352941	3.25920586435
scaffold1449_5_TIGR03992:336:624:+	45	10.0	10.1736111111	5.77089183016
scaffold29875_1_TIGR00914:20188:21922:+	4825	179.0	186.965974625	40.9827726523
scaffold186_42_TIGR02712:2:251:-	252	75.0	78.4618473896	43.0739481618
scaffold186_41_TIGR02712:3108:4179:-	792	32.0	44.5387488329	38.9161532776
scaffold12450_6_TIGR00914:1:697:-	130	11.0	13.0459770115	6.34321620801
scaffold7923_10_TIGR00005:4865:5705:+	227	18.0	18.0880952381	5.01515334148
scaffold32596_1_TIGR00914:3:531:+	95	9.0	11.9128787879	9.98123167009
scaffold21833_20_TIGR02627:155:800:-	86	11.0	11.4620155039	2.9962041567
scaffold507_15_TIGR02627:1:574:-	70	8.0	8.19371727749	2.84549715694
scaffold15551_27_TIGR03992:315:996:+	140	13.0	13.3656387665	3.17292972432
scaffold2066_2_TIGR00914:14:1109:+	136	9.0	8.38904109589	2.70434598533
scaffold11701_10_TIGR02627:4:601:-	115	12.0	12.4070351759	3.27522818831
C501968_1_TIGR02214:640:1309:-	1287	193.0	195.454409567	26.2946356073
scaffold353_21_TIGR03906:2879:3257:-	106	17.0	16.7724867725	4.84097203236
scaffold7473_1_TIGR00092:917:2015:-	1177	61.0	69.295992714	26.8021286565
scaffold13154_21_TIGR02712:3259:3688:+	122	18.0	17.8298368298	3.10671807156
scaffold2857_22_TIGR02712:166:1519:+	432	16.0	20.9061345159	16.804186802
scaffold5672_5_TIGR03992:295:1042:+	176	27.0	27.5140562249	5.21692775687
scaffold27898_6_TIGR03992:24796:25501:-	328	35.0	35.0907801418	10.1621038526
scaffold11948_2_TIGR03131:579:870:+	128	22.0	26.7766323024	11.9691012704
scaffold57_2_TIGR03992:12167:12551:+	735	133.0	133.825520833	10.1626498933
scaffold8549_8_TIGR03906:6:1020:-	137	10.0	9.44378698225	2.73452177307
scaffold5447_13_TIGR00914:3:1023:-	803	105.0	119.931372549	50.4402888696
scaffold16118_6_TIGR00914:12:474:+	770	71.0	99.3701298701	68.9879170641
scaffold16118_2_TIGR00914:5:1052:+	1689	105.0	103.689589303	74.7604523173
scaffold23152_1_TIGR02712:29855:30269:+	955	112.0	147.54589372	63.8151510037
scaffold23152_1_TIGR00698:11365:12328:-	1041	101.0	102.221183801	15.2158538901
scaffold23152_1_TIGR00152:17404:17944:-	611	100.0	99.7462962963	9.90755815046
scaffold33219_1_TIGR00005:623:1073:+	265	38.0	37.6644444444	9.9313567509
scaffold2857_67_TIGR00914:4:1630:-	292	13.0	12.758302583	3.96013443831
scaffold25125_4_TIGR00880:1654:2074:+	115	16.0	16.7547619048	5.52176224376
scaffold29565_1_TIGR02252:220:568:-	43	51.0	52.7126436782	3.03772467019
scaffold3283_5_TIGR01962:2:422:-	162	16.0	24.4023809524	16.9338346583
scaffold18237_23_TIGR00092:871:1156:+	73	14.0	13.501754386	3.92886266423
scaffold9817_21_TIGR00914:205:2791:+	869	17.0	21.0986078886	16.9724978279
scaffold340_1_TIGR00914:6366:9483:-	5966	262.0	265.723452037	30.7851779041
scaffold26135_3_TIGR00005:506:836:-	82	14.0	15.403030303	7.09532431823
scaffold26135_4_TIGR00005:3:438:-	129	13.0	18.2597701149	16.6589623097
scaffold352_3_TIGR02712:13826:14153:+	818	170.0	180.749235474	53.9297151983
scaffold13122_4_TIGR00914:233:707:-	97	12.0	13.1603375527	5.78843134526
scaffold8014_25_TIGR03131:4703:5072:+	158	21.0	27.0785907859	22.5796224934
scaffold28340_2_TIGR01900:17:494:-	784	140.0	143.528301887	16.6882167549
scaffold7122_3_TIGR02214:604:931:+	43	8.0	7.72171253823	2.07922286189
scaffold7122_8_TIGR02214:323:527:+	39	14.0	14.2794117647	3.76195710005
scaffold226_8_TIGR02712:3814:4756:+	764	37.0	44.8959660297	20.6036761265
scaffold226_5_TIGR00005:433:1099:+	285	29.0	28.7177177177	5.09178973634
scaffold10437_9_TIGR00914:121:1936:-	605	23.0	23.2666666667	5.44458349554
scaffold10437_8_TIGR00914:343:1492:-	328	20.0	19.7563098346	4.73545289766
scaffold5454_4_TIGR00152:2017:2578:+	105	12.0	11.8538324421	3.15268446863
scaffold5454_9_TIGR00880:841:1147:+	62	9.0	12.6960784314	6.09369525626
scaffold23624_3_TIGR00342:28:1063:+	645	52.0	52.8	10.7279759787
scaffold3054_18_TIGR00152:795:1344:-	89	11.0	11.0382513661	3.45941778936
scaffold21078_3_TIGR02712:3684:5049:-	2854	173.0	186.323809524	55.4887367787
scaffold15703_1_TIGR03131:4:673:-	475	26.0	36.1913303438	31.3262286347
scaffold3891_4_TIGR00914:2296:3310:+	282	19.0	18.6850937808	5.0178895085
scaffold3891_5_TIGR00914:5953:6736:+	264	19.0	22.3690932312	12.0213906868
scaffold11258_6_TIGR03992:1410:2163:-	213	19.0	18.5139442231	4.84611858291
scaffold9708_5_TIGR00005:8984:9920:-	646	30.0	42.5416666667	31.9705790065
scaffold352_2_TIGR00914:26757:29859:-	5678	129.0	131.386524823	23.3697437898
scaffold352_2_TIGR03906:57074:58190:+	2216	141.0	141.128136201	18.6571758832
scaffold18183_4_TIGR01316:2:491:-	195	28.0	28.3946830266	5.59484611211
scaffold18183_3_TIGR01316:204:879:-	217	22.0	21.7674074074	6.22830848721
scaffold13173_5_TIGR02252:9:291:+	62	9.5	12.0496453901	6.15788284647
scaffold9964_13_TIGR00880:1311:1728:+	91	14.0	13.3021582734	3.56976648423
scaffold9102_57_TIGR00914:1:1411:-	491	13.0	22.5602836879	20.959186545
scaffold9102_56_TIGR00914:3:1140:-	937	49.0	56.4467897977	39.85092086
scaffold11154_27_TIGR00005:926:1358:-	288	16.0	42.1805555556	39.5347923619
C514924_1_TIGR00914:3272:4427:+	2067	157.0	154.403463203	19.9084916544
scaffold4477_35_TIGR02712:570:786:+	39	9.5	10.1064814815	7.85945730324
scaffold6324_1_TIGR00342:3:795:+	497	42.0	41.8282828283	12.9662852667
scaffold25117_7_TIGR00914:821:3923:-	5407	126.0	129.713733075	29.8681920421
scaffold25117_1_TIGR00880:3243:3657:+	947	159.0	162.217391304	19.9687216033
scaffold817_21_TIGR00914:1:775:-	189	27.0	27.8242894057	5.51156915233
scaffold817_20_TIGR00914:2:992:-	192	14.0	13.7494949495	5.06102903533
scaffold7739_6_TIGR01316:540:963:+	217	12.0	30.0071090047	29.261080806
scaffold295_13_TIGR01900:9896:10769:+	436	31.0	38.9770904926	25.3906374364
scaffold32874_3_TIGR00152:570:1119:-	150	18.0	18.0491803279	5.50834308939
scaffold32213_3_TIGR00914:7:2878:+	3451	81.0	83.7638453501	22.4971989212
scaffold3143_19_TIGR02712:1341:2325:-	627	20.0	37.4867886179	33.0247786415
scaffold1740_4_TIGR00914:80:773:+	285	12.0	24.012987013	28.9786427581
scaffold4640_3_TIGR00914:27:777:+	115	10.0	10.0306666667	2.72330550781
scaffold23226_1_TIGR03906:2657:3107:+	500	151.0	150.633333333	9.16618180536
scaffold33222_1_TIGR00914:1162:3424:+	3554	110.5	114.91158267	31.9784708505
scaffold33222_2_TIGR00914:16:760:+	1439	132.0	131.055107527	21.515458952
scaffold20752_2_TIGR02214:8308:10084:-	3272	128.0	128.080518018	19.057751933
scaffold3174_8_TIGR00005:945:1731:+	290	11.0	20.7468193384	22.937147694
scaffold19235_3_TIGR01316:29588:30551:-	1707	171.0	169.821391485	17.8736560274
scaffold7923_26_TIGR00005:1187:1403:-	90	23.0	24.1759259259	5.46254706515
scaffold4756_1_TIGR00880:5:395:-	54	8.0	8.04358974359	3.25429064875
scaffold9158_4_TIGR03906:1470:2781:+	179	9.0	9.65064836003	2.78220302287
scaffold31045_1_TIGR03992:4138:4843:-	652	177.0	178.65248227	8.68942931277
scaffold2533_5_TIGR00880:2918:3332:-	673	150.0	150.466183575	7.84743205021
scaffold2533_5_TIGR00005:1060:1909:+	1497	171.0	168.922261484	17.9441900548
scaffold1831_4_TIGR00005:701:1367:-	154	16.0	15.8873873874	3.48625659786
scaffold23429_5_TIGR00880:4632:5055:+	121	18.0	17.1300236407	6.259149086
scaffold23429_3_TIGR03906:90:1524:+	233	11.0	11.160390516	4.57199575407
scaffold5447_9_TIGR00914:2:755:-	362	17.0	32.5856573705	30.4814995183
scaffold33146_1_TIGR02252:4229:4826:+	1166	128.0	126.016750419	21.6225358777
scaffold32216_1_TIGR00914:3:1704:+	877	22.0	32.4720752499	28.4615516056
scaffold180_12_TIGR03992:1696:2464:-	227	18.0	19.06640625	7.80070887548
scaffold725_4_TIGR01316:117:588:+	56	9.0	9.08067940552	2.81749696273
scaffold11170_8_TIGR00914:19:622:+	95	10.0	11.087893864	5.0765845626
scaffold9911_8_TIGR00092:11446:12544:+	2676	152.0	159.881602914	59.2135203415
scaffold9911_2_TIGR00914:13834:15571:+	3381	116.0	127.362694301	35.0657701195
scaffold9911_6_TIGR01316:10527:11736:+	1489	92.0	93.6451612903	19.719471263
scaffold3819_7_TIGR03131:5:854:+	379	13.0	26.3898704358	33.8641008985
scaffold14181_19_TIGR00880:2222:2660:-	144	20.0	20.4086757991	3.0564876102
C508308_1_TIGR03906:209:602:-	735	118.0	114.954198473	10.8100857125
scaffold4591_1_TIGR01900:129:1200:-	677	71.0	70.233426704	7.9154992991
scaffold33142_1_TIGR02252:4210:4807:+	689	204.0	205.430485762	6.77619801681
scaffold398_1_TIGR00698:1921:2866:+	1379	110.0	109.288888889	16.7840984625
scaffold31182_1_TIGR00092:390:618:-	239	62.0	63.7894736842	19.1556293243
scaffold1368_85_TIGR00914:78:639:+	158	12.0	15.4670231729	13.8081868769
scaffold9661_11_TIGR00914:12347:15446:+	740	17.0	16.8170377541	4.44953998393
scaffold1582_15_TIGR00914:16:784:+	310	21.0	25.7682291667	16.0072714919
scaffold1582_14_TIGR00914:3795:4053:+	249	27.0	58.3178294574	61.9044630889
scaffold295_2_TIGR00880:5216:5660:+	220	22.0	31.277027027	21.6583278657
scaffold26623_3_TIGR01316:9595:10930:+	973	47.0	51.5183520599	19.3582294895
scaffold6037_3_TIGR01962:669:903:-	118	25.0	32.7435897436	15.7800879864
scaffold9598_10_TIGR00914:2401:5512:+	1322	19.0	26.9729990357	24.82796955
scaffold1213_2_TIGR00005:4799:5480:-	192	18.0	18.0396475771	2.78234667734
scaffold14694_4_TIGR00698:4791:5820:+	271	16.0	17.6239067055	6.63379543553
scaffold6468_2_TIGR00092:3:372:+	353	65.0	56.891598916	25.3082708696
scaffold21078_2_TIGR03992:8083:8818:+	1433	177.0	176.654421769	14.1301156231
scaffold16490_3_TIGR02214:47:722:-	172	29.0	29.4933333333	4.89273384157
scaffold9383_8_TIGR01981:3059:3725:-	383	13.0	30.1846846847	30.5489388251
scaffold3817_5_TIGR03992:46:493:-	224	27.0	31.225950783	12.0732457905
scaffold27305_1_TIGR00152:69:513:-	43	6.0	6.16216216216	1.9453828014
scaffold16526_3_TIGR02252:3953:4550:+	187	17.0	18.2864321608	7.78995832817
scaffold5862_6_TIGR00914:5:677:+	113	8.0	10.1741071429	5.26650318052
scaffold29_10_TIGR01800:2:671:-	466	28.0	37.043348281	26.1382361396
scaffold28338_1_TIGR03992:941:1685:+	99	8.0	8.87231182796	3.46582191366
scaffold3995_19_TIGR03131:1147:2068:-	230	16.0	16.9098805646	3.49305501232
scaffold7582_12_TIGR00914:2:1208:-	362	20.0	20.8424543947	7.4712309663
scaffold7582_11_TIGR00914:4:1210:-	400	20.0	23.2603648425	12.0933436127
scaffold31043_1_TIGR01020:1727:2198:+	1685	190.0	200.702760085	81.2172310064
scaffold5118_1_TIGR00880:1297:1729:+	90	13.0	13.0925925926	2.75475023079
scaffold19761_3_TIGR00005:4:421:+	57	7.0	8.47961630695	4.19777168781
scaffold5755_2_TIGR00914:468:1164:+	453	41.0	42.6293103448	20.5650203123
scaffold10940_14_TIGR01800:12:747:-	148	14.0	13.7006802721	3.82724740074
scaffold30112_2_TIGR02214:3229:3418:+	97	29.0	27.8941798942	4.6982399034
scaffold3600_2_TIGR00914:34:1141:+	396	10.0	22.7253839205	23.1138441039
scaffold11517_3_TIGR00342:5:515:+	65	9.0	8.76817288802	2.5410749086
scaffold11517_2_TIGR00342:578:1115:+	96	11.0	10.9441340782	3.69969650533
scaffold33084_1_TIGR00092:1:745:-	442	33.0	37.0483870968	25.5997484569
scaffold22487_1_TIGR00880:146:557:-	81	10.0	11.4817518248	4.68849945094
scaffold260_2_TIGR03906:3628:4999:+	1322	56.0	62.6659372721	24.1489572569
scaffold23247_1_TIGR00005:8:626:-	55	6.0	5.93203883495	2.45448721603
scaffold28421_1_TIGR00880:68:467:-	906	145.0	143.426065163	16.2994817423
scaffold300_2_TIGR02214:1:871:-	565	41.0	43.0885057471	12.9819585268
scaffold18591_4_TIGR03992:8:494:-	63	8.0	7.97325102881	2.41337675741
scaffold1324_15_TIGR02214:5:416:-	76	13.0	12.5182481752	3.12225086421
scaffold1324_14_TIGR02214:1693:2398:-	140	14.0	14.3531914894	4.80381871135
scaffold1324_10_TIGR03992:3288:3522:+	65	17.0	16.9444444444	2.60364453455
C514844_1_TIGR00880:439:859:-	831	187.0	186.119047619	11.2546337144
scaffold16763_5_TIGR00914:5:278:+	47	11.0	10.3296703297	2.80523429534
scaffold1831_41_TIGR00914:1098:3723:+	486	13.0	13.5782857143	4.12020167263
scaffold339_4_TIGR02627:991:2365:-	245	12.0	12.2096069869	3.61659940517
scaffold15003_11_TIGR01900:10:730:-	117	9.0	10.55	7.0245798609
scaffold817_7_TIGR00880:3107:3521:-	115	17.0	16.4082125604	2.33126827733
scaffold21173_1_TIGR03906:3:675:+	664	60.0	63.1860119048	26.3984393848
scaffold14742_2_TIGR02214:5:584:+	162	17.0	17.8704663212	6.4182496947
scaffold173_2_TIGR00005:1631:2294:+	1390	152.0	165.428355958	48.0737609938
scaffold173_2_TIGR02214:33012:34794:+	2550	130.0	136.068462402	31.4076385191
scaffold8533_1_TIGR03992:259:1048:+	1637	167.0	170.448669202	34.5351746828
scaffold4530_1_TIGR01800:258:516:-	39	18.0	16.8992248062	2.68601015669
scaffold4530_2_TIGR01800:3:936:-	172	12.0	12.3558413719	3.57133110436
scaffold7473_22_TIGR00914:2031:5136:+	2626	50.0	56.2508856683	32.3664483048
scaffold7473_25_TIGR00914:4773:7896:+	3080	87.0	90.8623118796	23.0281593627
scaffold27741_4_TIGR01957:2641:3073:-	862	82.5	124.143518519	77.899643147
scaffold27741_4_TIGR01962:992:1232:-	459	102.0	98.2291666667	32.2584869862
scaffold21944_2_TIGR03992:13674:14421:-	896	80.0	79.2610441767	7.61859350858
scaffold12302_7_TIGR00914:4:277:+	124	24.0	27.7802197802	20.1416970584
scaffold12302_4_TIGR00914:13:664:+	96	9.0	10.089093702	3.65502254554
scaffold12302_3_TIGR00914:4:583:+	204	15.0	24.5380622837	25.8787317864
scaffold6606_7_TIGR02712:11934:12318:+	85	14.0	13.6588541667	2.30844796788
scaffold6606_5_TIGR01316:33:906:-	281	17.0	19.7010309278	8.74213566218
scaffold25089_6_TIGR00152:3515:4064:-	130	15.0	14.9599271403	4.66454252928
scaffold25089_2_TIGR02214:5887:7708:+	395	15.0	15.659527732	4.55613032684
scaffold25089_8_TIGR00090:3920:4220:-	67	13.0	12.2166666667	2.26341678786
scaffold21340_6_TIGR00914:1:982:-	269	12.0	17.0326197757	14.1362582862
scaffold21340_5_TIGR00914:399:687:-	24	6.0	5.70138888889	1.61193405706
scaffold21439_7_TIGR02712:3:525:-	92	10.0	12.5114942529	6.47104233914
scaffold308_1_TIGR03992:462:1530:+	1533	111.5	105.475655431	42.0007174792
scaffold9165_14_TIGR02195:1052:2087:+	159	11.0	10.9130434783	3.16077620153
scaffold16952_5_TIGR00914:5:1049:+	168	11.0	11.4961685824	3.05583178948
scaffold32426_4_TIGR00880:16:232:-	52	18.5	18.625	3.34900828328
scaffold16952_2_TIGR00914:368:767:+	60	10.0	9.5664160401	3.56535472613
scaffold7867_2_TIGR02712:11207:11522:+	952	168.0	163.634920635	49.6174257623
scaffold31615_1_TIGR00914:48693:51795:+	4295	91.0	94.8823339781	23.3243193322
scaffold31615_1_TIGR03906:14676:15831:-	1461	81.0	84.4554112554	21.353638612
scaffold22291_1_TIGR00005:4234:5086:+	1226	95.0	97.6889671362	13.6620244159
scaffold32491_1_TIGR00741:140:434:-	478	127.0	126.785714286	6.50470787121
scaffold32751_2_TIGR01316:2:404:-	76	12.0	11.7487562189	3.31198050582
scaffold200_1_TIGR00914:1178:2609:+	304	16.0	15.1914744934	3.77045189195
scaffold200_2_TIGR00914:90:1638:+	350	15.0	15.9457364341	4.89604081602
scaffold3688_4_TIGR00092:1:694:-	96	10.0	9.78354978355	3.54837370377
scaffold32351_2_TIGR02712:9615:10980:+	1239	56.0	60.9802197802	23.7294652454
scaffold22173_1_TIGR03906:3:480:-	397	40.0	51.0649895178	29.5310299556
scaffold15086_18_TIGR01316:19929:21123:-	429	36.0	37.7663316583	9.68100103376
scaffold25640_12_TIGR02214:2040:2265:+	81	32.0	31.96	2.04465699378
scaffold29131_4_TIGR02195:3914:4904:+	542	39.0	37.9515151515	6.36829843656
scaffold29131_1_TIGR00005:8002:8662:+	405	94.0	96.8606060606	11.0517498791
scaffold31134_4_TIGR00914:276:627:-	70	11.0	12.339031339	4.59860478985
scaffold2578_35_TIGR00880:598:880:+	56	13.0	12.1423487544	2.65200256693
scaffold29854_1_TIGR03992:41:794:+	87	7.0	7.72908366534	3.14178730139
scaffold32931_1_TIGR01316:529:622:+	9	4.0	4.41935483871	1.76782826883
scaffold1318_8_TIGR00914:4:1657:+	263	9.0	10.9860859044	8.05338659683
scaffold4571_6_TIGR01900:241:1270:+	277	13.0	17.8999028183	19.6650447353
scaffold12470_18_TIGR00880:670:982:+	40	8.0	7.8141025641	1.48843614016
scaffold22538_4_TIGR01800:5:518:+	297	40.0	38.2456140351	13.2526103671
scaffold22538_2_TIGR01800:3541:3991:+	248	36.0	36.2962138085	8.59553978237
scaffold11416_11_TIGR02712:4:739:-	313	17.0	24.9768707483	21.055501868
scaffold11416_10_TIGR02712:5260:5833:-	206	24.0	23.6753926702	10.4368476512
scaffold11416_10_TIGR00698:162:1173:+	275	17.0	17.0128585559	5.17477263737
scaffold12736_2_TIGR00152:205:766:-	88	8.0	9.67557932264	6.46875879521
scaffold30178_1_TIGR00005:10620:11289:+	1035	87.0	85.576980568	51.6528206362
scaffold30178_1_TIGR02627:1192:2560:+	480	18.0	23.0087719298	13.413571473
scaffold353_48_TIGR00914:2106:3132:+	226	15.0	15.4044834308	3.55644260356
scaffold353_49_TIGR00914:6:2055:+	501	17.0	17.1932650073	5.09334377724
scaffold353_47_TIGR00914:5741:6713:+	215	15.0	15.6358024691	4.25221729549
scaffold19324_1_TIGR00914:5:215:+	78	22.0	21.0	7.79987789892
scaffold2857_35_TIGR00914:305:1724:+	370	14.0	16.9309372798	10.1566043339
scaffold6012_7_TIGR00914:7314:10425:+	2744	37.0	54.3156541305	42.5716256074
scaffold24034_7_TIGR02712:1630:2701:+	1311	90.0	97.8823529412	42.3704173405
scaffold26761_1_TIGR02712:3:255:-	403	81.0	89.626984127	27.9515550656
scaffold266_23_TIGR00092:1417:1702:-	194	36.0	38.5052631579	10.3928521498
scaffold4122_5_TIGR02252:35:353:+	119	20.0	20.6100628931	5.75540429617
scaffold14512_3_TIGR00914:5137:8209:+	1589	36.0	36.7630208333	8.40102996163
scaffold11453_26_TIGR02214:3:723:+	140	10.0	12.4444444444	8.81474284129
scaffold18106_1_TIGR00914:151:1030:+	239	9.0	17.5176336746	21.71350001
scaffold94_6_TIGR00005:9524:10373:-	251	17.0	18.6431095406	10.2455633876
scaffold19260_2_TIGR02214:4:520:+	72	10.0	10.0658914729	3.95903433775
scaffold5600_3_TIGR00914:3:1488:-	166	8.0	7.99528619529	2.84847020238
scaffold5600_4_TIGR00914:3:360:-	58	9.0	9.56862745098	2.83612580833
scaffold1411_7_TIGR00914:1:496:-	106	22.0	21.8868686869	4.26440864646
scaffold1411_9_TIGR00914:41:1511:-	292	11.0	13.4775510204	8.24492254324
scaffold9724_1_TIGR03906:10:511:-	84	12.0	12.8323353293	4.00646089181
scaffold9724_9_TIGR00005:2:650:-	115	18.0	18.5092592593	3.76672083795
scaffold18392_6_TIGR02712:1:793:-	223	11.0	19.1919191919	19.5960090596
scaffold30360_4_TIGR03992:2058:2799:+	760	69.0	69.0337381916	11.0852515693
scaffold11247_2_TIGR03906:104:728:-	271	20.0	26.8044871795	17.1806086388
C479553_1_TIGR02252:220:631:+	734	167.0	160.681265207	17.3068236646
C517777_1_TIGR03992:13918:14668:+	380	50.0	50.2373333333	7.08479636656
scaffold29231_1_TIGR03992:9:534:-	941	147.0	145.047619048	15.9805721051
scaffold28836_1_TIGR00090:91:388:-	26	5.0	5.60606060606	1.45748860488
scaffold15636_5_TIGR02214:6:582:-	77	9.0	9.11111111111	2.29994296762
scaffold15636_4_TIGR02214:86:761:-	120	12.0	11.9748148148	4.04100681475
scaffold931_54_TIGR00914:3:2229:-	817	15.0	23.4213836478	27.8984226541
scaffold33045_1_TIGR02214:65:1352:-	791	40.0	40.8034188034	11.4467540333
scaffold10063_4_TIGR00914:10:880:-	835	61.0	61.9126436782	17.8295686515
scaffold10063_3_TIGR00914:1780:3496:-	1276	59.0	62.0769230769	25.2516685289
scaffold9345_65_TIGR00090:171:471:-	68	13.0	12.9466666667	2.63637798673
scaffold11220_2_TIGR01316:3:660:+	232	10.0	21.6316590563	19.774253416
scaffold24706_1_TIGR00005:1332:1653:+	128	20.0	23.6199376947	8.6094985578
scaffold28385_3_TIGR03906:217:559:-	215	37.0	37.418128655	4.30327211364
scaffold1831_13_TIGR03906:1187:1523:+	76	14.0	13.1666666667	4.66262580153
scaffold28867_1_TIGR00152:28230:28779:+	992	179.0	180.245901639	13.7184679533
scaffold28867_1_TIGR00698:34257:35220:+	1816	198.0	194.31152648	21.0274147825
scaffold3498_17_TIGR00005:6019:6955:+	298	21.0	21.8568376068	4.74553504041
scaffold33380_1_TIGR03992:6519:7056:+	1256	315.0	314.357541899	28.1834688777
scaffold33380_1_TIGR02195:9314:10298:+	1870	297.0	296.75	27.74463436
scaffold22329_1_TIGR01981:16676:16826:+	234	90.0	78.9266666667	21.3060544343
scaffold22329_3_TIGR02214:2307:2526:-	303	84.0	79.200913242	15.6717411121
scaffold533_6_TIGR00880:7013:7454:+	676	98.0	93.9795918367	18.9783751103
scaffold2995_2_TIGR03992:500:1313:+	829	69.0	68.8265682657	12.9321507933
scaffold2982_1_TIGR00342:3:642:-	344	32.0	34.4960876369	10.7029708057
C514576_1_TIGR00914:2897:3953:-	1756	179.0	180.62405303	16.1166953319
scaffold14324_1_TIGR02627:1308:2685:-	2633	186.0	186.331154684	14.0424968003
scaffold1628_11_TIGR00092:82:1180:+	572	20.0	31.1256830601	22.3351001613
scaffold103_1_TIGR00090:828:1122:-	305	76.0	77.2517006803	10.4960916195
scaffold24377_5_TIGR00092:11499:12597:+	3518	205.5	207.785974499	52.1986424462
scaffold2365_7_TIGR00914:3:867:+	160	11.0	12.8240740741	7.62012285274
scaffold7247_10_TIGR00914:5:314:+	43	8.0	8.59223300971	2.87755591142
scaffold553_4_TIGR00005:408:1353:+	541	36.0	36.928042328	10.5740576464
scaffold2599_3_TIGR00087:7109:7814:-	171	15.0	15.4070921986	3.66392506253
scaffold7703_11_TIGR00914:5:851:-	195	11.0	14.3463356974	13.6483844003
scaffold7703_14_TIGR00914:21:765:-	135	10.0	11.9422043011	8.9304747963
scaffold768_17_TIGR03992:229:1075:+	167	14.0	13.5449172577	4.03439601852
scaffold5977_3_TIGR03992:406:1219:+	1014	80.0	77.6420664207	18.7312461793
scaffold6293_50_TIGR00914:504:1212:+	208	21.0	21.6242937853	7.00988629417
scaffold27337_7_TIGR01316:610:781:+	57	17.0	16.7660818713	1.75159622249
scaffold417_33_TIGR00914:13:2581:-	487	13.0	13.3169781931	3.73217360805
scaffold13121_11_TIGR00914:37:979:-	663	13.0	44.9957537155	50.171065995
scaffold31161_2_TIGR00914:16454:19595:-	5355	106.0	113.831263929	35.626867126
scaffold31161_2_TIGR03992:37687:38476:+	1087	72.0	86.9974651458	45.504383484
scaffold20297_1_TIGR00005:4:265:+	86	18.0	20.6398467433	10.1487302858
scaffold24957_1_TIGR00005:320:590:-	30	7.5	7.35925925926	2.7217585899
scaffold9273_7_TIGR02712:46:739:-	801	121.0	119.516594517	29.2359920495
scaffold5912_10_TIGR00914:3:2172:-	4368	142.0	142.600276625	29.903690805
scaffold18397_2_TIGR03992:3:780:+	111	11.0	10.1698841699	3.15322459405
scaffold190_4_TIGR00914:3:624:-	107	10.0	12.1513687601	5.86424128287
scaffold190_6_TIGR00914:2:305:-	59	10.0	11.6732673267	5.62075757592
scaffold10557_7_TIGR02195:163:691:-	92	12.0	11.3446969697	4.43626266392
scaffold742_20_TIGR02712:688:931:-	59	15.0	16.1728395062	6.29740972968
scaffold742_21_TIGR02712:3:1080:-	201	12.0	13.9257195915	5.03581025535
scaffold4951_1_TIGR03906:80:1424:-	270	14.0	13.8489583333	3.37228048962
scaffold32810_8_TIGR02627:12096:12399:-	521	103.0	104.148514851	15.7606181748
scaffold27880_3_TIGR02252:9215:9818:-	943	102.0	100.374792703	12.9249201267
scaffold26649_4_TIGR00090:231:522:+	71	14.0	14.0412371134	3.83217754336
scaffold2582_14_TIGR00092:2:773:-	263	20.0	22.6614785992	10.5628037091
scaffold30234_3_TIGR00092:41536:41818:-	680	122.0	133.783687943	23.6136008534
scaffold11701_23_TIGR03992:2760:3330:-	103	29.0	29.9210526316	5.09410518775
scaffold25318_2_TIGR00880:15950:16394:+	246	35.0	33.8626126126	5.55046856422
scaffold33104_2_TIGR03992:2628:3333:-	342	32.0	31.8794326241	7.64502821549
scaffold13985_2_TIGR01800:182:1388:-	931	49.0	51.2106135987	17.7119597784
scaffold8943_2_TIGR01800:2725:3880:+	1444	135.0	135.257142857	15.5910016387
scaffold6454_1_TIGR02252:273:615:-	40	7.0	7.83625730994	2.95721459418
scaffold5070_17_TIGR01316:1341:1854:-	149	21.0	20.0935672515	3.79789332492
scaffold5070_18_TIGR01316:2:803:-	246	18.0	20.1298377029	6.76449725181
scaffold3720_16_TIGR00914:4857:7428:-	616	17.0	17.1555814858	5.12062840298
scaffold2857_37_TIGR00914:8:1220:+	310	16.0	17.2887788779	5.29048334469
scaffold20069_13_TIGR01020:270:738:-	88	11.0	12.9764957265	4.38157112208
scaffold3681_10_TIGR00698:3692:4700:+	187	12.0	12.5228174603	3.65059725468
scaffold8102_3_TIGR00914:106:904:-	380	27.0	30.3345864662	20.3081420457
scaffold8102_7_TIGR00914:1:547:-	509	29.0	49.2692307692	43.1552148615
scaffold8102_5_TIGR00914:8:764:-	1000	39.5	78.7103174603	79.5203507905
scaffold1073_11_TIGR01900:11:641:-	311	23.0	29.2238095238	21.3949052998
scaffold17254_10_TIGR00880:1280:1712:-	106	15.0	14.8587962963	3.05746906274
scaffold197_3_TIGR00914:868:3904:-	7707	173.0	174.7585639	39.693962777
scaffold32817_1_TIGR00880:10181:10607:+	266	39.0	39.8356807512	6.85608219279
scaffold32817_3_TIGR01316:8211:9306:-	509	30.0	30.4365296804	7.97022649185
scaffold32134_3_TIGR02195:597:1662:-	177	12.0	11.5953051643	3.15909544994
scaffold32134_5_TIGR03992:17:503:-	106	24.0	24.2674897119	4.28251933887
scaffold569_20_TIGR00005:558:1233:-	130	20.0	20.0903703704	3.49337731257
scaffold23116_3_TIGR03992:2:203:-	46	14.0	13.0298507463	2.48159483257
scaffold9165_10_TIGR02195:4:253:+	39	10.0	10.3975903614	3.31822190386
scaffold445_8_TIGR00914:7676:10688:+	1222	35.0	35.880810093	6.87244364699
scaffold32077_3_TIGR00092:22411:22693:-	647	133.0	133.54964539	16.0800088393
scaffold8827_1_TIGR00741:951:1245:+	858	178.0	182.462585034	31.805910568
scaffold32397_2_TIGR02214:1833:3600:-	632	21.0	23.2354272779	12.9026230263
scaffold11147_3_TIGR02627:628:1306:-	187	20.0	18.7463126844	4.82287533757
scaffold11147_9_TIGR00914:10:2350:+	613	18.0	18.3337606838	6.04867481799
scaffold4131_26_TIGR00005:177:1113:+	549	18.0	35.7948717949	51.8097750836
scaffold3766_18_TIGR00914:1:661:-	69	8.0	7.65606060606	2.28331423048
scaffold3766_17_TIGR00914:3:723:-	90	9.0	9.89861111111	4.71722591077
scaffold3766_15_TIGR00914:3:519:-	89	12.0	12.2887596899	3.03531373492
scaffold11741_37_TIGR03906:44:602:-	106	12.0	12.5860215054	3.78057925616
scaffold30933_1_TIGR00914:2:971:-	104	8.0	7.71207430341	2.34942162495
scaffold8014_13_TIGR00914:640:3766:+	784	16.0	17.1740243122	7.93042625061
scaffold3258_8_TIGR03131:4479:5355:-	1578	95.0	106.737442922	36.9849039282
scaffold25909_2_TIGR00005:6893:7829:-	2187	207.0	209.908119658	30.5530241465
scaffold21833_41_TIGR00092:85:1177:-	145	10.0	9.33791208791	2.91238206062
scaffold1241_2_TIGR03906:311:974:-	154	9.0	13.7119155354	16.6891541748
scaffold28503_4_TIGR00880:1:175:-	23	8.0	8.45977011494	1.64913490175
scaffold4530_22_TIGR01981:453:1281:-	141	11.0	11.9263285024	3.57265953905
scaffold21954_3_TIGR01316:31428:32703:+	1742	128.0	127.149803922	18.031092698
scaffold21954_3_TIGR02712:18450:19371:-	2234	177.0	190.432138979	54.2126749434
scaffold931_69_TIGR03992:4:673:+	120	18.0	17.5814648729	3.27896091776
scaffold372_3_TIGR00880:27266:27431:+	394	120.0	124.0	9.64836302649
scaffold7923_5_TIGR03992:1308:2055:+	202	17.0	18.2088353414	4.90981882209
scaffold4511_4_TIGR01957:665:731:-	81	10.0	21.0151515152	22.4374500416
scaffold4511_4_TIGR01962:65:311:-	129	11.0	22.4593495935	26.6309537407
scaffold32965_2_TIGR00005:3891:4182:-	102	24.0	22.4536082474	6.24530716226
scaffold27267_1_TIGR01316:8582:9917:-	778	25.0	36.3685393258	28.1404806404
scaffold68_1_TIGR01316:8544:9879:+	2029	166.0	180.940074906	61.1024755133
scaffold9165_9_TIGR02195:11:635:+	116	11.0	12.2836538462	3.26225334789
scaffold3703_26_TIGR01020:5191:5650:+	400	27.0	41.1590413943	28.3226581188
scaffold3891_10_TIGR02712:4011:4374:-	273	26.0	43.6005509642	51.0545832224
scaffold3891_11_TIGR02712:2:803:-	210	18.0	18.252184769	4.26305129431
scaffold15851_1_1_TIGR01020:3:357:+	813	123.5	121.838983051	73.7247097695
scaffold339_40_TIGR00914:5841:8997:+	1642	19.0	31.8567807351	33.0468388304
scaffold32786_1_TIGR00880:3597:4032:-	470	72.0	66.3425287356	19.1662996398
scaffold434_2_TIGR02214:20094:21876:+	3794	154.0	156.039842873	29.6656089846
scaffold434_1_TIGR00005:14324:14981:+	1862	163.0	174.546423135	37.5032587949
scaffold5331_2_TIGR00914:1:991:-	776	63.0	70.2535353535	29.153847618
scaffold4150_2_TIGR00914:5:497:+	144	11.0	18.5223577236	17.2560083836
scaffold5070_27_TIGR03906:1614:1728:-	37	22.0	21.1140350877	2.87993290592
scaffold8745_46_TIGR01900:1733:1814:+	41	17.0	16.5679012346	2.38274803279
scaffold1826_46_TIGR01316:5:122:-	29	13.0	13.4188034188	2.14531617115
scaffold1826_41_TIGR02712:605:806:-	28	9.0	8.3631840796	2.45201466784
scaffold768_20_TIGR03906:928:1300:-	64	11.0	11.2311827957	2.48658674789
scaffold768_21_TIGR03906:1:967:-	177	13.0	13.0300207039	3.58628186259
scaffold18123_20_TIGR00914:6643:8416:-	1081	33.0	40.1827411168	24.1710485773
scaffold27190_4_TIGR00914:2570:5699:+	740	16.0	16.5608820709	4.44995078508
scaffold1731_5_TIGR00914:42:1137:-	649	23.0	35.1223744292	34.3944298589
scaffold13454_8_TIGR01900:4826:5927:-	238	14.0	14.527702089	5.28226043307
scaffold1159_22_TIGR01962:137:371:-	59	17.0	19.0641025641	6.27572941977
scaffold33330_1_TIGR00092:1954:3052:-	2194	134.0	133.841530055	27.2785407468
scaffold16031_14_TIGR00880:8858:9260:-	354	54.0	54.8208955224	8.91461772306
scaffold16031_12_TIGR01962:20488:20728:+	210	48.0	47.9541666667	4.92548467722
scaffold16031_12_TIGR01957:18610:19042:+	345	38.0	46.7962962963	28.8704832155
scaffold16031_10_TIGR00880:1760:2057:+	209	45.0	44.9057239057	8.86816275624
scaffold6066_7_TIGR00914:1:622:-	573	33.0	54.7971014493	58.9700985227
scaffold6066_8_TIGR00914:193:2056:-	1388	29.0	45.3456790123	49.5055605714
scaffold29527_2_TIGR00914:15920:19046:+	1779	38.0	39.4872040947	10.1868498174
scaffold32727_3_TIGR03992:331:1111:+	830	90.0	89.1923076923	16.0971869595
scaffold14323_6_TIGR00914:156:1869:-	438	18.0	17.9468768243	5.76399871087
scaffold14323_4_TIGR00914:1688:2723:-	283	17.0	18.5536231884	5.14483690469
scaffold14323_3_TIGR00914:17:893:-	189	14.0	14.7077625571	4.55273353768
scaffold14323_1_TIGR00914:129:1242:-	270	16.0	16.5175202156	5.96108285928
scaffold9683_2_TIGR03992:128:749:+	113	11.0	11.7085346216	5.1380687059
scaffold2248_2_TIGR03992:388:1201:+	785	56.0	61.1586715867	24.1951509115
scaffold14929_2_TIGR03992:1:445:-	238	36.0	34.5675675676	7.26105447585
scaffold14721_2_TIGR01962:26:242:-	31	13.0	12.9907407407	1.31230198062
C480119_1_TIGR03992:308:656:+	878	227.0	223.560344828	21.680791114
scaffold9114_5_TIGR02712:100:514:+	63	8.0	8.82367149758	4.97436132364
scaffold7198_28_TIGR00914:651:3570:+	640	15.0	15.1514217198	4.06115766449
scaffold26769_2_TIGR01957:602:1034:+	303	30.5	41.5601851852	36.0171138329
scaffold1368_90_TIGR00914:7:376:+	84	11.0	14.6314363144	8.94546490583
scaffold11530_1_TIGR00914:9:765:+	103	9.0	9.4828042328	2.7800252309
scaffold11530_5_TIGR00914:13:658:+	81	9.0	8.73136645963	2.25767373182
scaffold7267_3_TIGR03131:12700:13612:+	1194	131.0	131.962719298	9.5563157939
scaffold693_3_TIGR04346:4:730:+	74	7.0	7.38292011019	2.36058900567
scaffold2857_64_TIGR00914:3:783:-	175	16.0	15.6230769231	4.79064052987
scaffold11453_42_TIGR00914:284:962:+	99	10.0	9.85398230088	3.81012164033
scaffold11453_41_TIGR00914:446:2258:+	326	10.0	11.864790287	6.90002213982
scaffold9072_2_TIGR03906:590:1130:-	91	10.0	10.9981481481	4.59649587712
scaffold17656_4_TIGR02712:4405:5470:+	2783	166.0	175.978403756	38.5164376017
scaffold210_2_TIGR00092:5185:5464:-	652	138.0	138.594982079	11.399747368
scaffold445_24_TIGR01800:537:1722:+	497	45.0	43.5063291139	7.82402459008
scaffold3004_11_TIGR01981:3241:4093:-	683	42.0	50.9131455399	40.4017612915
scaffold1132_9_TIGR00342:153:1041:+	187	14.0	14.2480270575	5.13816259204
scaffold27993_2_TIGR00092:345:1191:+	114	9.0	9.10769230769	3.26741125838
C494498_1_TIGR00092:3:687:+	241	21.0	22.3713450292	11.4076304592
scaffold14318_5_TIGR00005:857:1514:-	307	19.0	25.5616438356	15.4948684698
scaffold368_2_TIGR00005:39360:40050:+	1342	151.0	150.962318841	11.9544437369
scaffold24757_6_TIGR03992:598:1366:+	209	16.0	17.17578125	7.46740046483
scaffold4858_13_TIGR00005:4:427:+	54	8.0	8.59574468085	2.88301143631
scaffold14321_1_TIGR02712:6:627:+	199	12.0	20.267310789	19.2856160432
scaffold14321_5_TIGR00698:2:572:-	64	9.0	7.96315789474	2.82539434161
scaffold16772_2_TIGR01981:346:1198:+	758	36.0	53.7100938967	44.7812548968
scaffold9904_37_TIGR01900:1302:2331:+	244	15.0	15.250728863	3.40143912168
scaffold817_32_TIGR00914:4:2872:-	768	19.0	18.8940027894	4.90473317807
scaffold4226_1_TIGR03992:1306:1963:+	164	16.0	16.2420091324	4.12375539047
scaffold5058_1_TIGR02214:12562:12775:-	427	241.0	239.835680751	7.60999121686
scaffold6201_22_TIGR00914:1:694:-	266	18.0	23.4574314574	20.6716930847
scaffold6201_21_TIGR00914:1:2023:-	938	19.0	27.8214638971	29.946379285
scaffold984_46_TIGR00880:486:915:+	78	10.0	11.2820512821	4.54628406752
scaffold297_54_TIGR00914:864:3942:+	876	17.0	19.3310591293	16.599803998
scaffold22905_2_TIGR02195:597:1617:+	361	20.0	22.2490196078	7.42338310246
scaffold9376_4_TIGR01316:1206:1722:-	115	13.0	14.7906976744	7.28694746716
scaffold25640_8_TIGR02252:1440:2037:-	161	17.0	18.02680067	4.41475582493
scaffold4658_1_TIGR03992:3479:4172:+	169	17.0	16.5281385281	3.45632433666
scaffold1_6_TIGR01800:4:220:+	74	22.0	20.5231481481	6.88459238527
scaffold6097_2_TIGR02712:1858:2875:-	2445	143.0	155.789577188	52.6131404331
scaffold16061_5_TIGR00914:9224:12266:+	6234	170.0	175.438527285	32.8446776255
scaffold9964_50_TIGR01962:1020:1233:+	64	20.0	19.8685446009	2.11890578639
scaffold9964_50_TIGR01957:1533:1965:+	110	18.0	17.8263888889	2.11036856459
scaffold26400_1_TIGR00880:1204:1624:-	194	28.0	29.4357142857	7.06252084459
scaffold417_34_TIGR00914:3:519:-	92	12.0	11.7965116279	4.13381632921
scaffold8880_23_TIGR02712:4191:5175:+	217	15.0	14.7296747967	4.61440981524
scaffold13121_10_TIGR00914:1:1408:-	2092	88.0	94.9317697228	65.4376521456
scaffold11097_3_TIGR00005:9:534:-	61	8.0	7.68761904762	1.6334418956
scaffold2582_15_TIGR00092:1:163:-	86	30.0	27.6111111111	9.85465359771
scaffold20907_2_TIGR03131:10594:11470:+	744	37.0	53.9577625571	35.3488394921
scaffold18871_4_TIGR00914:88:640:+	94	11.0	11.4029038113	3.23225445809
scaffold7473_15_TIGR02214:18550:18775:-	189	45.0	46.0622222222	7.64987404076
scaffold7473_17_TIGR01900:5368:6397:-	758	51.0	50.9844509232	10.3908904194
scaffold7473_11_TIGR01981:599:1451:+	948	82.0	92.294600939	35.4686771681
scaffold367_23_TIGR00914:2:1664:-	438	23.0	23.2641395909	5.41797176092
scaffold367_22_TIGR00914:132:1539:-	384	19.0	18.8280028429	5.81156217648
scaffold12045_2_TIGR01316:530:638:+	18	7.0	6.61111111111	0.979732893808
scaffold2093_3_TIGR00914:829:1237:+	90	16.0	14.8553921569	3.68637799057
scaffold8844_15_TIGR00005:4816:5497:-	210	21.0	20.7092511013	4.66788819518
scaffold20743_3_TIGR03131:7948:8827:+	1710	125.0	126.38225256	24.1919129
scaffold1811_62_TIGR01316:3:813:-	143	12.0	12.4308641975	3.87658822809
scaffold1811_61_TIGR01316:289:775:-	94	13.0	12.9835390947	3.25332002399
scaffold283_6_TIGR03906:455:746:-	86	17.0	17.1512027491	3.34157764612
scaffold18123_21_TIGR00914:39:1347:-	886	35.0	43.4617737003	26.6730557429
scaffold26728_1_TIGR01020:3:384:+	1131	164.0	156.874015748	96.0982102733
scaffold2615_35_TIGR01020:3899:4256:-	56	11.0	10.5630252101	3.01343022425
scaffold27428_3_TIGR00914:2593:5635:+	5626	115.0	125.869493754	41.5431351795
scaffold6410_2_TIGR00090:236:536:+	480	96.0	109.38	33.627304382
scaffold6410_2_TIGR00087:5626:6331:-	1080	98.0	108.860992908	37.0999106746
scaffold4824_3_TIGR03906:186:1242:-	516	35.0	34.1297348485	7.2756356021
scaffold30150_1_TIGR03906:34:556:-	204	19.0	21.8869731801	15.4191955936
scaffold186_2_TIGR00741:26:320:-	216	18.0	38.1768707483	32.6465717758
scaffold23806_1_TIGR03992:9264:9666:+	228	33.0	33.9701492537	5.84451134938
scaffold23429_12_TIGR00092:2109:3207:+	517	25.0	29.6202185792	18.3823644189
scaffold3357_1_TIGR00914:2:626:-	157	17.0	17.2516025641	4.52972702477
C499800_1_TIGR03906:807:1110:+	205	36.0	38.3894389439	11.7582982711
scaffold28692_2_TIGR02252:295:622:+	35	6.0	6.63302752294	1.69001683103
scaffold25184_2_TIGR01900:268:1297:-	2059	138.0	138.704567541	21.5649219482
C517381_1_TIGR00914:9058:10144:+	3861	247.0	244.698895028	33.4407276233
scaffold2898_3_TIGR01316:324:1662:+	411	16.0	20.2772795217	16.3824373062
scaffold4973_20_TIGR00880:1:421:-	133	15.0	21.3261904762	18.9310976152
scaffold32003_1_TIGR00914:1:814:-	485	15.0	34.3370233702	34.629645804
scaffold10078_6_TIGR00914:1:793:-	183	13.0	15.5113636364	8.70692120835
scaffold15453_8_TIGR03906:86:722:+	175	24.0	30.1761006289	12.7942275659
scaffold5733_16_TIGR00880:30:201:-	87	23.0	26.2105263158	13.1033724182
scaffold31734_9_TIGR00914:6:1560:-	325	9.0	12.3758043758	10.7328184279
scaffold31734_6_TIGR00914:80:719:-	132	15.0	18.0187793427	8.08152655359
scaffold161_6_TIGR00880:3392:3821:+	773	108.0	112.687645688	24.4304895925
scaffold161_6_TIGR00914:9792:12918:+	5471	122.0	123.501919386	23.154419786
scaffold533_13_TIGR00914:3946:6973:+	4067	104.0	108.232903865	26.8120056708
scaffold27904_1_TIGR00342:3:540:-	60	7.0	7.52141527002	2.60853909484
scaffold25262_1_TIGR00090:1178:1472:+	304	57.0	61.5340136054	22.2193119305
scaffold17429_3_TIGR02627:646:1564:+	160	15.0	15.2734204793	3.90859221375
scaffold20882_3_TIGR00005:5:323:+	56	11.0	10.7735849057	2.75504004309
scaffold4477_20_TIGR00092:4929:6024:+	249	16.0	16.0410958904	4.609019417
scaffold8014_36_TIGR00914:1712:2864:+	337	19.0	20.2725694444	7.17286633456
C506070_1_TIGR00914:3:1656:-	6209	265.0	271.840895342	39.6707803548
scaffold3350_16_TIGR02712:606:972:+	92	15.0	15.4153005464	2.53331588842
scaffold3350_15_TIGR02712:3:846:+	263	21.0	21.6476868327	4.80563664069
scaffold3328_7_TIGR00914:7442:10034:-	676	17.0	18.0439814815	7.4281274878
scaffold32089_3_TIGR02214:291:507:-	554	177.0	169.74537037	25.4328268635
scaffold32089_3_TIGR01900:15667:16699:-	2304	182.0	181.958333333	24.2485356453
scaffold31849_3_TIGR01316:2040:3375:-	2084	110.0	112.480898876	28.1719607584
scaffold31849_4_TIGR00914:16207:19231:-	4599	133.0	135.049272487	26.0051738493
scaffold365_3_TIGR01981:3630:4482:+	509	22.0	37.5762910798	31.9953789408
scaffold365_4_TIGR01981:505:1333:+	228	19.0	18.2922705314	4.41824152007
C478929_1_TIGR03906:121:631:+	693	89.0	88.6039215686	13.6414874812
scaffold9630_1_TIGR01316:595:1627:-	243	17.0	15.9089147287	5.37232338119
scaffold9630_3_TIGR02712:1319:2777:+	393	19.0	19.1961591221	5.91816033375
scaffold9630_4_TIGR02712:262:649:+	100	16.0	16.0852713178	3.12536759451
scaffold33295_2_TIGR00914:7040:10154:-	5639	130.0	137.665382145	35.1122309611
scaffold26980_5_TIGR00914:15199:18301:+	8263	163.0	176.279819471	60.9636009737
scaffold16031_3_TIGR00090:468:768:-	181	36.0	36.38	5.89086298149
scaffold16031_2_TIGR00087:14241:14949:+	441	51.0	52.7711864407	15.1525637015
scaffold16031_1_TIGR00914:18289:21421:+	2280	55.0	57.0507662835	18.1178289039
scaffold28037_1_TIGR01316:188:986:+	588	42.0	47.1328320802	19.6391609126
scaffold29991_2_TIGR01800:55:763:+	82	7.0	7.92231638418	2.70402697213
scaffold340_2_TIGR00914:1311:4473:-	7155	147.0	156.73086654	48.3639937456
scaffold33092_2_TIGR00152:3848:4415:+	866	97.0	93.5731922399	11.5880733343
scaffold11473_11_TIGR02214:4:952:+	277	11.0	16.7109704641	21.2154610325
scaffold367_12_TIGR00880:2043:2454:-	135	24.0	25.0145985401	4.54282472356
scaffold656_3_TIGR03906:15724:16039:-	293	54.0	56.1174603175	11.9148638621
scaffold817_17_TIGR00914:1:697:-	148	15.0	14.9123563218	4.45727703712
scaffold14201_5_TIGR00005:1139:2072:+	2020	132.0	140.41693462	36.965103506
scaffold3953_3_TIGR01962:12231:12471:+	589	132.0	135.1	11.5671229497
scaffold3953_3_TIGR01957:10426:10858:+	904	118.0	119.277777778	31.9494923548
scaffold1126_2_TIGR03906:2669:3155:+	324	42.0	40.7242798354	9.31645889673
scaffold30018_3_TIGR01957:29499:29931:+	1037	137.0	150.046296296	45.4050462727
scaffold30018_3_TIGR01962:31341:31575:+	542	133.0	124.803418803	18.0823091125
scaffold12129_4_TIGR02214:3:906:+	464	33.0	34.1240310078	11.6920673588
scaffold13895_5_TIGR03992:397:568:+	22	6.0	6.76023391813	1.55441192626
scaffold3143_25_TIGR03992:2629:2737:-	50	20.0	18.9722222222	3.68042452597
scaffold26703_1_TIGR00914:7497:10527:+	1820	51.0	54.7300330033	19.2945311682
scaffold26526_2_TIGR00914:4:622:+	243	9.0	17.3517017828	36.9415562057
scaffold1368_31_TIGR00914:815:1346:+	94	11.0	11.5725047081	4.19531587258
scaffold24232_1_TIGR02195:6744:7764:-	1902	502.0	504.843137255	17.1990338865
scaffold5570_11_TIGR00914:2723:3563:+	200	14.0	15.1988095238	7.0939107699
scaffold5570_14_TIGR00914:19:1600:+	346	13.0	14.6938646426	6.91009539716
scaffold3764_13_TIGR00880:10613:10685:+	25	19.0	19.5555555556	1.79419502911
scaffold16952_4_TIGR00914:4:1087:+	161	11.0	10.5032317636	4.4511028325
scaffold18096_7_TIGR01981:16:868:+	354	26.0	30.1314553991	20.6428174425
scaffold18096_8_TIGR01981:495:1323:+	330	34.0	35.3828502415	6.37549244791
scaffold21130_4_TIGR00005:1191:2097:-	162	13.0	13.0022075055	3.80019686736
scaffold3273_3_TIGR00880:26:263:-	35	9.0	8.70042194093	2.26487577346
scaffold4701_6_TIGR00741:50:344:-	32	6.0	6.26530612245	1.81949582092
scaffold3233_19_TIGR01316:550:865:+	69	14.0	14.873015873	3.8598135636
scaffold3233_14_TIGR00914:1244:4343:+	1077	23.0	23.4972571797	8.11001967113
scaffold9644_4_TIGR00090:7849:8149:+	645	119.0	126.323333333	23.1910641316
scaffold9644_4_TIGR00087:13220:13925:-	1562	142.0	147.490780142	26.1038892804
scaffold13907_2_TIGR00914:6110:8093:-	3357	191.0	191.295007564	22.1858061663
C472445_1_TIGR02712:3:567:-	1503	244.0	236.932624113	34.8945584907
scaffold10028_9_TIGR02214:996:1212:-	65	19.0	18.5185185185	3.72051739104
scaffold4044_1_TIGR00914:1732:4762:+	1109	20.0	23.0712871287	15.8163824704
scaffold4455_1_TIGR00005:197:884:-	379	13.0	26.5356622999	29.2114929296
scaffold319_1_TIGR00914:7558:10693:+	4751	243.0	243.465709729	17.6703471577
scaffold33173_2_TIGR00880:9955:10360:-	506	73.0	72.8543209877	14.823605211
scaffold15504_16_TIGR00880:5434:5848:+	164	25.0	25.1183574879	4.63894470006
scaffold15504_18_TIGR00092:7795:8893:+	765	40.0	44.4489981785	20.5080650513
scaffold12779_3_TIGR00914:3987:7152:-	1986	25.0	39.2644549763	41.1060419262
scaffold3071_3_TIGR00880:59:443:+	135	8.0	20.5390625	27.1221875492
scaffold33266_1_TIGR02712:9109:9361:+	575	266.0	257.654761905	27.9023925331
C480787_1_TIGR03906:84:666:-	446	50.0	48.7285223368	18.2788211686
scaffold29234_1_TIGR01800:573:1260:+	1516	154.0	151.604075691	17.6619686396
scaffold148_26_TIGR00880:1:259:-	90	21.0	21.511627907	3.92293253517
scaffold5731_3_TIGR01981:752:1604:-	2073	183.0	188.007042254	20.4391332098
scaffold5731_2_TIGR01981:40187:41015:-	2131	220.0	221.124396135	27.2037887031
scaffold5825_9_TIGR03992:101:800:+	144	14.0	13.6108726753	5.05621579074
scaffold5825_2_TIGR03992:7105:7870:+	186	16.0	16.4026143791	5.29421867087
scaffold22005_3_TIGR00914:3:510:+	978	124.0	125.311637081	97.1122366724
scaffold22005_2_TIGR00914:4:964:+	1122	124.0	111.376041667	44.4945367545
scaffold22005_5_TIGR00914:4:982:+	1086	59.0	68.1840490798	54.3716182802
scaffold6997_2_TIGR03239:1:157:-	20	7.0	6.42307692308	1.51504616811
scaffold20427_19_TIGR00914:2:1535:-	314	13.0	14.4774951076	6.54656030153
scaffold5912_9_TIGR00914:10258:11092:-	1802	139.5	145.56235012	40.5159952692
scaffold5912_2_TIGR01800:38328:39483:+	2325	135.0	137.089177489	22.2233801988
scaffold15457_1_TIGR00880:617:1028:+	87	10.0	10.5888077859	4.43485106079
scaffold7198_46_TIGR01800:2099:3254:+	367	20.0	20.3826839827	6.70031682908
scaffold3671_26_TIGR03992:526:775:-	59	16.0	16.140562249	5.67389580974
scaffold2830_10_TIGR02195:4565:5591:+	278	17.0	17.8382066277	4.00257498748
scaffold1723_20_TIGR00698:496:1528:+	565	37.0	38.144379845	9.98455626268
C473737_1_TIGR02252:9:363:+	559	101.0	98.0564971751	9.72399764002
scaffold302_24_TIGR01962:21574:21808:+	184	19.0	34.4230769231	34.9782053867
scaffold302_24_TIGR01957:19712:20144:+	411	61.0	58.1736111111	35.0308058597
scaffold4723_4_TIGR01316:1:562:-	275	15.0	31.2780748663	31.842152477
scaffold10781_1_TIGR00914:60287:63398:+	9046	227.0	233.819350691	44.160567588
scaffold33126_2_TIGR00914:174:3297:-	8482	213.0	219.928914505	36.1723655807
scaffold33126_1_TIGR00914:3735:6855:-	7459	274.0	276.329807692	35.8394730632
scaffold739_2_TIGR00090:6666:6966:-	649	150.5	147.363333333	23.2636624135
scaffold739_2_TIGR00087:930:1635:+	1354	153.0	156.076595745	17.7221208019
scaffold83_1_TIGR00698:2551:3505:+	338	18.0	22.4758909853	14.302876281
scaffold1748_20_TIGR02627:3:543:-	75	10.0	10.2037037037	2.94944834534
scaffold1748_22_TIGR02627:3:369:-	145	10.0	18.1174863388	22.5892249138
scaffold26680_1_TIGR00914:651:3774:+	1166	60.0	60.344220301	7.44059541912
scaffold2688_10_TIGR02214:213:2019:+	449	16.0	17.165559247	5.03539508343
scaffold1114_1_TIGR00698:686:1295:-	257	27.0	28.6403940887	8.70915249143
scaffold10882_2_TIGR02214:5:1058:+	540	39.0	41.6932573599	14.699778801
scaffold353_51_TIGR00914:12:1260:+	680	24.0	34.2764423077	22.7495355582
scaffold12338_1_TIGR02712:3:243:+	223	56.5	51.8333333333	15.3437464641
scaffold3163_3_TIGR00914:817:1141:-	307	44.5	51.0277777778	21.2538122942
scaffold8383_2_TIGR00880:3:153:-	33	16.0	16.52	2.40477303156
scaffold29_9_TIGR01800:223:676:-	123	18.0	18.5562913907	5.27767896873
scaffold5716_7_TIGR03992:902:1022:+	23	7.0	7.73333333333	1.47610598837
scaffold30427_7_TIGR03992:709:1081:+	88	14.0	13.7795698925	2.50264630435
scaffold2918_51_TIGR03992:494:875:-	102	16.0	16.1312335958	2.99844155506
scaffold1368_33_TIGR00914:2478:2613:+	192	7.0	31.1333333333	59.1770476026
scaffold1368_32_TIGR00914:1559:2525:+	283	13.0	18.6511387164	15.8675754959
scaffold30608_1_TIGR01981:16477:17329:-	2517	187.0	187.802816901	45.4801054535
scaffold25903_1_TIGR00092:205:565:+	175	24.0	27.6194444444	11.2092303097
scaffold5933_7_TIGR00914:5685:6747:-	1665	108.0	106.017890772	16.9818408629
scaffold1777_14_TIGR03992:22:517:-	87	11.0	10.8545454545	2.96768020573
scaffold1777_18_TIGR03992:394:1165:-	115	10.0	10.1102464332	2.94560039334
scaffold27716_2_TIGR00880:9130:9541:-	741	100.0	99.0413625304	23.8369510553
scaffold27716_5_TIGR02712:8275:9148:-	1735	108.0	124.536082474	47.9634873705
scaffold27716_5_TIGR01316:21202:22477:+	1565	80.0	81.7835294118	16.0847816059
scaffold27716_4_TIGR00914:1429:4558:+	4145	90.0	91.0297219559	22.6299608508
scaffold2723_8_TIGR01316:7:769:-	361	26.0	31.9750656168	20.2202610846
scaffold2723_1_TIGR00914:1285:2809:-	884	39.0	40.3484251969	12.715852482
scaffold2723_2_TIGR00914:5:1532:-	835	34.0	36.1250818599	17.8173279999
