C918110_1_TIGR00005:2:638:-	466	48.0	48.8977987421	7.93094775304
scaffold14383_1_TIGR03992:2183:2921:-	606	54.0	54.1598915989	5.72437530364
scaffold13887_16_TIGR01316:4:376:+	74	12.0	12.0215053763	3.03289667644
scaffold13887_14_TIGR01316:655:1435:+	195	14.0	16.1717948718	8.47522630264
scaffold34500_2_TIGR02214:2:638:-	100	10.0	10.7798742138	3.57075437081
scaffold37551_1_TIGR03992:194:1019:-	365	25.0	27.5818181818	12.0658158384
scaffold3834_11_TIGR02214:4:505:+	72	9.0	9.27944111776	3.12253998775
scaffold3834_10_TIGR02214:4:529:+	74	10.0	9.87213740458	3.26747597517
scaffold2626_11_TIGR00914:2821:3979:-	301	16.0	17.4343696028	7.47526214383
scaffold9464_4_TIGR00698:3153:4080:-	214	16.0	15.9676375405	3.09033869214
scaffold9464_7_TIGR02627:1550:2123:-	109	11.0	11.9197207679	3.56449114597
scaffold30306_2_TIGR03992:44:236:-	52	13.0	12.6875	2.40794042354
scaffold2624_13_TIGR02214:3:561:-	131	14.0	15.4695340502	4.70205134805
scaffold2624_12_TIGR02214:1279:2377:-	218	14.0	13.5646630237	4.04211762177
scaffold2624_14_TIGR02214:2:854:-	170	14.0	14.029342723	3.21277278338
scaffold455_2_TIGR02712:36663:38052:-	644	32.0	36.6702663787	15.344401943
scaffold455_2_TIGR00741:221:515:-	302	31.0	47.387755102	28.6693438822
scaffold46448_3_TIGR00005:5:722:+	249	17.0	21.220362622	13.4005548869
scaffold11525_9_TIGR03992:421:1600:-	568	21.0	27.9906700594	21.484809265
scaffold44742_1_TIGR00092:122:530:+	108	13.0	15.5098039216	7.23654274788
scaffold1045_28_TIGR00914:5:602:-	239	12.0	21.9614740369	20.1287361734
scaffold1045_27_TIGR00914:1454:3179:-	544	11.0	19.9171014493	19.9662199583
scaffold23651_1_TIGR02627:198:1074:+	127	9.0	9.600456621	3.15073373663
scaffold4538_20_TIGR00880:9446:9869:-	197	40.0	40.1938534279	6.36258716334
scaffold4538_20_TIGR02214:13912:15586:+	848	48.0	47.0203106332	9.42445627125
scaffold707_3_TIGR03992:4933:5695:+	712	60.0	61.0748031496	9.42526455002
scaffold9902_3_TIGR00005:3051:3807:+	840	69.0	72.7645502646	13.2752748827
scaffold4758_16_TIGR02627:201:510:-	61	13.0	13.427184466	2.89604777585
scaffold8277_1_TIGR01962:17921:18161:+	384	95.0	97.6041666667	9.64568034436
scaffold8277_1_TIGR01957:16116:16548:+	550	88.0	87.5277777778	13.4506700462
C940116_1_TIGR00914:267:1086:+	763	83.0	84.0280830281	8.05751259806
C917566_1_TIGR01316:9:522:+	330	37.0	38.9512670565	7.25983659867
C932308_1_TIGR00152:534:966:+	106	15.0	16.0185185185	3.79078190283
scaffold424_1_TIGR02195:13130:13643:+	388	41.0	44.2124756335	12.3515623272
scaffold29243_8_TIGR00741:1308:1602:-	78	15.0	14.4693877551	2.51608734815
scaffold29243_4_TIGR02214:3036:3528:-	93	13.0	12.7276422764	2.57864276436
scaffold20815_9_TIGR00880:169:586:+	122	17.0	17.4868105516	4.16626207859
scaffold20815_2_TIGR00880:1901:2321:+	209	29.0	28.4095238095	5.59667458764
scaffold9965_5_TIGR00090:306:579:+	55	11.0	11.6373626374	5.14518121621
scaffold35688_1_TIGR00880:255:669:-	238	35.0	35.6739130435	8.50305120866
scaffold282_5_TIGR00005:10571:11423:+	626	48.0	49.1572769953	10.466295384
scaffold9739_3_TIGR00914:146:2762:-	1197	30.0	31.3868501529	10.4659143055
scaffold18030_3_TIGR03906:833:1217:+	59	9.0	9.21875	3.71498408756
scaffold13789_6_TIGR00087:541:1228:-	101	10.0	9.99563318777	1.8624407221
scaffold34000_6_TIGR00880:6166:6586:+	123	16.0	17.569047619	4.424229182
scaffold2701_7_TIGR00092:518:887:-	72	11.0	11.6829268293	3.16309273676
scaffold13510_4_TIGR00090:3021:3150:-	249	122.0	120.007751938	13.2504182318
scaffold13510_3_TIGR00087:1479:2184:+	734	69.0	69.5546099291	6.02761346958
scaffold12058_1_TIGR00152:5:197:+	58	16.0	16.734375	3.45917644718
scaffold12058_5_TIGR00880:4:301:+	84	15.0	16.8922558923	4.89573173152
scaffold22506_5_TIGR01800:476:1025:-	83	10.0	10.1803278689	3.03145247067
scaffold48088_1_TIGR01900:94:1255:-	741	44.0	43.6477174849	5.57193320718
scaffold3098_38_TIGR00005:666:1653:+	168	11.0	11.7649442756	3.13095909184
scaffold15248_2_TIGR02214:3:1599:+	741	32.0	32.6723057644	7.45124570815
scaffold6798_19_TIGR02627:1:589:-	109	12.0	11.5782312925	2.87772389761
scaffold8209_2_TIGR03992:256:700:-	62	9.0	9.18018018018	3.00884042253
C891934_1_TIGR00092:443:545:+	77	42.0	38.4117647059	19.8224238942
scaffold7206_11_TIGR00914:151:913:+	190	14.0	15.2388451444	8.90755453535
scaffold25310_2_TIGR02214:161:695:+	66	10.0	9.89513108614	2.07361132668
scaffold198_5_TIGR02214:738:1443:-	665	61.0	61.9687943262	8.85175892888
scaffold4502_12_TIGR02214:247:766:+	76	9.0	9.04816955684	3.16586921135
scaffold24001_2_TIGR03992:678:1086:-	49	8.0	8.15931372549	1.9757380154
scaffold2055_4_TIGR00698:3:543:+	158	20.0	19.5407407407	4.70462808065
scaffold13781_2_TIGR00092:983:1415:+	87	12.0	12.4513888889	3.65116012977
scaffold23885_3_TIGR00741:277:571:-	69	13.0	12.4727891156	4.51802223035
scaffold19044_1_TIGR01020:9783:10257:+	548	114.0	121.259493671	20.0744963984
C895462_1_TIGR00342:345:567:-	237	66.0	63.1486486486	9.05192592981
scaffold21362_1_TIGR03906:2223:2598:-	86	13.0	13.504	2.6491477875
scaffold4401_6_TIGR03992:451:1366:+	266	17.0	18.2928961749	6.72987823152
scaffold8334_4_TIGR03906:478:811:-	44	8.0	8.7027027027	3.33943925791
scaffold7826_10_TIGR02712:1676:2051:+	69	9.0	11.1413333333	4.92436373781
scaffold7826_11_TIGR02712:3:867:+	117	10.0	9.74739281576	2.47137297794
scaffold46858_1_TIGR01800:1173:2049:+	162	12.0	12.5068493151	2.86112323157
scaffold15376_6_TIGR03992:2232:2958:-	194	16.0	17.9393939394	7.39567788802
scaffold5670_19_TIGR03131:9:459:-	77	10.0	10.2088888889	3.90508626863
scaffold119_1_TIGR03992:1617:2214:-	163	27.0	27.7102177554	4.53330642266
scaffold9902_1_TIGR03906:6425:6806:-	578	126.0	124.209973753	10.4794765176
scaffold18268_1_1_TIGR03992:369:981:-	220	21.0	21.8741830065	5.17587921417
scaffold1699_26_TIGR03131:1773:1902:+	26	10.0	9.58139534884	2.05617871821
scaffold22443_1_TIGR03992:1073:2141:+	350	21.0	22.1086142322	7.31279474575
scaffold45126_3_TIGR03992:723:1437:+	231	17.0	18.7114845938	9.82098634894
scaffold22932_1_TIGR03992:33538:34360:+	334	77.0	79.6630170316	10.2136338273
scaffold32086_2_TIGR01800:4:523:+	86	11.0	11.5895953757	4.70468626598
scaffold5621_8_TIGR00914:123:1572:-	484	15.0	19.7066942719	13.5980031687
scaffold5621_6_TIGR00914:6756:7497:-	305	25.0	30.4655870445	14.1667518837
scaffold14250_3_2_TIGR00090:2912:3074:+	49	16.0	17.2732919255	4.65050264783
scaffold5221_23_TIGR00090:2:149:-	34	14.0	13.231292517	3.72720833907
scaffold5221_25_TIGR00092:64:493:-	84	10.0	11.0839160839	4.82151815769
scaffold26915_5_TIGR02627:5546:6926:-	459	19.0	23.334057971	15.8945118428
scaffold4721_2_TIGR00698:1964:2963:-	191	12.0	12.7887887888	3.58821818514
scaffold27969_4_TIGR03992:3425:4517:+	436	24.0	25.1904761905	8.53426518166
scaffold34080_14_TIGR01900:234:1260:+	199	13.0	13.2894736842	4.26315488653
scaffold13_2_TIGR00741:756:1050:+	533	99.0	99.3537414966	12.4013400204
scaffold32589_10_TIGR00914:21:3051:+	630	15.0	14.9412541254	4.49515849691
scaffold32589_12_TIGR02195:6863:7835:-	234	18.0	18.616255144	3.4596235387
scaffold25_5_TIGR02195:2040:3012:-	792	54.5	54.8868312757	6.97995008062
scaffold3306_19_TIGR00005:1:373:-	62	10.0	10.7365591398	3.01794934815
scaffold40855_7_TIGR02214:4698:5721:+	237	14.0	15.4652981427	4.37317403136
scaffold32987_1_TIGR00092:39:1137:-	477	28.0	28.9234972678	5.28647221668
scaffold24094_2_TIGR01316:121:298:-	33	9.0	10.3728813559	2.71779013598
scaffold17610_3_TIGR00092:804:1056:-	86	22.0	19.876984127	5.15905218775
scaffold17610_4_1_TIGR00092:1:889:-	292	19.0	20.5	10.019013456
scaffold20234_3_TIGR01020:4145:4724:-	530	42.0	51.3074265976	31.1269970419
scaffold24295_3_TIGR02214:305:1946:-	259	11.0	11.1054235222	2.6920744637
scaffold6716_5_2_TIGR02214:3500:3755:-	41	10.0	9.90588235294	1.53359909437
scaffold37578_1_TIGR02252:7777:8347:-	188	21.0	21.0052631579	2.96085105431
scaffold13240_46_TIGR00880:9875:10334:+	125	17.0	17.8932461874	3.516462703
scaffold27149_2_TIGR00005:4:445:+	446	68.0	65.6303854875	10.100487498
scaffold7007_8_TIGR02214:3557:3941:-	170	27.0	27.6927083333	4.4860140249
scaffold7007_7_TIGR00090:4124:4418:-	161	28.0	27.8979591837	3.34772680287
scaffold7007_7_TIGR01316:8095:9016:-	373	26.0	26.4690553746	5.03099708616
scaffold649_9_TIGR00092:4:946:+	574	38.0	38.7144373673	12.6768669254
scaffold47326_1_TIGR03992:8563:9697:+	475	106.0	106.752204586	7.21216451624
scaffold34432_1_TIGR02214:381:807:-	215	31.0	30.9953051643	2.40402177226
scaffold28403_11_TIGR00880:8673:9093:-	291	39.0	40.8619047619	7.91652738868
scaffold28403_11_TIGR00342:4254:5373:+	934	54.0	54.3619302949	9.67156904274
scaffold3111_5_TIGR03992:824:1163:+	168	28.0	27.7551622419	5.66849141176
scaffold46938_1_TIGR00741:5364:5670:-	146	33.0	32.1437908497	5.39113081939
scaffold18480_1_TIGR01020:4805:5303:-	791	111.0	113.218875502	15.3692922974
scaffold35547_3_TIGR00914:3:1173:+	164	10.0	9.81282051282	2.67818150006
scaffold35547_1_TIGR00914:180:582:+	56	9.0	8.62935323383	2.32538106428
scaffold1554_18_TIGR00880:6792:7161:+	510	105.0	106.764227642	16.2482842792
scaffold33288_1_TIGR00880:4:307:+	298	67.0	60.1749174917	35.7902640565
scaffold24717_3_TIGR02627:3:1233:-	242	13.0	13.5731707317	3.39450951162
scaffold41983_7_TIGR03992:499:1279:-	167	14.0	14.2717948718	3.12319270553
scaffold9985_6_TIGR00880:1430:1661:+	72	24.0	22.8658008658	3.41934895884
scaffold130_2_TIGR00092:3593:3872:-	346	99.0	99.3261648746	3.74133119717
scaffold130_2_TIGR00914:13398:15696:-	3134	125.0	124.785465622	17.0953303463
scaffold43806_2_TIGR03992:242:1013:+	153	14.0	13.7535667964	3.21498955452
scaffold44072_3_TIGR00880:3:399:+	51	8.0	7.82070707071	1.91635056815
scaffold4823_1_TIGR00092:3320:3737:+	91	18.0	16.7362110312	4.11844514834
scaffold4823_3_TIGR00090:5:137:+	39	14.0	13.5454545455	3.19175936181
scaffold15123_6_TIGR00698:1062:1407:+	51	9.0	9.24927536232	1.70299167183
scaffold3762_7_TIGR00741:759:888:-	43	15.0	14.1860465116	4.10854175805
scaffold23199_2_TIGR02214:66:684:-	161	21.0	20.8365695793	5.09401792821
scaffold5221_7_TIGR02214:4:580:+	113	13.0	13.2951388889	2.87947308695
scaffold395_5_TIGR03992:3:420:+	73	12.0	11.551558753	3.37686496543
scaffold45203_2_TIGR01800:766:1018:-	78	12.0	16.4841269841	13.1663557088
scaffold7654_1_TIGR00914:3:528:-	614	95.0	94.0304761905	16.1810890434
scaffold9066_4_TIGR00342:394:565:+	57	16.0	16.1286549708	3.06381407243
scaffold9066_2_TIGR00342:719:1241:+	134	22.0	22.3103448276	5.07901628217
scaffold22894_2_TIGR03992:2527:2857:+	109	20.0	19.8727272727	2.55642656934
scaffold44374_2_TIGR03906:5:1340:+	199	10.0	9.84269662921	2.92720243176
scaffold335_1_TIGR00090:63:357:+	361	106.0	105.581632653	7.46500698642
scaffold335_1_TIGR02214:969:2835:+	1627	96.0	96.3681672026	15.1352613342
scaffold13914_10_TIGR00152:630:945:-	66	11.0	11.5206349206	3.61329813417
scaffold492_12_TIGR03992:23:530:-	96	12.0	11.6982248521	3.04302753401
scaffold412_12_TIGR00880:6253:6679:-	297	37.0	41.4718309859	12.2859286254
scaffold412_12_TIGR00087:1981:2674:+	416	38.0	38.0086580087	6.21151331173
scaffold15984_5_TIGR00342:558:894:+	80	12.0	12.7172619048	5.0550952257
scaffold3685_5_TIGR03906:1240:2602:-	634	31.0	31.4111600587	7.480064075
scaffold1230_2_TIGR00741:113:371:-	43	8.0	9.57364341085	3.84944412336
scaffold13953_4_TIGR03992:12260:13001:-	824	74.0	70.9473684211	13.4001504296
scaffold7267_20_TIGR00880:106:523:-	103	15.0	14.3189448441	3.28085074645
scaffold1643_1_TIGR02252:1880:2258:-	93	15.0	15.3915343915	3.42031470366
scaffold17616_5_TIGR01900:21509:22622:-	899	70.0	72.5777178796	15.147775447
scaffold17616_4_TIGR02627:1253:2612:-	1103	54.0	54.1390728477	9.37073534031
scaffold20658_1_TIGR03239:129:873:+	198	17.0	18.0712365591	4.48042703633
scaffold20658_1_TIGR02712:11315:12098:+	529	29.0	39.3895274585	24.9070351745
scaffold424_2_TIGR02195:3115:4141:+	757	55.5	56.9385964912	10.9291146644
scaffold34082_3_TIGR02214:2052:2910:+	229	18.5	17.6223776224	4.84005846129
scaffold41250_1_TIGR02621:92:638:-	266	29.0	30.4084249084	6.05377629329
scaffold10488_2_TIGR00092:376:1486:-	484	31.0	31.7108108108	7.36293188949
scaffold3387_4_TIGR00914:118:2131:-	1443	48.0	49.8922006955	8.95308763595
scaffold3387_2_TIGR01316:197:1532:-	1028	56.0	56.872659176	8.38066045773
scaffold3387_3_TIGR00914:36792:39846:-	2186	71.0	71.7563850688	9.59362151821
scaffold2657_2_TIGR00698:51:1050:+	207	14.0	13.957957958	2.64749758786
scaffold33936_3_TIGR01316:10112:10223:+	42	20.0	19.981981982	2.97733777323
scaffold31157_4_TIGR03992:1154:1616:+	79	9.0	10.3181818182	3.2240395975
scaffold7688_4_TIGR00914:3:513:+	91	11.0	11.9470588235	3.92567481104
scaffold7688_5_TIGR00914:1537:1684:+	28	9.0	9.36734693878	2.07702571443
scaffold10611_8_TIGR02621:423:1071:-	98	10.0	9.91666666667	2.52013496601
scaffold13756_1_TIGR00880:87:501:-	80	12.0	11.9106280193	2.30190702117
scaffold467_16_TIGR02627:861:1713:+	190	14.0	14.117370892	3.20582343337
scaffold649_8_TIGR00092:2539:2692:+	159	75.0	63.8039215686	24.036208749
scaffold47885_1_TIGR03992:5006:5765:-	346	31.0	30.5559947299	6.86912956688
scaffold13269_1_TIGR02214:2424:4212:-	1234	57.0	57.5715883669	6.31835491932
scaffold400_1_TIGR02621:10909:11473:+	580	124.0	123.721631206	12.3652521676
scaffold25363_1_TIGR03906:330:678:+	56	10.0	9.82132564841	3.73661769349
C922596_1_TIGR02214:354:807:-	261	36.0	36.0264900662	4.98467455263
scaffold34605_2_TIGR01800:2569:2944:-	453	78.0	78.9653333333	10.6766473306
scaffold4773_2_TIGR01316:547:1498:+	461	35.0	35.0651945321	5.32003711346
scaffold4773_4_TIGR02712:10424:11420:+	424	29.0	28.5893574297	3.788463675
scaffold15677_4_TIGR02214:3:315:+	39	8.0	8.10897435897	1.92178375324
scaffold34218_3_TIGR01900:13447:14476:+	335	23.0	22.0981535471	4.4037141418
scaffold34218_4_TIGR02214:2188:2419:+	163	22.0	32.2813852814	22.4883529216
scaffold8161_7_TIGR02195:948:1689:+	129	11.0	11.1686909582	3.44337530761
C933674_1_TIGR00698:206:995:-	283	25.0	24.1470215463	5.11254148956
scaffold14099_4_TIGR03992:7324:7900:-	435	83.0	83.2065972222	6.85621359133
C951525_1_TIGR02627:727:1060:+	137	23.0	23.6516516517	3.29782510531
scaffold2477_5_TIGR00005:1085:1967:+	176	13.0	13.628830874	5.67564721225
scaffold220_11_TIGR02627:3898:4402:+	152	18.0	18.3115079365	3.70705388682
scaffold15502_9_TIGR03992:2488:2728:-	89	23.0	21.7833333333	5.29493993251
C916088_1_TIGR00005:97:508:-	178	22.0	24.6569343066	7.86482942852
scaffold2352_6_TIGR00005:4:529:+	140	11.0	15.3847619048	17.200790574
scaffold6725_2_TIGR00152:9454:10006:-	385	45.0	44.9384057971	5.30584613946
scaffold4926_8_TIGR01962:2508:3198:+	382	37.0	37.2322206096	9.92927418194
scaffold12394_4_TIGR00880:645:900:+	39	11.0	10.2392156863	2.96807050491
scaffold5221_16_TIGR00005:435:1314:+	118	9.0	9.10125142207	2.20093801066
scaffold3914_2_TIGR03906:17940:18966:-	889	55.0	54.8898635478	14.7516990987
scaffold36874_1_TIGR01020:3:411:+	669	100.0	91.1568627451	33.0241281662
scaffold7331_1_TIGR00914:8:2288:+	2309	69.0	70.7561403509	12.3238182956
scaffold337_1_TIGR00914:3:2748:-	1527	38.0	39.1770491803	10.5777019844
scaffold17395_1_TIGR03906:5:671:-	224	22.0	21.8123123123	6.50496911459
scaffold100_1_TIGR02214:2756:4415:+	527	48.0	48.6021699819	5.76908642338
scaffold13789_2_TIGR00090:674:755:+	25	15.0	14.5061728395	2.14374459962
scaffold2462_3_TIGR00152:4382:4949:-	426	50.0	51.3827160494	7.90418265107
scaffold2462_1_TIGR00698:25892:26837:-	802	66.0	67.8285714286	12.8286315267
scaffold3372_18_TIGR02627:1439:1754:+	72	15.0	14.4285714286	3.41013561949
scaffold3372_19_TIGR01316:2465:3686:-	333	17.0	18.0556920557	7.26396043238
scaffold3372_12_TIGR02712:3556:3718:+	127	33.0	36.6604938272	22.4766445533
scaffold3372_11_TIGR03131:3937:4141:+	46	16.5	16.362745098	1.8565687077
scaffold3486_2_TIGR01316:2:314:-	143	21.0	25.0897435897	16.9228535339
scaffold6554_1_TIGR01962:542:1109:+	477	58.0	56.4232804233	9.22599011749
scaffold6554_2_TIGR01962:860:1130:+	254	69.5	71.5777777778	12.5086439249
scaffold714_2_TIGR00005:15294:16098:-	485	40.0	40.1069651741	8.58110276251
scaffold18085_3_TIGR00005:4:424:+	46	7.0	6.8880952381	1.82296231721
scaffold10764_5_TIGR02627:744:1053:+	41	7.0	7.47896440129	1.53187626205
scaffold7069_16_TIGR01800:581:824:-	173	34.0	35.5144032922	23.542859925
scaffold5010_2_TIGR03906:583:1270:+	112	10.0	11.3566229985	4.16955545251
scaffold2522_6_TIGR03906:9547:10891:-	367	18.0	18.603422619	5.44436309187
scaffold3424_3_TIGR02214:301:553:+	29	7.0	7.55952380952	2.94668709785
scaffold14952_7_TIGR01020:4:445:+	91	11.0	12.4807256236	6.00190562478
scaffold8058_16_TIGR01316:1669:2227:-	110	13.0	13.1146953405	4.74184066204
scaffold47439_1_TIGR00914:4:1471:-	190	8.0	8.92910702113	3.4767341556
scaffold4834_2_TIGR02252:1135:1732:-	105	10.0	10.5376884422	4.06570862415
scaffold45668_6_TIGR00090:277:571:+	67	13.0	13.3979591837	2.94070585695
C889958_1_TIGR00880:124:532:-	257	38.5	41.5220588235	11.4150529993
scaffold4152_7_TIGR00087:7530:8229:-	206	19.0	19.1416309013	3.09482436118
scaffold7498_4_TIGR00092:63:744:+	101	9.0	9.98970588235	2.91066192724
scaffold2703_1_1_TIGR00741:19723:20017:-	155	59.0	59.6870748299	5.05991680861
scaffold22870_2_TIGR02214:3:1050:-	162	9.0	10.0601719198	4.51562174047
scaffold12137_32_TIGR00880:10325:10670:+	159	23.0	24.4782608696	6.3861460008
scaffold12137_38_TIGR00880:9139:9559:+	206	59.0	58.5261904762	4.86256641643
scaffold42533_1_TIGR00087:12:543:+	481	58.0	57.1920903955	8.59448502489
scaffold27024_4_TIGR00342:5:563:+	137	12.0	14.9318996416	7.68644155943
scaffold20206_2_TIGR00090:2289:2583:-	49	10.0	9.90476190476	2.53098709827
scaffold287_12_TIGR01316:2:680:-	143	14.0	14.0471976401	4.35796657603
scaffold287_11_TIGR01316:4546:4669:-	29	10.0	10.3170731707	1.8404536078
scaffold3306_40_TIGR02214:84:279:-	43	10.0	10.4512820513	2.34934489449
scaffold3306_45_TIGR00092:800:1439:-	123	13.0	12.5805946792	3.59176579039
scaffold20108_2_TIGR00880:2955:3384:-	407	64.0	64.3846153846	11.9302106638
scaffold6759_13_TIGR00880:306:717:-	161	25.0	23.7907542579	5.39126193674
scaffold13234_1_TIGR03992:7:505:+	73	7.0	9.18108651911	7.95759665311
scaffold12714_6_TIGR01900:138:1245:-	744	73.0	72.2791327913	7.7761563138
scaffold10181_13_TIGR02214:206:1682:+	255	10.0	11.8678861789	6.53172567146
scaffold27556_1_TIGR01316:627:978:-	46	9.0	8.02279202279	2.71736929921
scaffold9512_14_TIGR03992:2460:2862:-	99	14.0	15.4502487562	3.61365052092
scaffold21103_1_TIGR00880:2749:3163:+	85	13.0	12.6714975845	3.24868002608
scaffold1474_1_TIGR00005:36:699:+	113	11.0	11.1945701357	3.36423843239
scaffold16897_3_TIGR02214:4:334:-	85	15.0	15.2636363636	3.82022672513
scaffold4926_9_TIGR01957:1067:1445:+	222	54.0	53.6481481481	8.21635414321
scaffold2150_3_TIGR03992:9:243:+	41	8.0	10.0128205128	6.00319058276
scaffold6731_15_TIGR01020:1109:1625:-	209	22.0	25.4418604651	12.7234490087
scaffold297_1_TIGR03992:27855:28605:-	699	94.0	94.836	10.1439524184
scaffold20846_1_TIGR00005:105:567:-	312	67.0	68.7424242424	12.9297425912
scaffold14112_1_TIGR00741:322:625:-	102	21.0	20.0495049505	5.25214318214
scaffold10638_18_TIGR03906:2:443:-	66	10.0	10.156462585	2.2163094089
scaffold3370_2_2_TIGR02214:290:1115:-	109	9.0	9.34303030303	2.28669999735
scaffold14348_1_TIGR00741:346:643:+	178	37.0	35.468013468	5.15286397694
scaffold13602_3_TIGR03992:1577:2399:-	567	37.0	40.7627737226	15.0221548017
scaffold8448_22_TIGR02252:1223:1805:-	95	11.0	10.706185567	2.26839851919
scaffold43602_2_TIGR00914:4032:7158:-	2982	94.0	96.8982725528	18.2422180419
scaffold30631_1_TIGR00342:5:455:-	61	8.0	8.14888888889	2.7924598652
scaffold3914_3_TIGR01900:4022:5132:-	614	54.0	54.0936936937	6.6149064436
scaffold3914_3_TIGR01316:17050:17335:+	183	55.0	55.3298245614	6.24443513415
scaffold3914_3_TIGR00914:6047:9158:-	2260	61.0	65.2301510768	19.1144618671
scaffold5845_16_TIGR03131:130:1045:+	178	13.0	13.4207650273	3.25106211556
scaffold10888_3_2_TIGR01020:386:893:-	861	99.0	91.7692307692	29.9697414794
scaffold5443_6_TIGR01800:357:960:+	173	17.0	18.1674958541	6.29512998728
scaffold7452_17_TIGR01962:682:916:-	52	19.0	17.8504273504	2.90869971042
scaffold7452_18_TIGR01957:1051:1207:-	22	9.0	9.23076923077	1.92768678248
scaffold7452_18_TIGR01962:2:632:-	98	12.0	12.5428571429	2.8369284914
scaffold1167_6_TIGR02214:33:1797:+	278	11.0	10.887755102	2.90610580838
scaffold1167_4_TIGR00005:4:802:+	94	8.0	7.99749373434	2.36515933523
scaffold12978_6_TIGR02214:733:1261:-	103	11.0	11.4621212121	3.2570559839
scaffold18576_2_TIGR01900:418:1051:+	143	15.0	14.8325434439	4.17474722396
scaffold44419_1_TIGR02214:3:1221:-	961	52.5	52.7438423645	11.3126227803
scaffold750_7_TIGR00880:1130:1547:-	226	35.0	34.1846522782	8.94223157017
scaffold750_9_TIGR00880:334:754:-	197	28.0	27.019047619	5.5869421782
scaffold47913_2_TIGR00005:1626:2463:+	208	17.0	16.6140979689	3.9507653394
scaffold11358_6_TIGR00152:96:660:+	97	11.0	10.920212766	2.49801679298
scaffold26841_4_TIGR02214:62:893:+	137	11.0	11.2791817088	3.73090482787
scaffold29774_2_TIGR00880:5277:5718:+	158	18.0	20.6167800454	7.5428084155
scaffold15077_6_TIGR01316:1954:2254:-	49	10.0	9.16666666667	2.84585468513
scaffold15077_8_TIGR01316:1:742:-	141	13.0	13.0188933873	4.03054054377
scaffold22766_5_TIGR01316:4:238:+	34	9.0	9.08974358974	2.42592425299
scaffold22766_4_TIGR01316:229:1270:+	168	10.0	10.9971181556	4.89986093967
scaffold4052_1_TIGR00880:2769:3192:+	299	90.0	89.4704491726	5.11322870954
scaffold4052_4_TIGR02712:5810:6791:+	697	44.0	45.6850152905	10.3838495768
scaffold12147_3_TIGR02214:13:196:-	58	17.0	16.1420765027	2.35892215237
scaffold47593_1_TIGR00005:2074:2311:-	45	13.0	11.8734177215	4.69949388228
scaffold47593_3_TIGR00005:6:315:-	68	19.0	18.5404530744	3.7133295872
scaffold3037_13_TIGR03906:4:1135:+	229	13.0	13.4279398762	4.03990671206
scaffold2180_6_TIGR02712:2263:2998:-	459	45.0	45.1646258503	12.0724051604
scaffold12137_5_TIGR00880:2360:2768:-	230	35.0	34.7352941176	8.37734628602
C915948_1_TIGR00092:523:730:+	244	60.0	63.7246376812	20.0801900057
scaffold5627_1_TIGR02252:21971:22574:+	552	89.0	89.3134328358	4.99348849536
scaffold10254_10_TIGR00005:391:577:-	34	16.0	16.1827956989	4.86251016321
scaffold24426_3_TIGR00090:338:632:-	65	13.0	13.0680272109	1.6929620781
scaffold22585_1_TIGR00914:349:1075:+	117	11.0	11.32	3.3399896758
scaffold753_1_TIGR01020:140:614:-	237	50.0	48.5991561181	4.23364055725
scaffold36662_2_TIGR02214:28846:30577:-	468	19.0	18.9116117851	5.3224981974
scaffold36662_2_TIGR03992:7269:7626:-	98	17.0	17.3949579832	3.0510644349
scaffold36662_2_TIGR01316:22363:23662:-	328	18.0	17.6905311778	4.36512823655
scaffold3834_3_TIGR00092:170:539:-	113	16.0	20.6775067751	11.5864399889
scaffold3834_7_TIGR02214:537:2295:+	235	10.0	9.57906712173	2.79163687554
scaffold2521_2_TIGR00880:4418:4847:+	457	65.0	64.1118881119	14.1672189146
scaffold22737_6_TIGR03992:3180:3603:-	93	13.0	13.7635933806	4.15035369425
scaffold3510_4_TIGR00005:3:363:+	57	9.0	10.4305555556	3.27034821833
scaffold3510_3_TIGR00005:343:619:+	42	9.0	8.98188405797	2.35515886129
scaffold7702_5_TIGR02712:597:1416:-	243	17.0	17.862026862	6.7398373762
scaffold7702_6_TIGR02712:667:1579:-	305	14.0	19.0010964912	12.578394475
scaffold13281_7_TIGR02252:945:1530:-	132	13.0	12.7965811966	3.5360882251
scaffold78_3_TIGR03992:36156:37005:+	780	61.0	62.1967020024	13.2509595077
scaffold21154_5_TIGR00092:3042:4140:-	339	14.0	18.174863388	14.3631798233
scaffold17406_3_TIGR02214:1842:2058:+	418	122.0	122.486111111	10.2631934812
scaffold5999_4_TIGR00880:2294:2693:-	67	10.0	10.1729323308	1.73499125634
scaffold7666_6_TIGR02214:5927:7748:+	434	20.0	20.3975837452	3.53457460882
scaffold7666_6_TIGR00092:2530:3625:+	326	21.0	22.8511415525	6.82867550841
scaffold21431_3_TIGR02252:59:566:-	252	31.0	31.5936883629	5.85766407434
scaffold1384_8_TIGR00914:4:856:+	108	9.0	9.77230046948	3.29493605826
scaffold932_9_TIGR01316:927:1386:-	249	28.0	29.4923747277	7.84250239503
scaffold15054_3_TIGR02214:1:388:-	37	5.0	6.11369509044	2.82339681066
scaffold15029_1_TIGR03992:12715:13783:-	532	33.0	33.7968164794	7.74130593508
scaffold46511_1_TIGR01900:1:547:-	342	39.0	43.0018315018	21.8432225249
scaffold22560_2_TIGR02214:312:876:-	67	8.0	8.0780141844	2.40734962703
scaffold30760_1_TIGR01316:114:927:+	121	11.0	12.8622386224	5.94300220304
scaffold3623_17_TIGR00005:5:551:-	87	28.0	28.7161172161	4.1907359387
scaffold4217_3_TIGR01316:3:705:+	99	10.0	9.53988603989	2.13916909838
scaffold13240_12_2_TIGR00880:4789:5221:+	118	17.0	16.974537037	2.80323882925
scaffold13833_6_TIGR00005:13853:14477:-	478	52.0	51.546474359	9.16887959101
scaffold13833_4_TIGR00090:14975:15269:-	261	52.0	52.6632653061	4.21838511889
scaffold13833_4_TIGR00092:17845:18232:-	324	53.0	52.8062015504	7.42237435915
scaffold13833_4_TIGR00005:6563:7442:+	521	39.0	40.2559726962	5.12188262451
scaffold13833_3_TIGR02214:21754:22747:+	670	47.0	47.5498489426	12.0887862812
scaffold13833_1_TIGR02214:11346:12627:+	759	39.0	40.3192818111	7.60646083792
scaffold13833_8_TIGR00152:33242:33809:-	435	55.0	54.0723104056	5.44946889527
scaffold31183_2_TIGR01316:4327:4954:+	215	19.0	21.2854864434	10.7769837094
scaffold31183_3_TIGR01316:722:983:+	105	23.0	24.0957854406	5.01591542242
scaffold13701_3_TIGR02214:19:415:-	53	9.0	8.78787878788	2.24068318979
scaffold12862_9_TIGR03992:1635:2166:-	88	10.0	10.5009416196	3.10662663622
scaffold292_1_TIGR02627:1:457:-	234	42.0	42.9364035088	7.12346562453
scaffold28896_4_TIGR03906:4:514:-	65	8.0	8.45098039216	1.69443987495
scaffold99_1_TIGR00914:1017:4095:-	3543	84.0	81.9626380767	12.4490214977
scaffold96_6_TIGR02712:10741:12079:-	1113	57.0	56.7100149477	8.73036921536
scaffold96_6_TIGR03131:15274:16201:-	678	48.0	48.8155339806	6.4848555056
scaffold96_4_TIGR02627:9131:10487:-	1089	62.0	62.6991150442	12.5364730111
scaffold20555_4_TIGR02214:1481:2003:+	83	12.0	12.0517241379	2.84450247765
scaffold48_17_TIGR00914:23580:24594:-	553	36.0	35.9053254438	6.69370094859
scaffold48_13_TIGR02712:17294:17519:+	182	40.0	40.4933333333	11.2988180306
scaffold48_13_TIGR01800:8922:10068:-	796	46.0	45.705061082	7.97729711897
scaffold25088_3_TIGR03992:2359:3205:-	255	21.0	20.7777777778	3.28551197154
scaffold25088_3_TIGR00005:35793:36414:-	180	18.0	19.0563607085	5.28191204083
scaffold9452_3_TIGR01800:4558:5731:-	292	25.0	24.2463768116	3.95087018175
scaffold260_1_TIGR00914:20960:22031:+	1069	86.0	86.8543417367	14.5840324702
scaffold27409_1_TIGR00005:2:305:-	31	6.0	6.30363036304	2.19214469678
scaffold5281_11_TIGR02627:3:558:-	110	14.0	13.7387387387	5.8072829573
scaffold1167_11_TIGR00880:2:416:-	70	12.0	11.4082125604	1.51004053221
scaffold24226_2_TIGR01316:2187:3522:+	416	17.0	18.6007490637	9.00936671345
scaffold24226_3_TIGR02712:2720:3041:+	125	14.0	18.031152648	10.6688600461
scaffold13861_4_TIGR02627:89:491:-	66	12.0	12.2487562189	3.31629640353
scaffold1376_1_TIGR00092:1373:2468:+	303	13.0	15.5716894977	7.9968100018
scaffold4107_11_TIGR01957:17191:17626:-	296	44.0	42.7402298851	7.69768527337
scaffold4107_11_TIGR01962:15176:16334:-	574	32.0	31.5932642487	6.04569727105
scaffold3996_4_TIGR01981:197:1013:+	103	8.0	8.41666666667	2.44205728656
scaffold33280_2_TIGR00698:1183:1300:-	53	19.0	19.7179487179	3.39392658621
scaffold2853_7_TIGR00914:10:1147:+	162	10.0	10.0070360598	3.00482515973
scaffold20558_1_TIGR02712:1256:1571:-	398	66.0	68.5174603175	14.3684678982
scaffold7267_41_TIGR02252:3856:4441:+	131	12.0	13.3504273504	6.49301562867
scaffold10295_10_TIGR03992:270:1470:-	593	24.0	30.2383333333	17.1048686214
scaffold421_1_TIGR00914:21:591:+	742	116.0	118.18245614	9.79106507847
scaffold40234_1_TIGR02627:3:711:-	193	19.0	18.4774011299	3.06304711891
scaffold18427_2_TIGR03992:4796:5057:-	208	46.0	43.1915708812	9.79413020238
scaffold47789_1_TIGR02712:12715:14056:+	399	79.0	78.8956002983	5.48317092038
scaffold47789_1_TIGR00880:24994:25411:+	133	78.0	78.5995203837	5.25697433382
scaffold47789_1_TIGR00914:16190:19256:+	819	77.0	78.0026092629	4.58975784542
scaffold25420_12_TIGR00880:2411:2819:-	209	34.0	33.9852941176	8.41128906512
scaffold25420_10_TIGR00880:3422:3833:+	248	43.0	42.5206812652	6.07667436284
scaffold25609_2_TIGR01900:177:1272:-	586	36.0	35.8730593607	8.17845232432
scaffold25609_1_TIGR03992:1455:1794:-	228	65.0	65.3333333333	7.65350929464
scaffold2853_5_TIGR00914:32:1022:+	153	9.0	10.301314459	6.17082475451
scaffold3190_3_TIGR00914:7254:10401:+	3732	81.0	82.6434699714	14.7411730904
scaffold263_1_TIGR03992:9:492:+	526	61.0	66.8923395445	21.0780076166
scaffold17462_1_TIGR00914:108:498:-	548	82.0	85.3179487179	15.5779737959
scaffold301_1_TIGR03131:19823:20699:+	765	55.0	56.3801369863	15.6998245629
scaffold2652_2_TIGR02712:414:1764:-	351	18.0	17.222962963	4.08700634334
scaffold30756_10_TIGR02627:12256:13609:-	302	13.0	14.5373244642	5.21513270221
scaffold11997_11_TIGR03906:2977:3979:+	160	10.0	11.002994012	3.28927838794
scaffold9844_4_TIGR00092:11104:12190:+	604	37.0	37.4935543278	8.62111496724
scaffold9844_4_TIGR00548:4191:4794:+	354	35.0	36.3217247098	7.71782470989
scaffold3111_6_TIGR03992:5:554:+	311	33.0	34.9216757741	10.4767616955
scaffold30366_4_TIGR01316:695:1925:+	484	27.0	26.8463414634	6.30562779584
scaffold27763_3_TIGR01316:4:451:+	102	19.0	19.5928411633	2.94007909454
scaffold27763_4_TIGR01316:31:406:+	97	14.0	15.0506666667	4.46498595245
scaffold4560_21_TIGR02214:469:691:-	54	15.0	14.536036036	2.77635748123
scaffold4560_23_TIGR02214:11:788:-	164	13.0	13.6988416988	4.96908446901
scaffold7036_8_TIGR01316:1378:2479:-	204	11.0	12.1180744777	6.37295676632
scaffold4861_1_TIGR00342:801:1062:+	28	7.0	7.20384615385	2.18930631255
scaffold8308_8_TIGR02214:2528:4124:-	279	13.0	12.0307017544	3.07890140202
scaffold12222_1_TIGR02214:1786:2359:+	162	19.0	18.537521815	3.80558129685
scaffold12614_3_TIGR03906:492:825:-	46	8.0	8.51051051051	2.78951986204
scaffold36754_2_TIGR00880:240:576:+	47	8.0	7.875	2.53237959804
scaffold46479_2_TIGR01316:168:819:+	205	20.0	20.1966205837	4.76882357481
scaffold14445_1_TIGR02214:174:573:+	50	8.0	7.42355889724	3.96014560958
scaffold1744_2_TIGR01316:406:736:-	168	30.0	30.0454545455	6.49062685067
scaffold39574_2_TIGR02214:88:895:-	176	13.0	13.7100371747	4.80553025839
C933258_1_TIGR00005:224:887:+	374	60.0	58.9547511312	6.2786768997
scaffold34043_2_TIGR00741:528:720:+	151	11.0	27.9166666667	31.9785626979
scaffold731_6_TIGR02214:4:1702:+	1907	78.0	78.4004711425	13.1313397863
scaffold21666_1_TIGR03992:732:1257:+	128	15.0	15.4171428571	2.38712647112
scaffold903_31_TIGR00880:720:1140:+	75	11.0	10.8523809524	2.85642451287
scaffold22471_5_TIGR00005:7368:8031:-	188	17.0	17.8944193062	3.58827682114
scaffold44878_1_TIGR02627:3:717:-	491	44.0	43.6288515406	6.70764496093
scaffold7480_1_TIGR01981:8397:9249:+	405	36.0	35.9882629108	8.56827609257
scaffold2855_12_TIGR01316:481:1390:-	150	10.0	11.1617161716	4.91950918813
scaffold47803_2_TIGR02627:5184:5487:+	308	56.0	56.0330033003	8.08855075749
scaffold7635_8_TIGR00005:1110:1443:+	48	8.0	8.26426426426	2.82563593775
scaffold33400_6_TIGR02712:1290:2628:-	918	47.0	46.6390134529	7.86064365101
scaffold29249_1_TIGR02214:3:1155:-	749	43.0	45.1657986111	10.0158438924
scaffold58_1_TIGR00092:3730:4828:-	1725	100.0	104.664845173	21.2098256912
scaffold47474_3_TIGR00152:3:390:+	55	10.0	9.55297157623	1.86333040915
scaffold34584_1_TIGR02195:182:581:-	289	48.0	48.2255639098	23.7576369069
scaffold2293_3_TIGR00005:617:1469:-	158	11.0	12.2629107981	3.667697462
scaffold2058_5_TIGR01981:1509:1941:+	188	15.0	21.5115740741	16.8861891663
scaffold42029_2_TIGR00914:1502:3665:+	824	22.0	24.5894590846	9.25504047714
scaffold25948_1_TIGR02627:1316:1619:+	78	15.0	14.8217821782	2.48585187212
scaffold2081_4_TIGR00914:3106:6163:-	1966	45.0	44.3876349362	9.8897364316
scaffold220_20_TIGR01900:113:851:+	168	14.0	15.2872628726	6.37482135049
scaffold46327_2_TIGR02712:1:244:-	217	57.0	52.8065843621	14.8714532328
scaffold20613_1_TIGR00005:155:770:+	510	51.0	50.9609756098	6.53757910175
scaffold9555_12_TIGR00914:644:1523:-	114	9.0	9.39476678043	3.40681508093
scaffold38982_1_TIGR00005:1249:2104:-	473	37.0	36.6444444444	4.71825013543
scaffold4803_2_TIGR01800:789:1989:-	283	12.0	14.3683333333	9.81738240175
scaffold26472_2_TIGR00005:1140:2019:-	118	9.0	9.20932878271	2.82026703485
scaffold25439_14_TIGR00342:282:1401:+	334	16.0	18.5603217158	8.71296212102
C953011_1_TIGR00880:3:258:-	72	16.0	16.2039215686	2.61773444813
scaffold10748_6_TIGR00741:4:199:+	84	25.0	27.1435897436	10.1562105509
scaffold7036_9_TIGR01316:1:163:-	24	11.5	11.4012345679	2.35822667353
scaffold131_17_TIGR00005:1619:2069:-	105	17.0	16.1288888889	3.69158937299
scaffold131_10_TIGR01316:3889:4147:-	57	12.0	11.6976744186	3.07932503216
scaffold4926_23_TIGR00880:12:231:-	163	42.0	43.0593607306	7.50896824854
scaffold1699_10_TIGR03992:773:1550:+	188	16.0	15.7194337194	4.04238110299
scaffold303_1_TIGR00880:421:841:-	659	99.0	101.004761905	13.2445847403
scaffold9724_4_TIGR00880:4:274:-	47	11.0	10.3481481481	3.46371352532
scaffold30179_2_TIGR03992:254:770:-	90	12.0	11.4748062016	2.8334493184
scaffold8580_6_TIGR02897:28815:29379:+	606	95.0	93.4982269504	10.0133774199
scaffold17636_7_TIGR02214:985:2167:+	250	17.0	16.29357022	2.83844931773
scaffold480_3_TIGR00880:2900:3326:-	228	33.0	32.1455399061	4.84622124848
scaffold480_1_TIGR00880:10823:11240:-	253	36.0	36.7505995204	6.87819031713
scaffold32398_4_TIGR03992:103:517:-	73	12.0	11.9130434783	2.71285611889
C950470_1_TIGR03906:523:1567:-	839	54.0	55.1513409962	7.614017631
scaffold11184_20_TIGR00914:1:682:-	114	10.0	10.9221732746	3.74927798895
scaffold37070_4_TIGR03992:816:1233:+	163	14.0	23.448441247	18.3614875266
scaffold26384_3_TIGR01962:22411:22657:+	76	15.0	15.1260162602	4.44985315184
scaffold26384_3_TIGR01957:20617:21049:+	326	42.0	41.9282407407	24.7983896329
scaffold1944_4_TIGR03992:670:1234:-	142	16.0	16.3085106383	3.24319231057
scaffold3345_3_TIGR02214:159:1578:-	304	14.0	14.9527836505	4.76123621914
scaffold8388_3_TIGR01020:2:233:-	50	14.0	12.3073593074	3.21870714895
scaffold46448_1_TIGR03906:340:1516:-	406	26.0	31.1275510204	14.3313220591
scaffold47466_1_TIGR00005:1906:2731:+	152	37.0	37.4290909091	2.31571752561
scaffold23167_5_TIGR03992:13:358:-	38	6.0	6.71304347826	4.44828294649
scaffold37004_1_TIGR02712:2446:3271:-	343	24.0	25.7248484848	6.44195910405
scaffold37004_1_TIGR02627:6741:8103:-	388	19.0	19.0668135095	5.17838328335
scaffold11185_1_TIGR03239:2229:2967:+	461	100.0	98.6097560976	7.0708387895
scaffold11185_1_TIGR02712:4737:5085:+	196	92.0	90.6522988506	8.55189166425
scaffold19267_1_TIGR00005:3281:3515:-	187	47.0	46.0128205128	4.04829896665
scaffold788_2_TIGR00741:1678:1972:-	386	97.0	97.5510204082	6.53008076069
scaffold788_2_TIGR01800:8301:9522:-	1475	102.0	101.878787879	9.97055700793
scaffold21622_3_TIGR03992:11379:12150:-	260	23.0	22.1115434501	4.42144392248
scaffold3827_5_TIGR01316:2:359:-	73	11.0	11.5294117647	4.88378703922
scaffold2733_2_TIGR00880:47:461:-	185	24.5	24.5096618357	6.69007870101
scaffold31863_1_TIGR00741:2739:2919:-	79	24.0	24.35	4.2823604602
scaffold5037_2_TIGR01316:703:2110:+	403	17.0	18.6659559346	8.73469823733
scaffold39738_3_TIGR00005:6:708:-	214	19.0	18.8632478632	4.76317662486
scaffold41599_2_TIGR02214:4:661:+	70	8.0	7.80182926829	2.51769282113
scaffold24064_1_TIGR00005:1253:1397:+	72	24.0	23.9791666667	3.0561157946
scaffold480_10_TIGR00005:2376:3168:+	453	34.0	36.2247474747	11.9957902417
scaffold21771_4_1_TIGR00914:2149:4669:+	728	20.0	19.9321428571	3.80483174589
scaffold15105_8_TIGR02214:7806:8544:+	190	16.0	16.4566395664	4.16188546268
scaffold12147_5_TIGR02214:11:1106:-	392	24.0	24.3936073059	8.44024687747
scaffold12137_19_TIGR00914:6061:9154:+	2522	57.0	58.0316844488	10.2679726579
scaffold23342_5_TIGR02214:948:2790:-	1040	39.0	39.2681867535	11.0162133928
scaffold195_2_TIGR00005:2151:3027:-	438	33.0	33.3287671233	4.6468080895
scaffold45189_2_TIGR00005:3:369:-	35	7.0	6.38797814208	1.9772663581
scaffold23920_1_TIGR01800:203:482:+	55	10.0	11.0537634409	4.67211415861
scaffold554_22_TIGR00005:1184:1625:+	95	14.0	14.3015873016	3.9448835628
scaffold31145_1_TIGR03131:1:490:-	154	21.0	20.3108384458	4.15171203167
scaffold31145_3_TIGR00880:8758:9163:-	246	38.0	38.0987654321	8.73619537253
scaffold9607_2_TIGR01981:3855:4626:+	200	17.0	16.9961089494	4.76353805976
scaffold10976_2_TIGR02712:687:1023:-	43	14.0	13.9672619048	2.70066122908
scaffold2271_1_TIGR00087:869:1577:-	77	8.0	7.4406779661	2.38062698697
scaffold414_2_TIGR01981:4316:5168:-	1288	101.0	100.349765258	14.8406943525
scaffold36587_2_TIGR03992:4156:4540:+	350	56.0	54.9921875	5.63309060802
scaffold6759_35_TIGR00880:1669:2104:-	233	30.0	30.9724137931	5.74509665305
scaffold9512_8_TIGR03992:5924:6290:-	115	18.0	18.325136612	5.0403586326
scaffold3040_2_TIGR01020:1263:1662:-	124	19.0	18.6967418546	3.08537895879
scaffold43227_1_TIGR02214:249:543:+	37	7.0	7.1462585034	2.04100055858
scaffold39706_1_TIGR00342:1:526:-	62	8.0	8.16571428571	1.61338618005
scaffold33644_1_TIGR03906:4329:5469:-	492	29.0	28.4956140351	6.46345855969
scaffold15376_7_TIGR03992:1031:1358:-	92	13.0	16.373088685	7.81093156595
scaffold1828_4_TIGR00342:2168:2438:+	74	15.0	15.0296296296	3.81311720588
scaffold11039_4_TIGR03992:87:534:+	71	9.0	9.5548098434	2.28035436178
scaffold10111_1_TIGR03131:318:657:-	38	7.0	7.22418879056	1.97846939731
scaffold37828_8_TIGR01316:3:207:-	23	7.0	7.25	1.82339104472
scaffold22800_2_TIGR01900:682:1810:-	500	29.0	29.0008865248	6.42723862768
scaffold38509_3_TIGR03992:3:591:-	98	11.0	10.8928571429	2.36263789505
scaffold23315_4_TIGR00005:550:1309:+	121	10.0	10.8418972332	3.52200454736
scaffold23315_2_TIGR02627:1:928:-	135	11.0	10.4897518878	2.73608130926
scaffold33837_3_TIGR00092:1394:1763:-	150	18.0	24.3360433604	17.4939657133
scaffold36173_1_TIGR03906:345:693:-	130	23.0	22.6522988506	3.74968510591
scaffold6759_5_TIGR00880:1619:2033:+	289	42.0	43.152173913	8.97734844646
scaffold6759_5_TIGR01900:19337:20300:-	477	32.0	31.7414330218	5.89987563648
scaffold17546_2_TIGR02712:100:766:-	689	71.0	68.2282282282	16.7137761825
scaffold46350_1_TIGR00880:1204:1621:-	207	30.0	28.7793764988	4.25722763559
scaffold47840_1_TIGR03992:2465:3251:+	159	14.0	13.7111959288	2.20727500469
scaffold47840_4_TIGR02195:5:773:+	129	12.0	11.8606770833	2.479628576
C909238_1_TIGR00092:5:665:+	120	12.0	12.0773899848	3.57343365535
scaffold2136_4_TIGR01316:23:1103:+	934	97.0	99.9055555556	12.3674590442
scaffold2136_4_TIGR03906:21512:22865:+	1148	99.0	99.133037694	10.8980375925
scaffold13266_4_TIGR01020:26693:27200:-	400	47.0	55.2721893491	26.837609318
scaffold1796_7_TIGR00005:366:633:-	87	19.0	19.0973782772	5.03971796547
scaffold40734_1_TIGR00342:738:1533:+	308	23.0	25.2427672956	11.59419427
scaffold9604_4_TIGR01962:3:483:-	87	12.0	11.75	3.11982905515
scaffold9604_6_TIGR01957:1:277:-	56	13.0	12.2427536232	2.21059332586
scaffold19729_8_TIGR03992:153:507:-	68	13.0	12.7768361582	5.79239957314
scaffold19729_9_TIGR03992:5:374:-	74	18.0	16.7804878049	3.43866880093
scaffold41270_2_TIGR01316:3:1143:-	266	16.0	15.9438596491	3.41724304307
scaffold100_7_TIGR01800:335:1556:+	326	27.0	27.1769041769	4.92430738199
scaffold28403_5_TIGR00880:14242:14662:+	339	48.0	48.1	10.4475788947
scaffold37495_4_TIGR01316:4716:6045:+	475	25.0	24.2422874342	4.04731082828
scaffold5976_11_TIGR02214:643:1372:+	89	8.0	8.04252400549	2.19104104132
scaffold933_28_TIGR01316:841:1243:-	132	18.0	19.907960199	7.94439545984
scaffold14336_1_TIGR00880:63:483:-	345	51.0	52.3952380952	9.37631139732
scaffold121_6_TIGR00152:10874:11435:-	411	45.0	45.495543672	9.82922257886
scaffold20519_1_TIGR02627:3359:3635:-	240	65.0	64.9057971014	5.47641541648
scaffold20519_1_TIGR01316:673:1669:-	700	62.0	61.046184739	7.08240902323
scaffold2731_5_TIGR03131:698:1598:-	161	11.0	11.6055555556	3.72364400707
scaffold32161_3_TIGR03906:3:942:+	390	18.0	22.8615548456	13.5652881161
scaffold10093_5_TIGR00914:2:461:-	70	10.0	10.2679738562	2.61470586193
scaffold10295_9_TIGR03992:36845:37673:-	317	25.0	26.0422705314	7.60113140982
scaffold6175_18_TIGR03906:1062:1440:-	110	17.0	17.5291005291	2.17621819815
scaffold41937_2_TIGR00880:1022:1244:+	55	13.0	13.0675675676	2.4604863711
scaffold531_8_TIGR00741:5687:5981:-	139	30.5	27.5578231293	9.01821984312
scaffold21690_2_TIGR00005:2:272:-	37	9.0	8.7037037037	1.8721114009
scaffold1928_6_TIGR01800:2471:3695:-	364	19.0	19.9411764706	5.42068212445
scaffold13611_1_TIGR00880:5584:6001:-	277	40.0	40.1534772182	6.96551585816
scaffold13611_7_TIGR00880:1:394:-	167	22.0	25.6335877863	8.43373159424
scaffold993_2_TIGR00005:169:1069:-	599	37.0	42.2822222222	14.5679372274
scaffold993_2_TIGR00741:2249:2543:+	280	52.0	53.1326530612	4.64224410994
scaffold9849_2_TIGR03992:3:693:+	84	7.0	7.95072463768	4.05296896681
scaffold12287_1_TIGR02252:4473:4752:+	400	115.0	120.114695341	15.08688454
scaffold6350_9_TIGR02712:5:200:+	53	16.0	16.6102564103	4.60789706036
scaffold12614_4_TIGR03906:11:479:-	51	7.0	7.20085470085	1.93434967656
scaffold12113_4_TIGR00914:9:945:-	178	13.0	13.0544871795	2.62064069323
scaffold12113_2_TIGR00914:5:998:-	214	18.0	17.7562940584	3.16180362726
scaffold326_1_TIGR00914:133:2527:-	1034	37.0	36.6349206349	5.30297282032
scaffold44515_3_TIGR00880:23:437:-	43	7.0	6.48550724638	1.32917198761
scaffold23682_3_TIGR00880:23119:23530:+	331	48.0	47.8564476886	7.1348721105
scaffold4300_2_TIGR00914:19:1300:-	402	21.0	21.324746292	6.55540879721
scaffold4300_1_TIGR00914:1:1507:-	527	28.0	30.0431606906	10.5913528887
scaffold14915_4_TIGR03992:48:789:-	161	12.0	13.3738191633	5.03743772183
scaffold10545_10_TIGR02712:422:1400:-	158	18.0	18.0889570552	2.90181184783
scaffold2210_2_TIGR01981:219:774:-	80	8.0	9.79099099099	3.81739851867
scaffold933_20_TIGR02214:4292:6170:-	414	15.0	15.3423855165	3.59333530763
scaffold13264_6_TIGR00880:84:513:-	218	40.0	40.8298368298	11.3903588734
scaffold43261_1_TIGR01316:1:514:-	53	7.0	7.5126705653	2.15037402854
scaffold12714_2_TIGR03906:608:1736:+	1040	61.0	61.5088652482	10.0799073079
scaffold9927_17_TIGR01316:1317:2496:+	301	17.0	17.7506361323	5.77223084036
scaffold3807_3_TIGR02712:5:269:+	51	10.0	10.2424242424	2.04909888592
scaffold3807_2_TIGR02712:5:689:+	103	11.0	10.3698830409	2.71055430949
scaffold711_1_TIGR00342:8922:10047:-	273	47.0	46.7422222222	4.52776564416
scaffold5732_19_TIGR02214:1247:1451:+	33	8.0	8.20098039216	1.81599619385
scaffold37769_1_TIGR02195:82:937:-	718	56.0	52.950877193	18.8845658334
scaffold3729_4_TIGR02712:3:534:-	109	14.0	14.3314500942	3.86584463876
scaffold21066_3_TIGR01316:599:845:+	35	8.0	7.64634146341	1.61324763007
scaffold40855_10_TIGR00005:988:1864:+	201	16.0	15.3207762557	5.09037746895
scaffold40855_13_TIGR00090:2473:2767:-	75	14.0	14.731292517	2.56863082513
scaffold40855_15_TIGR00092:144:585:-	92	13.0	13.2789115646	2.30482776251
scaffold26568_2_TIGR00342:13910:15032:+	724	52.0	50.1729055258	8.37109748
scaffold32142_2_TIGR02712:2488:3826:+	359	23.0	23.365470852	4.89457501108
C961001_1_TIGR03992:3879:4101:+	245	100.5	101.954954955	11.3052546081
scaffold5837_5_TIGR00914:8:548:-	73	9.0	9.46666666667	2.60498098379
scaffold5837_6_TIGR00914:49:361:-	44	8.0	8.18269230769	3.16561379517
scaffold11530_7_TIGR03906:3694:4753:-	601	36.0	34.9216241737	7.50615075496
scaffold16186_6_TIGR03992:5510:6278:+	201	17.0	17.0638020833	4.16206105323
scaffold121_5_TIGR02214:12035:13721:+	1383	57.0	56.4661921708	11.9827766116
scaffold121_1_TIGR02712:2961:3849:+	558	39.0	39.3603603604	9.08993383735
scaffold121_1_TIGR00005:20858:21212:-	223	38.0	38.7316384181	10.997111286
scaffold1327_1_TIGR00914:1803:4851:+	2718	60.0	62.4904855643	12.8394298684
scaffold12730_8_TIGR00880:1433:1757:-	194	34.0	34.6327160494	6.86898855249
scaffold32828_1_TIGR00342:3:702:+	281	27.0	25.8283261803	7.32208128256
scaffold36104_5_TIGR02712:95:1361:+	161	9.0	8.9028436019	2.62402464585
scaffold38187_3_TIGR01800:4:580:+	166	20.0	19.1649305556	5.03724523708
C948132_1_TIGR00880:67:508:-	593	84.0	82.6712018141	8.55783634774
scaffold15898_6_TIGR00880:1910:2144:+	177	47.0	47.7564102564	6.77574715488
scaffold2474_7_TIGR03131:2:536:-	79	9.0	9.21348314607	3.07023371402
scaffold5582_3_TIGR00342:213:981:+	128	11.0	11.4132985658	4.06722909156
scaffold21417_2_TIGR01316:5:410:+	68	15.0	14.7061728395	3.01438303902
scaffold19257_1_TIGR01316:8000:9227:+	357	19.0	19.2485737571	3.87258192862
scaffold45471_1_TIGR02712:544:1471:-	649	54.0	53.3214670982	8.04948307551
scaffold106_2_TIGR03992:8:782:+	482	41.0	41.9987080103	5.68453620088
scaffold4107_30_TIGR03906:304:859:-	864	104.0	105.625225225	12.826074712
scaffold5890_1_TIGR00090:493:787:-	149	34.0	34.3503401361	10.1084114913
scaffold14256_2_TIGR02627:4:169:+	71	35.0	36.096969697	6.57011068808
scaffold408_4_TIGR00090:2526:2820:+	251	49.0	46.5306122449	9.14122464774
scaffold408_4_TIGR02214:3384:5217:+	1210	44.0	44.3758865248	8.78326081738
scaffold47820_2_TIGR00092:1077:1356:-	93	18.0	18.3010752688	4.34972486149
scaffold47820_2_TIGR00914:17622:20430:-	1752	24.0	39.8351139601	29.2811711921
scaffold25420_9_TIGR00698:3:573:+	332	36.0	37.701754386	7.89529042893
scaffold25420_8_TIGR00698:7296:7695:+	214	32.0	33.1278195489	9.4577918975
scaffold21771_5_TIGR02252:1203:1824:+	193	18.0	18.692431562	4.26917469092
scaffold8602_6_TIGR01981:472:1102:+	81	8.0	8.22380952381	2.62873101655
scaffold24402_8_TIGR03992:14492:15200:+	585	55.0	54.6059322034	12.5748075142
scaffold16128_3_TIGR02252:114:705:+	106	12.0	11.7546531303	3.13795192885
scaffold16123_4_TIGR01800:2:521:-	175	12.0	19.5684007707	16.6422936492
scaffold7007_10_TIGR00152:3044:3605:-	327	36.0	37.9376114082	11.8412566479
scaffold38201_3_TIGR00092:1964:3062:-	348	20.0	20.7632058288	5.45710491875
scaffold4721_21_TIGR01962:4221:4458:-	63	14.0	14.1012658228	2.854834984
scaffold4721_21_TIGR00342:9932:10862:-	183	14.0	13.7021505376	3.43143214387
scaffold35492_1_TIGR01800:1095:1854:+	112	10.0	9.70619235837	2.84224690198
scaffold4538_12_TIGR00880:68:482:-	255	35.0	34.7415458937	5.74316342381
scaffold23554_3_TIGR00698:508:1495:-	595	36.0	39.5400202634	9.96778850597
scaffold19623_4_TIGR02712:359:533:-	24	8.0	8.10344827586	1.91506119322
scaffold1384_11_TIGR00914:4:418:+	115	12.0	15.5942028986	10.0009451349
scaffold43478_1_TIGR03131:3:615:-	119	13.0	13.3300653595	4.0031292493
scaffold30289_3_TIGR03906:17:1154:+	161	8.0	9.04837291117	3.75179106918
scaffold7569_3_TIGR03992:34:571:-	419	50.0	49.0316573557	10.8686470838
scaffold22664_6_TIGR03906:2171:3530:-	464	22.0	22.3988226637	5.59103127306
scaffold2058_7_TIGR01981:5:689:+	201	13.5	17.2222222222	14.1442145211
scaffold6621_5_TIGR03992:33498:34236:+	533	63.0	62.5325203252	8.27767752081
scaffold34573_1_TIGR01316:5693:7028:-	1043	52.0	52.4868913858	8.3342855156
scaffold34573_1_TIGR02712:1063:1369:-	254	41.0	45.0849673203	10.6162704777
scaffold27268_1_TIGR00005:1434:2100:+	768	93.0	92.457957958	11.6243326408
scaffold22299_7_TIGR00005:526:1180:-	265	24.0	27.2048929664	10.0921249117
scaffold21593_1_TIGR00005:1672:1936:+	45	9.0	9.92395437262	4.51464835421
scaffold21593_2_TIGR00005:102:534:+	91	10.0	12.7083333333	5.87943095319
scaffold1931_4_TIGR00005:3870:4236:-	60	9.0	9.87431693989	4.3262505944
scaffold39691_1_TIGR00152:108:672:-	108	12.0	12.8138297872	2.86624155505
scaffold18321_2_TIGR01316:2:329:-	45	8.0	9.09174311927	3.87702702489
scaffold16580_4_TIGR01316:183:1017:-	169	10.0	12.9664268585	8.88030315446
scaffold34000_1_TIGR02627:2327:2630:-	92	44.0	43.99669967	4.23602213135
scaffold37052_1_TIGR01020:1563:2070:+	212	22.0	23.2938856016	5.2678195837
scaffold45289_3_TIGR03131:49:958:-	264	15.0	17.302530253	5.70563230698
scaffold280_41_TIGR03906:4412:5768:-	543	20.0	24.5376106195	12.8226236351
scaffold280_49_TIGR01316:11122:12184:-	387	22.0	23.5310734463	10.6327353398
scaffold128_4_TIGR01316:3136:3625:-	455	65.0	60.3251533742	16.1633595977
scaffold128_1_TIGR03992:12354:13452:+	1309	112.0	112.154826958	10.4229185356
scaffold9999_9_TIGR00880:2122:2533:+	324	47.0	46.8199513382	6.87119527971
C915808_1_TIGR01316:258:726:+	241	33.0	33.3311965812	5.57307027081
scaffold24487_3_TIGR00914:4:2380:+	1157	42.0	43.1325757576	10.0064213103
scaffold24487_2_TIGR00914:3181:3838:+	306	31.0	30.401826484	5.79296768452
scaffold7643_7_TIGR01316:5788:6019:+	174	63.0	62.2077922078	5.03667328796
scaffold7643_1_TIGR00092:26162:27257:+	883	54.0	53.9214611872	8.6738596246
scaffold7643_1_TIGR02214:31731:33408:+	1267	52.0	51.2778771616	8.21042973151
scaffold7643_3_TIGR01316:19508:19622:+	106	63.5	60.0	7.83156008298
scaffold7643_8_TIGR03992:23217:23808:+	418	45.0	45.3130287648	6.33886431545
scaffold42525_1_TIGR02195:575:797:-	250	62.0	64.036036036	12.5546932669
scaffold38636_3_TIGR01020:1422:1914:-	237	21.5	25.5731707317	13.8203018637
scaffold9985_2_TIGR00880:19015:19438:+	138	21.0	21.3475177305	3.30552760552
scaffold4823_6_TIGR00005:1536:2415:-	196	15.0	14.7895335609	4.24050350499
scaffold4823_8_TIGR02214:2636:3254:-	115	11.0	12.4724919094	4.26471038077
scaffold33705_1_TIGR03239:482:1241:-	202	18.0	17.7747035573	4.03059352958
scaffold16538_1_TIGR00880:1130:1268:+	26	11.0	9.9347826087	3.54925287451
scaffold38291_2_TIGR00880:13315:13732:-	150	21.0	21.5251798561	4.83194446551
scaffold121_2_TIGR00005:1:379:-	250	41.0	42.0608465608	9.00611205292
scaffold20905_2_TIGR01981:1218:1992:+	582	81.0	80.6059431525	8.78723621137
scaffold412_3_TIGR02627:1:529:-	286	36.0	34.6761363636	7.05063119329
scaffold412_6_TIGR00880:14834:15242:+	335	47.0	48.1960784314	12.2011645343
scaffold412_6_TIGR00005:12202:12916:+	428	36.0	35.5014005602	6.10465435231
scaffold12791_1_TIGR02252:2194:2761:+	508	51.0	54.1005291005	12.7205252796
scaffold10584_4_TIGR02214:5077:6130:+	395	25.0	25.4833808167	4.91803271035
scaffold43448_1_TIGR00005:5:608:+	173	20.0	19.776119403	3.97562559496
scaffold34455_1_TIGR02195:12:708:+	676	74.0	71.0431034483	20.9261395032
scaffold37782_2_TIGR00914:5:1109:+	168	10.0	10.4184782609	2.86069425094
scaffold32273_1_TIGR02712:1650:2631:+	752	41.0	43.1620795107	22.472074172
scaffold40864_5_TIGR01981:10018:10843:+	278	23.0	22.3175757576	3.83679082307
scaffold15207_2_TIGR03131:2899:3802:+	235	16.0	16.0620155039	5.23728509676
scaffold18451_1_TIGR00342:9:417:-	152	15.0	20.5196078431	12.1014748673
scaffold5516_9_TIGR01316:895:1285:-	73	10.0	11.7974358974	5.33805818817
scaffold154_2_TIGR00880:241:661:-	378	75.0	77.1904761905	13.5545425442
scaffold23051_2_TIGR03992:1335:2130:+	183	13.0	14.2503144654	4.59247229582
scaffold39501_1_TIGR02712:4199:4508:+	158	29.0	29.5598705502	3.25315002675
scaffold51_1_TIGR02712:10828:12163:-	1045	53.0	52.3872659176	12.5121299504
scaffold51_1_TIGR00914:1115:4220:-	2385	51.0	52.4012882448	14.4023168074
scaffold51_3_TIGR01316:15898:17248:-	822	38.0	39.6777777778	8.88706231233
scaffold51_6_TIGR00741:7:289:-	327	67.0	68.8475177305	8.94277378995
scaffold33966_1_TIGR02214:1565:1880:+	100	20.0	20.0253968254	3.65747628551
scaffold2626_8_TIGR00914:3374:3890:-	168	20.0	19.8546511628	3.72715231956
scaffold2713_2_TIGR03906:1720:2287:+	644	75.0	74.5202821869	6.31807082645
scaffold12497_2_TIGR01316:1343:1460:-	152	57.0	55.9572649573	5.78148113752
scaffold47913_1_TIGR00880:203:620:-	121	16.0	17.067146283	5.61347298084
scaffold2874_2_TIGR01316:1465:1732:-	38	9.0	8.9925093633	3.10851495713
scaffold43579_2_TIGR00914:1:577:-	477	61.0	54.2534722222	23.5410026844
scaffold24048_3_TIGR03992:5486:6059:+	943	102.0	103.457242583	12.9146886923
scaffold27046_1_TIGR01800:784:2005:-	236	13.0	12.9713349713	3.59018553927
scaffold45256_8_TIGR02627:2429:2690:-	143	28.0	28.8505747126	5.36598211305
scaffold45256_4_TIGR00914:4:1756:+	726	37.0	37.3293378995	6.25581793286
scaffold45256_5_TIGR00880:779:1196:+	228	32.0	30.8896882494	7.08240730177
scaffold45256_5_TIGR00914:7:628:+	339	33.0	35.2512077295	11.759863205
scaffold45256_1_TIGR00914:1034:3920:+	1317	31.0	30.93000693	8.24511576371
scaffold740_2_TIGR00152:13524:14094:+	132	17.0	17.8561403509	3.14731952474
scaffold38778_3_TIGR00914:5:989:-	499	34.0	34.5691056911	5.70918714875
scaffold38778_2_TIGR00914:816:2958:-	1135	58.0	58.1512605042	5.99933826092
scaffold749_3_TIGR03992:3253:3727:-	498	73.0	71.5021097046	7.72230288152
scaffold9673_13_TIGR00914:1:622:-	247	15.0	22.9919484702	16.4452421668
scaffold476_3_TIGR03992:2184:2526:+	56	10.0	9.94152046784	1.96223885241
scaffold47975_1_TIGR02214:23:161:-	49	17.0	16.1231884058	3.48381953174
scaffold3950_4_TIGR01800:369:1296:+	213	20.0	20.4746494067	4.94076609901
scaffold3950_5_TIGR01800:7:295:+	70	14.0	15.3506944444	5.60926189103
scaffold3192_1_TIGR00914:12191:15233:+	3304	75.0	76.1413543721	12.8522839361
scaffold18761_2_TIGR00087:3545:3860:-	247	43.0	44.9555555556	7.12816407668
scaffold10880_9_TIGR00880:782:1184:-	43	7.0	6.77114427861	1.66985660423
scaffold7265_3_TIGR00005:1548:1788:+	112	17.0	26.6375	19.2613021475
scaffold3899_1_TIGR01800:283:1501:+	1564	178.0	178.720032841	10.9583302097
scaffold35314_1_TIGR02627:5211:5520:-	395	104.0	104.122977346	8.43964424718
scaffold55_5_TIGR00880:10:439:-	433	67.0	66.1491841492	8.7178583444
scaffold11250_7_TIGR00092:1818:2793:-	702	59.0	58.44	6.97249100173
scaffold11250_5_TIGR03131:6695:7589:-	593	45.0	44.0369127517	6.39646346283
scaffold11250_1_TIGR03992:379:763:-	308	52.0	52.15625	6.80085491715
scaffold4348_2_TIGR00005:952:1246:+	73	22.0	21.6598639456	4.59072800926
scaffold3862_13_TIGR01316:7220:7457:+	92	20.0	20.5316455696	4.01737400755
scaffold16883_2_TIGR01316:477:552:+	10	7.0	6.73333333333	1.61932770687
scaffold1396_1_TIGR02214:93:1134:+	182	11.0	12.0912584054	4.16913438373
scaffold26981_8_TIGR02712:1194:1794:-	111	13.0	12.36	3.17811264747
scaffold26981_9_TIGR02712:5:74:-	37	28.0	25.4782608696	6.17523970233
scaffold26981_6_TIGR02712:164:593:-	60	9.0	9.331002331	1.86552433557
scaffold1345_9_TIGR00880:28378:28804:+	121	18.0	19.1502347418	4.59188531466
scaffold131_16_TIGR03992:3051:4155:+	324	16.0	18.8813405797	9.00107962606
scaffold5732_18_TIGR02214:4:475:+	53	7.0	7.55201698514	1.93771133844
scaffold5732_17_TIGR02214:1054:1744:+	80	8.0	7.65507246377	2.17958487152
scaffold13859_3_TIGR00005:5:500:+	65	9.0	8.43838383838	2.46833306
scaffold13859_7_TIGR00005:801:1002:+	35	8.0	8.39800995025	2.88775007875
scaffold37206_1_TIGR01981:13001:13832:-	593	47.0	48.0661853189	6.43166053903
scaffold42438_3_TIGR00914:2:512:-	123	13.0	14.6078431373	6.58750579528
scaffold34130_1_TIGR03992:85:937:+	928	69.5	69.8192488263	8.57213004569
scaffold2356_15_TIGR00152:5:419:+	53	7.0	8.28260869565	2.59781345377
scaffold2585_5_TIGR03906:7788:8010:+	89	17.0	18.6891891892	4.09985390536
scaffold2585_5_TIGR02214:938:2129:+	281	15.0	15.7229219144	4.31724367783
scaffold3675_3_TIGR00092:394:670:+	83	17.0	16.7536231884	3.9209796066
scaffold29799_2_TIGR00880:507:690:+	113	22.0	25.8961748634	10.42407557
scaffold15616_1_TIGR00005:168:594:-	134	18.0	19.1267605634	5.31565915283
scaffold29055_3_TIGR02252:1903:2488:-	289	44.0	43.5418803419	6.14041173647
scaffold30829_1_TIGR01020:140:296:-	361	100.0	104.512820513	21.8624743419
scaffold26293_3_TIGR00005:4:367:+	307	47.0	46.7162534435	13.5078565145
scaffold156_2_TIGR01316:13651:14620:-	1326	128.0	128.36119711	10.7421020504
scaffold31716_2_TIGR00005:157:871:+	168	15.0	16.2619047619	5.4930595131
scaffold33243_1_TIGR02214:366:2310:+	743	27.0	26.6738683128	5.69063705192
scaffold24717_5_TIGR02627:7124:7217:-	35	12.0	13.3440860215	2.07646631003
scaffold46616_5_TIGR02627:4:661:-	257	26.0	29.6757990868	13.3383520923
scaffold27803_1_TIGR02214:17:560:+	95	10.0	11.3443830571	5.37619751846
scaffold20646_2_TIGR02712:5:929:+	155	12.0	11.8647186147	3.18751790197
scaffold20646_1_TIGR02712:2874:3114:+	50	12.0	12.0583333333	2.48259217128
scaffold12791_11_TIGR02712:1200:1425:-	108	31.0	27.5822222222	11.2120429081
scaffold563_6_TIGR01020:633:825:-	76	24.0	21.625	10.2064624136
scaffold3098_14_TIGR00152:5:419:+	107	18.0	17.2101449275	3.53748641325
scaffold17642_3_TIGR00005:270:1071:-	212	12.0	16.418227216	10.8597283681
scaffold280_39_TIGR01981:2913:3678:-	167	15.0	15.0392156863	3.06718314692
scaffold47500_1_TIGR00092:3:297:-	222	38.0	41.7789115646	14.2791210085
scaffold24544_1_TIGR00090:348:642:-	153	34.0	34.8605442177	9.66255172438
scaffold35910_7_TIGR01981:95:290:-	45	14.0	12.9333333333	4.66966936365
scaffold7708_3_TIGR01020:692:1178:-	747	94.0	98.0617283951	21.6624947621
scaffold32_4_TIGR03992:37457:37844:-	429	61.0	61.3565891473	22.5961506119
scaffold32_4_TIGR00880:20561:20969:+	382	59.0	58.2916666667	6.73633177996
scaffold32_2_TIGR00880:6794:7205:-	448	65.0	65.0170316302	5.19518792379
scaffold32_3_TIGR00880:5728:6136:+	411	53.0	59.0808823529	14.7718209216
C923444_1_TIGR02252:57:648:+	122	16.0	16.3062605753	4.15429299815
scaffold3785_5_TIGR01800:1:844:-	179	9.0	11.9228944247	9.27694294413
scaffold42286_1_TIGR01316:40:163:-	168	90.0	97.8699186992	16.3030045361
scaffold763_10_TIGR00880:2649:3087:-	386	75.0	77.6506849315	16.2414399508
scaffold19275_7_TIGR00092:5:572:+	77	9.0	8.97178130511	3.16828098671
scaffold46149_2_TIGR00005:2:224:-	34	8.0	9.13513513514	2.83156750428
scaffold2217_3_TIGR01316:162:546:-	140	21.0	22.4609375	8.01583947285
scaffold2217_4_TIGR01316:1:889:-	225	15.0	15.7004504505	5.3818513656
scaffold23769_1_TIGR02627:2377:2686:+	126	30.0	29.2362459547	5.34618820301
scaffold15566_4_TIGR01800:2172:2991:+	148	11.0	11.3064713065	3.824935171
scaffold30105_1_TIGR00880:1756:2212:+	526	74.0	72.3837719298	11.8830042195
scaffold38820_1_TIGR03906:2383:2932:-	150	17.0	16.868852459	3.74373973558
scaffold51_13_TIGR03239:6586:7330:+	575	58.0	59.8575268817	8.86736934186
scaffold51_17_TIGR02627:2131:2422:-	226	41.0	41.2130584192	8.7819696532
scaffold42168_1_TIGR02195:31321:32341:-	367	23.5	23.9450980392	5.42587532382
scaffold10427_6_TIGR02214:7:193:-	26	9.0	8.55913978495	1.84893090639
scaffold10490_23_TIGR01316:1232:2501:-	246	13.0	13.4846335697	3.4253206271
scaffold2701_15_TIGR00087:472:1177:+	145	13.0	13.4368794326	2.67678253322
scaffold360_1_TIGR03992:12781:13519:+	348	49.0	49.2127371274	5.48607503935
scaffold24342_4_TIGR00914:14:539:+	73	9.0	9.58857142857	3.31033919383
scaffold24342_3_TIGR00914:86:2420:+	310	9.0	9.33290488432	2.5678732381
scaffold3435_19_TIGR00741:1562:1856:+	52	10.0	10.1428571429	2.57010547972
scaffold33_4_TIGR02627:940:2317:+	1554	74.0	76.1445170661	13.2195647657
scaffold343_2_TIGR03906:7248:8457:+	544	49.0	48.9536807279	5.11484371581
scaffold17142_8_TIGR00090:846:963:-	22	11.0	10.7948717949	3.10923208025
scaffold9844_13_TIGR00005:3666:4353:-	387	33.0	33.9694323144	10.3891079229
scaffold4066_3_TIGR00005:606:780:-	59	23.0	24.5632183908	5.568179606
scaffold32339_3_TIGR01316:5337:5580:+	80	28.0	27.6090534979	2.22579350284
scaffold42610_1_1_TIGR01316:282:591:+	223	43.0	41.8899676375	9.3725929207
scaffold28045_2_TIGR01981:6681:7530:-	466	35.0	34.9540636042	5.52424877033
scaffold28045_2_TIGR00914:11958:15018:-	1308	28.0	28.6111111111	7.35876211133
scaffold47901_2_TIGR02627:38163:38469:-	93	22.0	21.7647058824	3.81734039072
scaffold47901_2_TIGR03992:36186:36843:-	197	24.0	23.5114155251	4.97148097758
scaffold722_2_TIGR02712:9879:10854:+	620	40.0	40.598974359	9.67980710628
scaffold1684_8_TIGR02214:1707:2442:+	144	11.0	11.8340136054	3.38056664329
scaffold1684_9_TIGR02214:1209:1410:+	47	10.0	10.7810945274	3.51426953211
scaffold35153_3_TIGR00092:14663:15761:-	692	36.0	45.4116575592	31.2013253826
scaffold19252_4_TIGR03992:348:1443:-	296	14.0	17.2666666667	10.2564439409
scaffold11873_10_TIGR00005:2850:3693:+	351	33.0	34.5231316726	6.7226268425
scaffold184_4_TIGR02712:403:613:-	70	22.0	20.3714285714	5.21309183984
scaffold2987_10_TIGR00152:216:612:-	97	15.0	15.7398989899	3.5025998987
scaffold26652_2_TIGR03992:186:1035:-	179	13.0	13.5500588928	4.97793985053
scaffold24281_1_TIGR01800:2:677:-	182	17.0	17.0177777778	6.19411748016
scaffold24626_2_TIGR01800:6:408:+	79	11.0	11.4452736318	4.44292047397
scaffold1920_4_TIGR01981:2732:3503:-	174	14.0	15.5680933852	4.26720597332
scaffold30_6_TIGR02195:27145:27997:+	451	36.0	35.6643192488	4.81536996677
scaffold32027_4_TIGR00005:47810:48674:+	257	20.0	19.7893518519	4.54143246555
scaffold32027_1_TIGR00741:7436:7730:+	128	23.0	25.5544217687	7.70295226814
scaffold3355_1_TIGR00005:9:381:+	31	5.0	5.4623655914	1.4577131876
scaffold1684_26_TIGR00880:306:687:-	86	13.0	13.3517060367	4.01011561843
scaffold43758_11_TIGR03131:998:1529:+	101	12.0	12.3126177024	3.9920130858
scaffold43758_12_TIGR03131:8:341:+	58	10.0	10.8558558559	3.91772789191
scaffold14675_10_TIGR00880:4910:5150:+	50	11.0	11.2375	2.00152285773
scaffold7222_3_2_TIGR01316:2:446:-	54	8.0	7.82207207207	1.63088414484
scaffold11164_1_TIGR00880:814:1222:-	361	55.0	56.2058823529	10.0750499783
scaffold42570_1_TIGR00087:12:543:+	492	59.0	59.4387947269	8.10277216851
scaffold25860_3_TIGR01316:470:899:+	92	11.0	13.4941724942	6.27297370793
scaffold33664_6_TIGR01800:6:915:+	135	10.0	10.0275027503	4.33730617975
scaffold21137_4_TIGR01020:29:503:+	375	27.0	34.6793248945	24.7881001711
scaffold9841_3_TIGR03992:442:1117:-	167	17.0	18.1081481481	4.65317178726
scaffold7265_20_TIGR02214:86:833:+	124	10.0	11.0669344043	3.39632317132
scaffold8595_1_TIGR00005:2:689:-	101	11.0	10.6593886463	2.80525005391
scaffold40636_2_TIGR03992:7:787:+	132	11.0	10.5974358974	3.09374780431
scaffold2904_3_TIGR03992:2681:3596:+	303	21.0	20.8393442623	6.56663062928
scaffold6759_26_TIGR00880:6040:6451:+	181	35.0	34.9683698297	3.01358998425
scaffold29170_5_TIGR00005:2:497:-	130	17.0	16.4181818182	4.7640141727
scaffold11401_2_TIGR02214:1:751:-	496	38.0	40.268	14.1628213762
scaffold11401_1_TIGR02214:758:1493:-	617	59.0	65.4054421769	19.8002672363
scaffold27418_2_TIGR01981:5:263:+	63	14.0	13.9612403101	1.95056382537
scaffold27418_3_TIGR01981:912:1362:+	86	11.0	10.9844444444	3.51785638994
scaffold4045_2_TIGR03992:19132:19609:+	174	23.0	23.0209643606	5.21684707555
scaffold38833_1_TIGR03906:144:1335:-	532	31.0	30.2938706969	5.61358144188
scaffold47039_1_TIGR01800:3:378:+	476	120.0	120.965333333	10.6203012303
scaffold33174_1_TIGR01800:28794:30012:-	606	28.0	31.8185550082	14.3249555649
C921396_1_TIGR03992:112:793:+	179	71.0	70.5844346549	3.78213495236
scaffold1987_9_TIGR03906:5322:6402:-	227	13.0	13.9555555556	3.76040121316
scaffold1987_4_TIGR02712:739:1060:-	258	19.0	34.1277258567	28.1091421609
scaffold1987_7_TIGR00880:1096:1495:-	96	14.0	14.2731829574	2.77440099776
scaffold26972_3_TIGR02214:4:529:+	66	8.0	9.02095238095	4.85538866549
scaffold7036_23_TIGR03131:340:1045:-	132	12.0	12.3021276596	3.26699523789
scaffold26591_3_TIGR02214:3:288:+	54	13.0	12.0771929825	3.02753547758
scaffold26591_2_TIGR02214:654:1638:+	184	13.0	13.2095625636	3.21441788061
scaffold26591_4_TIGR02214:4:1456:+	241	12.0	11.4276859504	3.29803003067
scaffold1626_7_TIGR03992:603:1518:+	790	55.0	53.2382513661	14.0831279593
scaffold21397_1_TIGR03906:3723:4836:-	300	27.0	27.0368373765	5.47603532347
scaffold18645_3_TIGR03992:4:394:-	44	7.0	7.46923076923	1.02922770303
scaffold6254_7_TIGR01316:980:1220:+	28	6.0	6.425	2.40541922888
scaffold21259_6_TIGR00914:4:1165:-	210	9.0	11.6761412575	8.20465137257
scaffold22629_1_TIGR00914:3:2154:+	1597	53.0	52.7029288703	6.8627093019
scaffold10894_10_TIGR00880:1762:1990:+	36	9.0	8.85964912281	2.255119684
scaffold23582_3_TIGR01020:330:726:-	62	11.0	10.2323232323	2.92784708309
scaffold2051_23_2_TIGR00090:2391:2691:+	175	21.0	29.5466666667	20.3352195846
scaffold26810_3_TIGR02214:9295:10915:-	483	25.0	25.1308641975	4.65887290919
scaffold2050_1_TIGR00914:1061:1625:-	297	19.0	35.7783687943	29.8961350979
scaffold2050_2_TIGR00914:435:1107:-	744	75.0	69.4255952381	23.1493687485
scaffold4942_21_TIGR01316:795:1188:+	59	9.0	9.37404580153	2.81309879899
scaffold123_10_TIGR02712:9963:10320:+	528	91.0	89.2773109244	9.41355275132
scaffold319_3_TIGR00005:369:792:+	309	50.0	47.5082742317	12.7516485784
scaffold84_13_TIGR00698:3041:3986:+	268	13.0	15.6677248677	11.4915964515
scaffold3862_6_TIGR01316:9343:9454:+	38	13.0	13.2702702703	3.87169433763
scaffold41135_1_TIGR00914:622:1390:+	695	77.0	71.2855280313	18.2605533546
scaffold46852_2_TIGR03992:6:117:-	37	26.0	25.5675675676	1.45578449562
scaffold46852_1_TIGR03992:3053:3449:-	154	22.0	22.8787878788	4.73920405727
scaffold24475_2_TIGR00914:38286:41418:-	895	20.0	20.3575989783	4.77452963001
scaffold24475_2_TIGR02252:32306:32903:-	219	24.0	23.5226130653	3.61713415614
scaffold24475_3_TIGR02214:6741:8532:-	618	21.0	22.8749302066	10.7875267728
scaffold24475_1_TIGR00914:15407:18446:+	927	85.0	87.5551168147	9.06349431683
scaffold3989_2_TIGR02214:4792:6412:-	724	31.0	30.6141975309	5.06341717537
scaffold467_31_TIGR03131:1168:2011:+	136	11.0	11.0225385528	2.67330988226
scaffold467_32_TIGR02712:2965:3328:+	55	9.0	8.46831955923	2.11539397429
scaffold7036_17_TIGR02712:350:806:-	93	12.0	12.5	4.35336127446
scaffold7036_18_TIGR02712:2:212:-	29	8.0	8.33333333333	2.33673221836
scaffold2051_24_TIGR00087:830:1535:-	176	17.0	16.3730496454	4.86977768192
scaffold34565_5_TIGR01316:435:699:+	76	20.0	20.9962121212	5.70652079567
scaffold10490_10_TIGR02627:4:772:-	142	13.0	12.1966145833	4.51434507494
scaffold6813_1_TIGR01316:3842:4559:-	500	112.0	111.912133891	4.8914955423
scaffold38415_2_TIGR00342:3468:4587:+	527	31.0	31.3512064343	5.09437088556
scaffold612_9_TIGR02214:14:848:+	271	25.0	24.9892086331	5.84439542527
scaffold612_8_TIGR02214:11326:11920:+	216	23.0	24.3232323232	5.7272370975
scaffold55_16_TIGR00005:928:1741:+	836	71.0	72.3763837638	9.1298428365
scaffold15353_2_TIGR02712:12919:13906:+	618	38.0	39.1641337386	8.88126166991
scaffold40450_4_TIGR03992:487:583:+	15	8.0	7.18947368421	2.62496009731
scaffold26698_4_TIGR03906:2810:4106:-	1428	94.0	94.7770061728	12.013256399
scaffold25808_2_TIGR00914:4:673:+	485	50.0	46.7010463378	17.7727815136
scaffold9999_5_TIGR03239:4:373:+	282	48.0	47.3495934959	5.86152362312
scaffold9999_4_TIGR03239:3461:3740:+	179	38.0	36.7168458781	8.73722945687
C928944_1_TIGR00005:4:700:+	206	19.0	19.0057471264	3.96101276733
scaffold3474_1_TIGR00914:1729:4855:-	2196	72.0	71.7869481766	10.1353304051
scaffold3474_2_TIGR00880:4679:5108:-	404	87.0	86.2144522145	8.9093165658
scaffold18477_4_TIGR01800:17787:18927:+	727	41.0	41.5763157895	11.3091470713
scaffold218_3_TIGR03906:7315:8443:-	327	19.0	19.1586879433	5.11937243859
scaffold480_11_TIGR03131:3:642:+	345	44.0	43.9467918623	7.93263804537
scaffold18345_7_TIGR03992:165:468:-	51	10.0	9.92079207921	1.63914471973
scaffold18345_2_TIGR00914:346:745:-	62	16.0	16.1077694236	1.70827700118
scaffold18345_1_TIGR00914:544:958:-	58	8.0	8.53623188406	2.32968478811
scaffold18345_8_TIGR03992:1:562:-	81	10.0	9.75401069519	2.8938602028
scaffold28045_16_TIGR03992:3752:4343:-	426	50.0	48.758037225	7.73967292112
scaffold23628_8_TIGR00914:3:246:+	50	11.0	11.70781893	3.28373917654
scaffold25489_4_TIGR02195:647:1487:-	746	59.0	59.9357142857	7.1016873055
scaffold4562_1_TIGR00880:4639:5056:+	581	132.0	129.146282974	18.9995630859
scaffold4562_2_TIGR00880:12040:12385:+	351	69.0	69.5014492754	9.32228890152
scaffold4562_2_TIGR00914:4850:5426:-	605	69.0	73.3489583333	26.7008524161
scaffold18595_1_TIGR00005:10578:11253:-	658	64.0	63.5807407407	7.81720321585
scaffold18595_1_TIGR00914:2623:5746:-	2272	50.0	51.2180595581	8.66331312937
scaffold34946_3_TIGR02214:2:977:-	332	22.0	23.3548717949	9.4693683952
scaffold4107_7_TIGR03239:2445:2829:-	201	31.0	31.3385416667	4.23034350929
scaffold3_1_TIGR01020:21987:22398:-	340	78.0	77.7688564477	7.09700621618
scaffold10490_9_TIGR02627:11883:12375:-	94	14.0	13.3272357724	5.23207645838
scaffold37034_4_TIGR00152:5:299:+	43	8.0	8.94897959184	2.41891265129
scaffold15138_7_TIGR03992:1640:2261:-	340	41.0	44.4702093398	9.54307961589
scaffold280_8_TIGR01981:4814:5636:-	188	15.0	15.3333333333	3.93169581155
scaffold4427_2_TIGR01900:20206:21235:+	1267	89.0	89.7103984451	10.2448023626
scaffold40638_9_TIGR02252:3058:3664:+	173	14.0	16.8943894389	9.56472142377
scaffold34762_3_TIGR01316:5023:5386:+	126	21.0	21.3581267218	2.75012823451
scaffold946_2_TIGR00698:10060:11062:+	618	39.0	40.2824351297	8.46355759972
scaffold4721_19_TIGR01957:9048:9471:-	88	13.0	13.3853427896	2.81258112583
scaffold3006_1_TIGR02195:192:1212:-	1514	115.0	114.709803922	14.5592131723
scaffold12055_1_TIGR00880:826:1231:-	352	68.0	69.2395061728	11.3548562408
scaffold30970_6_TIGR03992:1406:1946:+	128	13.0	13.7796296296	3.36231179452
scaffold34747_1_TIGR01800:1147:1366:-	53	13.0	13.2100456621	2.02984343768
scaffold25903_3_TIGR00914:22:1003:-	271	12.0	17.122324159	15.7663663845
scaffold1364_2_TIGR02712:1698:2691:+	1226	81.0	81.72306143	20.5963176319
scaffold28038_4_TIGR00914:609:3726:-	1112	20.0	23.5178055823	13.7015985311
scaffold17759_6_TIGR02252:6241:6541:+	137	25.0	27.4766666667	8.71413347512
scaffold15698_3_TIGR01800:18583:19798:-	1082	75.0	77.5152263374	11.4788575847
scaffold15698_1_TIGR02627:3671:5039:-	1080	52.0	54.0314327485	12.8596690473
scaffold23628_3_TIGR00914:1877:2051:+	22	7.0	7.9367816092	2.98300222689
scaffold23628_5_TIGR00914:5:1235:+	198	11.0	11.6078112286	3.25645943957
scaffold45115_1_TIGR00914:7769:10922:+	1939	40.0	41.449096099	10.463051447
scaffold32093_6_TIGR01316:448:664:+	132	34.0	32.9953703704	8.18563425741
C947006_1_TIGR00005:251:959:+	203	20.0	19.1257062147	4.63342866832
scaffold4152_16_TIGR00698:3573:4587:+	324	30.0	30.483234714	4.52531941076
scaffold20700_1_TIGR00342:4:229:+	66	13.0	14.44	8.90778436101
scaffold43743_2_TIGR02252:140:734:+	99	13.0	13.398989899	2.71993494734
scaffold47247_1_TIGR01020:8654:9164:+	265	33.0	33.3235294118	4.29719873348
