C787422_1_TIGR00880:1795:2209:+	186	28.0	27.8019323671	2.87575172029
scaffold44137_2_TIGR00880:7:259:-	91	25.0	26.9087301587	7.02854180999
scaffold25537_1_TIGR00092:2:722:-	121	12.0	11.8152777778	2.68649708533
scaffold15828_1_TIGR03992:653:1499:-	254	20.0	20.2541371158	5.3451067435
scaffold19798_8_TIGR00914:4088:5498:+	306	15.0	14.8957446809	3.56058749516
scaffold19798_9_TIGR00914:4:1402:+	307	16.0	15.8883321403	5.03407002313
scaffold415_15_TIGR03131:8106:8973:-	371	26.0	26.2537485582	7.0968075508
scaffold10253_3_TIGR00914:1551:4674:-	1478	30.0	31.7169388409	9.89123971492
scaffold6273_3_TIGR01957:3734:4169:+	159	23.0	22.7287356322	5.24656226902
scaffold6273_5_TIGR01962:3:264:+	96	28.0	26.9616858238	3.73633749113
scaffold6273_4_TIGR01962:482:1382:+	266	18.0	19.2688888889	4.36105605061
scaffold3414_19_TIGR02627:2244:3612:-	250	12.0	12.7719298246	4.91513075216
scaffold2921_4_TIGR00880:6703:7135:+	196	34.0	34.1967592593	3.58051422148
scaffold15049_2_1_TIGR00005:3202:3913:-	258	22.0	22.9043600563	4.62997882451
scaffold36277_1_TIGR00880:1116:1548:+	120	17.0	16.6782407407	3.25543543446
scaffold36277_3_TIGR00342:1809:2928:-	360	25.0	26.2895442359	5.03128618072
scaffold50_34_TIGR00914:1:1450:-	670	23.0	28.2229123533	15.9762807129
scaffold4841_5_TIGR00914:6541:9670:+	565	13.0	12.9159475871	4.11130278031
scaffold542_6_TIGR03992:2037:2778:+	269	23.0	23.1228070175	5.3747327789
scaffold14962_2_TIGR01800:157:877:+	188	15.0	17.5388888889	8.10340387251
scaffold14962_3_TIGR01800:6:423:+	109	17.0	16.6163069544	5.80841387412
scaffold806_10_TIGR00914:8:1517:+	317	15.0	14.7707090789	3.56912848726
scaffold45489_1_TIGR00914:3037:6073:-	1320	33.0	33.2496706192	7.37037185727
scaffold2995_24_TIGR00698:1:565:-	86	11.0	10.634751773	2.57468543326
scaffold36336_9_TIGR03992:1258:1789:-	272	31.0	32.1167608286	7.59481942926
scaffold40483_2_TIGR00880:429:843:+	131	17.0	17.3429951691	5.09600930491
C782240_1_TIGR00914:5:1625:+	2394	114.0	115.575925926	19.0354714553
scaffold20151_11_TIGR00090:789:1083:+	71	14.0	13.7482993197	2.47667633717
scaffold34588_3_TIGR02627:687:960:+	31	7.0	6.91575091575	2.20477526291
scaffold37775_1_TIGR00914:5:803:+	126	10.0	10.3922305764	2.2484279748
scaffold16470_1_TIGR00005:540:1386:-	863	68.0	66.6773049645	9.92959281847
scaffold18246_2_TIGR01800:358:634:+	74	15.0	15.402173913	2.49227698089
scaffold2054_5_TIGR01981:875:1382:+	139	14.0	16.1203155819	8.21429705054
scaffold32720_8_TIGR00914:6:462:-	141	13.0	17.6666666667	13.9591614051
scaffold32720_6_TIGR00914:3:1023:-	366	19.0	22.6284313725	18.4937767882
scaffold32720_7_TIGR00914:2:1148:-	260	14.0	15.6020942408	7.85728699775
scaffold13335_12_TIGR00092:101:488:-	161	24.0	23.6279069767	4.70647983814
scaffold4479_8_TIGR02214:1340:1598:+	36	9.0	8.41472868217	2.18044874036
scaffold3851_15_TIGR03992:1308:1686:+	206	28.0	29.7142857143	7.02662036843
scaffold7657_6_TIGR00880:339:726:-	110	16.0	16.6795865633	4.74634872146
scaffold548_5_TIGR01316:1435:1558:-	61	20.0	20.8211382114	4.56574826738
scaffold3100_1_TIGR02712:6082:6499:-	713	115.0	114.294964029	16.4592891723
scaffold3100_3_TIGR00698:3168:4131:+	962	67.0	68.057113188	12.7521243634
scaffold3100_2_TIGR00152:1322:1862:+	585	115.5	117.096296296	10.6101796502
scaffold3958_19_TIGR00880:26:422:-	66	10.0	10.4116161616	2.28958255958
scaffold695_12_TIGR00914:4275:7377:-	1338	28.0	30.9451966473	13.415623121
scaffold6711_1_TIGR00342:973:2089:+	262	14.0	14.7903225806	4.96718041327
scaffold42_3_TIGR00005:3402:4083:+	605	88.0	89.6387665198	9.57627518137
scaffold21161_5_TIGR02252:667:991:-	49	9.0	9.10185185185	2.59726761035
scaffold21459_2_TIGR02214:27:744:-	121	11.0	11.3110181311	3.92887301594
scaffold26441_2_TIGR03992:219:984:+	205	18.0	18.568627451	3.83919365493
scaffold3050_6_TIGR03992:193:925:+	103	8.0	8.8674863388	3.06401335417
scaffold23506_1_TIGR00005:2409:3081:-	233	21.0	21.3199404762	6.52036790492
scaffold42511_4_TIGR03906:769:940:+	43	13.0	13.701754386	2.71856243582
scaffold18973_4_TIGR00092:2772:3054:-	404	82.0	81.4290780142	15.378796488
scaffold33446_1_TIGR00005:24083:25016:-	466	28.0	29.7427652733	12.387900939
scaffold23341_4_TIGR00005:35:800:-	96	9.0	8.61176470588	2.03360464845
scaffold284_8_TIGR02712:5385:5712:+	413	39.0	51.0550458716	29.5849478824
scaffold16787_7_TIGR03992:1070:1685:+	120	13.0	12.6504065041	2.06473975146
C787828_1_TIGR03906:1658:2327:+	171	17.0	17.1883408072	4.8864947742
scaffold206_6_TIGR01316:7623:8817:+	478	27.0	27.0820770519	5.25496944744
scaffold36591_1_TIGR01020:53:518:+	420	122.0	128.537634409	22.7716854651
scaffold3867_5_TIGR00914:3:1356:-	1291	66.0	65.6814486327	13.3909795333
scaffold3867_4_TIGR00914:6758:8516:-	1937	106.0	103.811717861	17.421703257
scaffold3867_6_TIGR03992:7731:8520:+	793	62.0	62.9062103929	11.537620153
scaffold17561_5_TIGR03131:263:620:+	50	9.0	9.3781512605	2.49478423975
scaffold4701_11_TIGR03239:1:268:-	86	21.0	20.9775280899	3.59559924972
scaffold1329_10_TIGR00914:310:898:+	79	9.0	9.02551020408	2.65044513876
scaffold13530_1_TIGR00092:15:1128:+	625	32.0	35.5741239892	15.9637430272
scaffold30135_4_TIGR00005:470:689:+	67	10.0	14.5114155251	8.16852223664
scaffold54_1_TIGR00914:17617:19354:+	2187	110.0	112.773747841	15.6342788528
scaffold21950_2_1_TIGR00914:7972:11011:-	1341	27.0	29.5060875288	13.7618253601
scaffold4914_1_TIGR00914:114:528:-	227	21.0	21.9251207729	16.0259962983
scaffold4291_4_TIGR03992:3:510:-	150	17.0	17.3431952663	6.49416124101
scaffold4493_9_TIGR01800:3:894:+	155	12.0	11.8933782267	3.61019738736
scaffold14670_2_TIGR01316:1:547:-	79	10.0	9.61355311355	2.79830525208
scaffold33369_3_TIGR00914:14:653:-	124	13.0	12.7417840376	5.15918652317
scaffold6558_1_TIGR00914:2303:5420:-	1717	31.0	35.7882579403	20.9584756075
scaffold1232_6_TIGR02712:1544:2531:-	363	18.0	22.7436676798	16.2985118111
scaffold21366_8_TIGR00342:87:501:-	56	8.0	8.52657004831	2.85613490454
scaffold21366_9_TIGR00342:1:676:-	113	10.0	11.0148148148	3.10932929575
scaffold32297_2_TIGR02214:3:402:+	58	9.0	9.25062656642	2.35290964934
scaffold16000_1_TIGR00005:1331:1769:-	141	20.0	18.8607305936	5.57155704162
scaffold1040_8_TIGR01020:3072:3546:-	387	24.0	34.5738396624	21.8988813276
scaffold26415_1_TIGR02214:3063:3261:+	107	22.5	22.9696969697	4.82513315974
scaffold646_12_TIGR01316:3:333:-	75	15.0	14.0727272727	3.04921974394
scaffold646_13_TIGR00914:4:967:+	302	21.0	20.5088265836	4.75273053441
scaffold50_33_TIGR00914:72:1035:-	542	24.0	32.0841121495	16.8391753508
scaffold2251_1_TIGR01020:44:404:+	48	8.0	8.04444444444	2.06107367441
scaffold35624_3_TIGR00880:1908:2325:-	169	31.0	30.5803357314	4.48272965001
scaffold12079_2_TIGR00092:1:364:-	267	34.0	42.5289256198	21.6591709612
scaffold12079_1_TIGR00092:1238:2048:-	644	42.0	50.4345679012	25.2798419694
scaffold28274_1_TIGR00880:3:429:-	130	17.0	17.9624413146	6.87981995974
scaffold3797_8_TIGR00698:581:845:-	43	11.0	9.97348484848	2.51119794691
scaffold28760_8_TIGR00880:1:295:-	112	24.0	23.5986394558	4.24129338498
scaffold2268_9_TIGR01316:13645:14557:-	223	15.0	16.5263157895	5.08711052014
scaffold28637_2_TIGR01316:180:579:+	44	7.0	7.35338345865	2.08297366259
scaffold1975_1_TIGR03992:6270:7044:+	232	20.0	20.3966408269	3.9849898061
scaffold11029_6_TIGR00005:3862:4540:+	138	13.0	13.081120944	3.37711767891
scaffold130_2_TIGR02214:9553:9733:+	57	18.0	18.2569832402	8.25304371514
scaffold26416_4_TIGR00914:46:847:-	304	23.0	23.5193508115	6.38896814326
scaffold26416_6_TIGR00914:2:1241:-	519	28.0	28.6795803067	7.76583198335
scaffold834_1_TIGR00005:1608:2112:+	762	80.0	86.8055555556	22.4337182644
scaffold19391_1_TIGR03992:4981:5725:+	212	33.0	33.2379032258	6.48974492195
scaffold2742_4_TIGR02627:9392:10763:-	1260	61.0	61.366885485	12.047997149
scaffold3454_5_TIGR03239:2081:2819:-	262	23.0	23.945799458	5.37153896616
scaffold16743_3_TIGR03131:262:553:-	46	9.0	8.97594501718	2.1924829521
scaffold13000_2_TIGR02214:443:2225:+	1774	92.0	92.0965207632	11.1481050422
scaffold29822_1_TIGR00880:2170:2587:+	123	17.0	17.412470024	3.70204919464
scaffold16180_3_TIGR00914:40:391:-	52	8.0	8.21652421652	2.92135479613
scaffold8411_6_TIGR00880:737:866:+	25	9.0	9.57364341085	2.01072779372
scaffold18266_4_TIGR01316:5:215:+	56	12.0	14.3142857143	5.6134435331
scaffold18266_3_TIGR01316:974:1547:+	137	17.0	15.890052356	3.39285598353
scaffold9726_5_TIGR00914:1:295:-	45	10.0	9.31292517007	2.55364943894
scaffold1811_12_TIGR01981:1209:2037:+	250	20.0	20.0579710145	4.45633910313
scaffold1811_11_TIGR01981:1656:2205:+	328	32.0	33.9544626594	14.3239810362
scaffold9091_15_TIGR00914:72:921:+	158	13.0	12.7726737338	4.55345505323
scaffold9091_10_TIGR00914:925:2308:+	232	16.0	16.5748373102	3.93714207715
scaffold9091_11_TIGR00914:25:949:+	130	10.0	9.89393939394	2.51867614092
scaffold13280_7_TIGR03992:312:840:+	127	16.0	16.6761363636	4.94354861927
scaffold6558_15_TIGR02627:14039:14696:-	245	26.0	25.5388127854	3.72111100126
scaffold6558_16_TIGR02627:4:685:-	220	22.0	21.1424375918	5.3509963876
scaffold22760_10_TIGR00092:286:595:-	59	14.0	14.4498381877	2.2984957033
scaffold2825_2_TIGR00880:242:629:+	52	8.0	9.18604651163	3.46432712169
scaffold32417_9_TIGR00152:8519:9065:-	161	16.0	17.6172161172	4.58477296774
scaffold32417_7_TIGR00698:1070:2024:-	232	16.0	15.7662473795	3.85247792044
scaffold5436_2_TIGR01800:397:556:+	21	8.0	8.96226415094	2.95008110421
scaffold30920_2_TIGR00914:493:3613:-	1159	38.0	38.5054487179	6.76524648886
scaffold13737_3_TIGR00092:4:709:+	269	18.0	23.4070921986	14.3990821486
scaffold13737_2_TIGR00092:408:540:+	76	29.0	29.3106060606	4.18535067094
scaffold133_2_TIGR00880:781:1216:-	439	68.0	68.7126436782	9.53385744799
scaffold2419_3_TIGR00880:23:434:+	82	12.0	12.4330900243	3.1425615939
scaffold2419_2_TIGR00880:4:391:+	85	14.0	13.645994832	3.08890708953
scaffold5649_6_TIGR02214:2885:3089:-	40	11.0	10.0343137255	2.55216152518
scaffold7791_3_TIGR00914:5:818:+	131	11.0	11.3800738007	2.77698261912
scaffold7791_2_TIGR00914:1641:1920:+	64	14.0	12.9749103943	3.33270121574
scaffold7791_4_TIGR00914:4:700:+	127	12.0	12.25	3.57161945303
scaffold1000_2_TIGR00342:2621:3116:-	114	14.0	14.3858585859	2.57701613142
scaffold4200_25_TIGR02712:2619:3987:+	265	12.0	13.1776315789	3.99248522229
scaffold34280_5_TIGR00005:15:543:+	70	8.0	9.27272727273	3.51261990864
scaffold34280_6_TIGR00005:4:298:+	44	8.0	8.35714285714	1.91796022601
scaffold1811_2_TIGR02195:1657:2677:+	279	19.0	18.8754901961	4.52392195531
scaffold5605_6_TIGR02214:212:677:-	99	13.0	13.5569892473	3.01135477851
scaffold8430_20_TIGR00342:1054:1654:-	245	26.0	26.5233333333	6.75816460948
scaffold12394_17_1_TIGR00880:2063:2318:+	69	14.0	14.8941176471	3.40941095279
scaffold33147_1_TIGR02712:5548:6613:+	774	37.0	45.9643192488	26.5895006306
scaffold399_15_TIGR00880:7798:8242:-	169	18.0	22.5608108108	14.886610323
C775060_1_TIGR02712:2:1202:-	386	24.0	23.3791666667	4.75118223592
scaffold12_1_TIGR00914:3553:6583:-	1089	22.0	24.6293729373	10.6651832582
scaffold17748_14_TIGR00005:516:1023:+	67	8.0	8.95069033531	3.96129380832
scaffold9726_3_TIGR00914:1:514:-	94	15.0	14.918128655	3.60326941737
scaffold36421_1_TIGR00092:395:1493:+	472	37.0	38.3415300546	6.58176305749
scaffold8331_6_TIGR03992:2:344:-	55	10.0	10.1198830409	4.30832350785
scaffold44731_1_TIGR00880:4560:4986:+	142	238.0	238.676056338	3.93172236883
scaffold506_2_TIGR01981:234:435:-	31	6.0	6.53233830846	2.12780666391
scaffold28340_6_TIGR00880:1898:2213:+	97	19.0	18.4331210191	3.58832836434
scaffold4610_9_TIGR00005:131:545:-	138	17.0	19.3115942029	6.54800267291
scaffold45394_3_TIGR02214:2:743:-	204	18.0	17.7125506073	6.43914451021
scaffold45394_2_TIGR02214:4:670:-	148	15.5	15.8138138138	4.17394192108
scaffold18246_3_TIGR01800:4:730:+	166	14.0	15.5950413223	4.85420242642
scaffold337_1_TIGR00914:2368:3001:-	189	20.0	18.3807266983	5.56723160272
scaffold37866_1_TIGR00914:4:2863:+	1862	36.0	41.6575725778	18.4464641711
scaffold10510_8_TIGR00914:2095:3064:+	231	16.0	15.9958677686	4.09418851775
scaffold38212_1_TIGR01981:314:1115:-	103	9.0	8.70661672909	2.62420665887
scaffold45778_1_TIGR00914:358:1633:+	317	17.0	17.0964705882	3.87906741548
scaffold28391_5_TIGR00090:709:898:+	69	14.0	14.0264550265	6.70578512181
scaffold25759_5_TIGR01900:818:1715:+	234	19.0	17.7904124861	4.44946823917
scaffold35450_5_TIGR02214:7986:9753:+	435	16.0	16.7226938314	4.36753210819
scaffold18225_11_TIGR00914:626:911:+	43	10.0	9.64210526316	2.56391609522
scaffold32060_6_TIGR03131:820:1696:+	272	15.0	19.25	11.8802169507
scaffold15878_2_TIGR00152:5:539:+	118	15.0	14.4232209738	2.43428694307
scaffold22760_8_TIGR00090:617:911:-	50	17.0	17.8401360544	3.00876632715
scaffold39672_2_TIGR01316:308:734:-	77	11.0	10.5399061033	2.69577203147
scaffold3595_32_TIGR01316:2184:2301:-	43	19.0	17.5897435897	2.64463283656
scaffold2437_7_TIGR00880:6296:6728:+	137	20.0	19.2939814815	5.37347401936
scaffold304_2_TIGR03992:2616:2979:+	160	26.0	25.5426997245	4.49673531845
scaffold304_6_TIGR00880:5216:5624:-	171	26.0	25.7549019608	2.78893568325
scaffold3361_1_TIGR00005:250:1102:-	201	15.0	15.6596244131	5.22400686698
scaffold14142_1_TIGR00005:2:755:-	100	8.0	8.9229747676	4.03035173506
scaffold966_2_TIGR00087:5207:5912:-	753	68.0	66.8510638298	15.4729396228
scaffold8252_7_TIGR03906:1015:1420:-	96	16.0	15.4469135802	3.72714720349
scaffold33232_11_TIGR00914:219:1173:-	227	13.0	15.501048218	8.08552936206
scaffold37803_1_TIGR00914:6982:10084:-	1491	27.0	30.6524822695	13.1375132347
scaffold21761_1_TIGR01316:89:776:+	91	9.0	8.61572052402	3.1647048742
scaffold21761_2_TIGR01316:5:494:+	69	11.0	11.7116564417	2.10479225244
scaffold3271_4_TIGR01962:7142:7310:-	57	18.0	16.4880952381	4.16045455283
scaffold3271_4_TIGR01957:7735:7786:-	18	19.0	19.5882352941	1.19108569008
scaffold3271_5_TIGR01957:1:181:-	63	23.0	24.4611111111	8.5487906155
scaffold42640_1_TIGR02214:182:413:+	28	7.0	7.39393939394	1.71465735619
scaffold26104_2_TIGR00914:6:561:-	102	11.0	12.5333333333	3.5290642236
scaffold6228_6_TIGR00880:2896:3340:+	146	14.0	19.8040540541	17.4359802417
scaffold16848_2_TIGR00092:418:1504:-	274	16.0	17.2955801105	4.15559694742
scaffold17819_2_TIGR00914:1633:3850:-	496	15.0	15.7131258457	4.16612344882
scaffold1514_2_TIGR00914:363:1464:+	156	9.0	9.35727272727	3.30159628309
scaffold19261_1_TIGR01800:9:198:-	23	7.0	6.69841269841	1.51850930071
scaffold4480_5_TIGR00880:150:606:-	95	12.0	12.4671052632	3.89992874962
scaffold4480_3_TIGR00880:492:912:-	99	13.0	13.4476190476	3.60087542896
scaffold39847_2_TIGR01316:2580:3885:-	818	36.0	40.7524904215	16.2252594901
scaffold44872_2_TIGR00914:204:969:-	122	14.0	14.3673202614	4.14567780381
scaffold44872_1_TIGR00914:559:1141:-	194	14.0	20.2886597938	14.7536182966
scaffold15085_6_TIGR03992:1034:1577:+	108	13.0	12.7255985267	2.43671811579
scaffold3948_2_TIGR00880:351:759:+	48	7.0	7.57107843137	2.26435438873
scaffold3815_1_TIGR01800:7:436:+	109	16.0	16.5617715618	4.48348771936
scaffold36297_1_TIGR00090:64:358:-	46	12.0	12.4659863946	2.97561510473
scaffold38558_5_TIGR00914:3:1173:-	255	17.0	18.052991453	4.91889037327
scaffold17883_2_TIGR00914:52:511:-	64	8.0	9.15468409586	3.80001646287
scaffold10953_2_TIGR02712:2436:2796:+	179	28.0	27.1916666667	6.25872169234
scaffold30859_2_TIGR02712:723:1044:-	75	15.0	15.5327102804	4.19386383905
scaffold1831_7_TIGR00880:674:1094:-	132	18.0	18.5476190476	3.41078388527
scaffold4935_3_TIGR00741:1863:2157:+	341	40.0	59.4489795918	39.4378325344
scaffold203_1_TIGR00741:247:541:-	323	199.5	195.119047619	31.4871117859
scaffold22052_2_TIGR00914:832:3766:-	1063	35.0	35.1823449216	6.13269105808
C764393_1_TIGR00914:3:921:-	1401	147.0	146.030501089	13.4195393738
scaffold2440_18_TIGR00880:2314:2593:+	78	17.0	17.5161290323	3.57995085135
scaffold6274_1_TIGR00914:687:1278:-	149	16.0	16.0304568528	3.10870503577
scaffold14824_8_TIGR02252:1035:1617:-	267	27.0	27.5910652921	7.89195439837
scaffold10746_4_TIGR00092:554:755:+	27	7.0	7.29850746269	1.645269946
scaffold17364_19_TIGR02712:8:704:-	135	13.0	13.1336206897	3.12401094138
scaffold22230_3_TIGR02214:139:562:+	86	10.0	11.6524822695	6.7115360433
scaffold22230_2_TIGR02214:1264:1906:+	104	11.0	10.8346333853	3.08397072159
scaffold28812_3_TIGR01981:6966:7818:+	351	20.0	25.5082159624	15.5360002378
scaffold28812_2_TIGR00880:3067:3439:+	112	17.0	17.6639784946	4.44591068354
scaffold3246_21_TIGR00914:2229:5328:+	718	16.0	16.2520167796	4.32206847026
scaffold15951_10_TIGR03906:2648:3224:+	232	26.0	26.0190972222	4.6219565682
scaffold7762_2_TIGR00914:39:444:-	68	10.0	10.3160493827	2.59227040914
scaffold21281_7_1_TIGR02195:164:1184:+	184	12.0	12.4274509804	3.85949699208
scaffold11545_2_TIGR00914:1013:1448:-	79	13.0	12.8068965517	4.1682376745
scaffold11545_3_TIGR00914:1773:2115:-	66	17.0	15.850877193	3.03170128489
scaffold4553_1_TIGR02712:986:1499:-	74	9.0	8.52826510721	2.52389753824
scaffold44377_1_TIGR03992:549:858:+	70	15.0	14.0938511327	3.28588149628
scaffold176_10_TIGR00914:3635:6779:+	1296	28.0	28.4713740458	6.4300756346
scaffold45572_2_TIGR00914:3:381:+	70	11.0	11.9814814815	4.84928139835
scaffold17175_6_TIGR00914:198:669:+	66	9.0	8.74309978769	2.63969175415
scaffold6430_11_TIGR03992:760:1528:-	129	11.0	11.4192708333	2.97756253251
scaffold25128_2_TIGR01900:202:1003:-	236	19.0	19.4918851436	6.5009552024
scaffold7318_2_TIGR00005:1889:2540:-	537	39.0	47.3671274962	31.0848216829
scaffold2594_1_TIGR00914:13:631:+	147	12.0	14.1391585761	6.27576016392
scaffold4353_3_TIGR00914:138:1005:+	343	18.0	25.0899653979	18.2518894346
scaffold9943_2_TIGR03239:3:519:-	51	7.0	6.74418604651	2.58732470782
scaffold37384_1_TIGR01900:40:493:+	99	13.0	13.0971302428	3.08801223752
scaffold26077_2_TIGR00005:412:649:-	43	12.0	11.2995780591	3.40991972993
scaffold6528_5_TIGR00914:955:1279:+	63	12.0	11.9380804954	4.68868660437
scaffold7832_3_TIGR00741:233:338:-	25	11.0	10.5904761905	1.29978194578
scaffold5171_11_TIGR00914:2:2726:-	627	16.0	15.8656387665	4.35581639722
scaffold22070_1_TIGR00914:10710:13782:+	3346	113.0	113.338977532	13.2909250676
scaffold37954_1_TIGR03906:485:923:-	115	14.0	15.2397260274	5.49923796446
scaffold2257_1_TIGR01800:4:808:+	145	13.0	12.4925373134	4.03698005815
scaffold2257_2_TIGR01800:3:306:+	58	21.0	21.3267326733	2.94876685383
scaffold15963_2_TIGR00914:1024:2167:-	317	19.0	19.0699912511	4.1747062281
scaffold15963_1_TIGR00914:270:1119:-	220	15.0	16.890459364	8.63490688241
scaffold23919_1_TIGR00914:5:638:+	130	15.0	14.0916271722	3.98589250463
scaffold18355_4_TIGR00914:127:688:-	73	9.0	8.59180035651	2.41634447971
scaffold18256_3_TIGR02712:442:1525:-	358	25.0	25.0572483841	6.84078601318
scaffold18256_4_TIGR02712:3:258:-	115	28.0	27.1921568627	4.99002311037
scaffold32353_1_TIGR00005:3:498:+	262	41.0	42.4242424242	8.22178789213
scaffold3069_4_TIGR00152:612:1158:-	88	11.0	10.4432234432	2.74520558647
scaffold8430_3_TIGR02214:1830:3084:-	585	34.0	33.6905901116	8.71312915019
scaffold8766_4_TIGR01020:239:779:+	250	26.0	30.887037037	12.9228558118
scaffold96_2_TIGR01957:32:464:+	539	64.0	72.8425925926	23.811727595
scaffold96_2_TIGR01962:1036:2116:+	1051	66.0	63.4731481481	12.5025634889
scaffold2858_13_TIGR03131:747:1335:-	343	33.0	34.1870748299	16.2878769329
scaffold4376_2_TIGR00092:1313:1598:-	98	20.0	20.4245614035	2.89199019082
scaffold3178_8_TIGR02712:3:474:+	138	19.0	19.2845010616	6.92757143467
scaffold3178_9_TIGR00698:443:1454:-	204	14.0	13.9357072206	2.91468212309
scaffold3178_7_TIGR02712:3218:3986:+	195	17.0	17.1875	6.66448532021
scaffold10056_5_TIGR02627:5027:5693:+	157	14.0	15.1606606607	5.1778880336
scaffold10056_6_TIGR00005:1189:1858:+	442	22.0	35.9656203288	28.7206068442
scaffold15682_6_TIGR00005:976:1630:-	241	23.0	23.7859327217	4.59058179923
scaffold9670_11_TIGR03992:3:765:-	149	13.0	13.5026246719	3.30324241223
scaffold15719_1_TIGR03992:6:243:-	36	8.0	8.83122362869	2.88254527789
scaffold5453_9_TIGR00880:13111:13315:+	92	24.0	23.9656862745	3.2257844493
scaffold42820_4_TIGR00914:4:748:-	109	10.0	9.94758064516	2.15244161347
scaffold24929_3_TIGR00914:3:1206:-	203	12.0	11.8911055694	3.42169680161
scaffold44307_1_TIGR03992:12454:13243:-	396	23.0	29.3992395437	16.6398227247
scaffold2949_1_TIGR03992:3743:3956:-	74	17.0	17.9577464789	3.34174037359
scaffold26818_2_TIGR00005:435:948:+	98	13.0	12.3898635478	3.16659811882
scaffold9961_13_TIGR01316:1555:1819:+	122	26.0	25.3257575758	9.75766692504
scaffold37415_1_TIGR00914:5473:8569:+	1296	27.0	28.0513565891	7.09507313276
scaffold37233_2_TIGR00005:1139:1988:-	343	26.0	25.8775029446	4.51320015352
scaffold40018_4_TIGR00741:250:556:+	56	11.0	10.977124183	2.89062032224
scaffold173_1_TIGR00880:452:794:-	56	10.0	9.92397660819	2.06900221157
scaffold14742_3_TIGR02214:151:1756:-	601	24.0	25.4218068536	7.02941912137
scaffold45555_1_TIGR03239:221:599:+	46	8.0	7.81432360743	2.18567961165
scaffold4449_2_TIGR00880:435:675:-	95	22.0	22.9458333333	3.69926559904
scaffold36946_3_TIGR00914:5:341:+	106	16.0	18.7886904762	6.28205992144
scaffold9405_2_TIGR00914:18:669:-	106	10.0	10.4915514593	4.52144634042
scaffold38910_1_TIGR03992:468:690:+	44	12.0	11.990990991	2.77860388657
scaffold26687_1_TIGR00914:671:1034:+	77	11.0	12.7079889807	4.25076458264
scaffold17497_1_TIGR00005:2:767:-	225	20.0	18.9529411765	4.55644424524
scaffold373_6_TIGR02627:4007:4211:-	80	17.0	17.2794117647	3.55976531049
scaffold13023_1_TIGR01800:6227:6527:+	348	105.0	105.436666667	6.32239318261
scaffold11413_14_TIGR02712:337:1684:+	212	11.0	10.9725315516	3.65371780507
scaffold11413_12_TIGR03131:5:527:+	71	9.0	8.85823754789	1.98630829645
scaffold8819_4_TIGR00880:3645:4089:-	222	23.0	31.5968468468	21.1113967122
scaffold8295_10_TIGR00880:1023:1443:-	137	21.0	19.0023809524	5.71485066652
scaffold17364_27_TIGR01316:1326:1977:+	109	12.0	11.4869431644	2.36417157703
scaffold4341_1_TIGR01962:7470:7710:+	107	130.0	128.133333333	5.41284480554
scaffold4341_1_TIGR01957:5533:5965:+	191	129.0	128.944444444	3.32104215385
scaffold4341_4_TIGR00914:9147:12270:+	1432	32.0	32.8693563881	8.08018368391
scaffold42133_2_TIGR02214:184:913:+	96	14.0	13.6392318244	2.86699155251
scaffold18628_4_TIGR01981:90:873:-	142	13.0	12.3754789272	2.82698391451
scaffold10532_9_TIGR00880:881:1424:+	192	22.0	22.2872928177	4.61345264867
scaffold172_5_TIGR01316:1250:1433:+	63	22.0	19.010989011	7.54909863697
scaffold172_6_TIGR01316:4:418:+	131	20.0	20.3526570048	4.51634500092
scaffold13596_2_TIGR00914:73:457:-	121	18.0	18.0598958333	4.58985021424
scaffold10822_1_TIGR03906:144:546:-	147	22.0	21.8930348259	4.97566228435
scaffold33453_2_TIGR00005:5:296:+	59	11.0	12.0103092784	2.78494299124
scaffold40435_1_TIGR00880:419:761:+	38	7.0	7.0	1.79993502157
scaffold24406_2_TIGR00914:2860:3355:-	76	10.0	10.4767676768	3.18312559318
scaffold44938_4_TIGR01020:9006:9480:-	224	29.5	29.4936708861	5.23346925554
scaffold998_8_TIGR03992:29436:30216:+	832	92.0	93.4551282051	9.26611067465
scaffold1924_5_TIGR03992:1364:1850:+	87	12.0	11.8950617284	2.28235680125
scaffold27055_2_TIGR03992:718:1099:+	50	8.0	8.22309711286	2.31849617826
scaffold20572_1_TIGR00090:973:1273:+	94	18.0	17.9066666667	2.55172272963
scaffold8781_1_TIGR00914:8:542:-	149	17.0	17.7865168539	4.98117484626
scaffold481_7_TIGR00087:937:1339:+	88	13.0	13.6069651741	3.38856009922
scaffold45733_1_TIGR00914:15:1140:-	454	35.0	39.5324444444	16.3904597123
scaffold14094_5_TIGR01800:41:335:-	138	27.0	27.0204081633	4.45227051723
scaffold14094_2_TIGR00005:10674:11328:-	216	39.0	39.1911314985	4.91815406352
scaffold36851_1_TIGR00880:3191:3605:-	175	26.0	26.152173913	4.39680742857
scaffold36851_1_TIGR00005:1347:2196:+	393	32.0	31.4134275618	5.76573352395
scaffold9123_4_TIGR00152:744:903:+	50	17.0	15.3081761006	4.41117746305
scaffold29788_4_TIGR00090:133:433:+	216	30.0	38.3233333333	19.6356509668
scaffold29788_4_TIGR00087:5500:6205:-	469	30.0	36.0709219858	16.2391897005
scaffold17347_6_TIGR02195:41:764:+	88	7.0	8.16066481994	3.40875581092
scaffold94_1_TIGR00880:610:1051:-	527	97.0	97.2653061224	8.73935493498
scaffold178_8_TIGR00914:26:2948:-	808	17.0	18.3809034908	10.7831124847
scaffold19373_12_TIGR00914:1833:3162:+	291	14.0	14.7742663657	5.20825009063
scaffold16962_2_TIGR02627:4657:6034:+	321	16.0	15.892519971	3.60284049922
scaffold2363_4_TIGR02627:3038:3602:-	74	8.0	8.73404255319	1.96065301711
scaffold7336_7_1_TIGR02712:19:547:+	62	8.0	7.66477272727	1.95191474211
scaffold20168_7_TIGR00914:639:3750:-	1272	21.0	26.0540019286	16.8661122784
scaffold20168_2_TIGR00880:1130:1430:+	98	22.0	20.5518394649	6.43982864193
scaffold16077_2_TIGR00914:34:523:+	119	12.0	14.5409836066	7.68263695016
scaffold38634_1_TIGR00005:508:847:-	47	9.0	8.67256637168	1.9421233911
C762504_1_TIGR00914:1:880:-	323	32.0	32.3344709898	6.08245069998
scaffold196_5_TIGR00698:512:1541:-	378	24.0	25.0106899903	5.23359878841
scaffold8006_7_TIGR01900:1535:2153:+	399	43.0	41.2637540453	9.60346553638
scaffold35599_2_TIGR00914:5:494:+	197	41.0	40.2699386503	4.95385002373
scaffold59_4_TIGR03131:18390:19266:+	1134	77.0	82.9337899543	17.4386779423
scaffold7468_5_TIGR00880:30463:30877:+	172	24.0	24.5652173913	5.31376371851
scaffold30118_10_TIGR03992:709:1384:-	119	12.0	11.7511111111	3.91657194527
scaffold2279_4_TIGR01316:1490:1610:-	78	31.0	31.1083333333	3.26291238347
scaffold22171_5_TIGR03992:7:418:+	188	38.0	36.5815085158	6.01256176192
scaffold22171_4_TIGR03992:2032:2374:+	159	28.0	28.1198830409	6.48256428834
scaffold22_2_TIGR00880:10081:10492:-	535	96.0	94.0340632603	10.670185298
scaffold4301_7_TIGR00914:89:1664:-	668	26.0	26.7555555556	6.56788187397
scaffold43842_2_TIGR00914:3:567:+	328	28.0	35.7109929078	20.1709841743
scaffold43842_1_TIGR00914:16314:16563:+	87	33.0	33.5261044177	9.94605536655
scaffold95_3_TIGR01316:7966:8095:-	156	52.0	52.6201550388	6.90825121573
scaffold95_5_TIGR02712:1825:2701:+	916	68.0	67.5913242009	11.8534474719
scaffold95_5_TIGR00914:12015:15144:-	2860	63.0	63.7743688079	10.8066878015
C779740_1_TIGR03131:585:1461:-	548	31.0	38.6426940639	17.5038535627
scaffold35491_5_TIGR00914:225:1293:-	178	11.0	11.2940074906	3.4735061521
scaffold35491_2_TIGR00914:2006:2537:-	92	12.0	11.7118644068	2.38518467633
scaffold623_4_TIGR00880:89:218:-	49	30.0	30.1782945736	2.55315464512
scaffold31802_8_TIGR00090:485:779:+	96	17.0	17.7278911565	2.45103843918
scaffold31802_8_TIGR02214:1343:2588:+	409	21.0	21.6690763052	5.40025727765
scaffold438_17_TIGR00152:85:652:-	98	12.0	11.0687830688	4.00051087133
scaffold26736_7_TIGR00005:1459:1990:-	88	11.0	10.8606403013	2.0972977782
scaffold26736_8_TIGR00005:1:205:-	33	8.0	8.42647058824	1.31711408163
scaffold12734_1_TIGR00880:1459:1900:-	176	19.0	23.1700680272	12.9352341771
scaffold438_3_TIGR00092:4936:5476:+	124	15.0	15.1037037037	2.57055714979
scaffold438_3_TIGR00005:2126:2627:-	102	13.0	12.4371257485	3.94757801415
scaffold26160_3_TIGR02214:2027:2243:-	67	18.0	17.5231481481	2.42277414003
scaffold1052_4_TIGR03992:131:812:-	163	16.0	15.187958884	5.48070186171
scaffold5440_28_TIGR00914:6212:7736:+	648	22.0	26.8989501312	14.7332457076
scaffold1445_3_TIGR00092:4015:4300:+	219	39.0	38.6877192982	9.77702409026
scaffold41713_1_TIGR00880:732:1146:-	356	71.0	71.5193236715	8.90954888748
scaffold33181_4_TIGR00005:2691:2892:-	68	16.0	16.9900497512	7.86831295474
scaffold40552_2_TIGR02195:565:1591:-	341	22.0	21.5760233918	5.54008695995
scaffold248_1_TIGR00741:277:571:-	556	117.0	117.792517007	11.7604120227
scaffold4701_10_TIGR01316:1523:2858:+	693	30.0	32.4	13.6094371311
scaffold16038_14_TIGR02252:1109:1700:-	113	13.0	12.4077834179	3.80104273615
scaffold34843_2_TIGR00914:2:566:-	141	16.0	15.9645390071	4.48980144172
scaffold12309_9_TIGR01316:7:361:-	86	16.0	16.686440678	3.9958293636
scaffold4801_8_TIGR01800:1503:2058:+	270	30.0	33.844765343	15.6588546489
scaffold36516_2_TIGR00880:452:869:-	135	16.0	18.3165467626	6.14965554929
scaffold5171_9_2_TIGR00914:965:1157:-	33	11.0	10.6875	3.16824248072
scaffold41711_2_TIGR01900:4798:5830:-	428	27.0	27.375	6.27779671454
scaffold24734_1_TIGR00005:758:1478:-	210	15.0	18.6458333333	10.309561871
scaffold45682_1_TIGR00914:18:1140:-	297	29.0	30.3155080214	6.24744583535
scaffold19023_2_TIGR00914:4844:5120:-	97	21.0	20.3913043478	6.6249799372
scaffold5581_1_TIGR01962:8:233:-	70	21.0	19.32	4.48749373259
scaffold36108_3_TIGR00914:8:683:+	158	9.0	12.8	13.5458617434
scaffold20368_1_TIGR02712:186:885:-	79	8.0	7.79399141631	2.10671477868
scaffold2000_2_TIGR00090:205:505:+	75	16.0	15.8133333333	2.65803603353
scaffold8430_21_TIGR00342:1:451:-	177	25.0	24.7933333333	5.68502516363
scaffold34641_1_TIGR00914:3170:6284:+	3413	77.0	77.1791907514	17.548483271
scaffold27427_1_TIGR01962:542:803:+	43	7.0	8.36781609195	2.40106111215
scaffold7342_1_TIGR00342:437:776:+	48	9.0	8.76401179941	1.31602438756
scaffold7342_3_TIGR00342:4:289:+	40	9.0	8.68070175439	1.94660645754
scaffold10646_2_TIGR02214:194:776:+	57	6.0	6.02749140893	1.50346686273
scaffold7801_2_TIGR02195:150:1176:-	151	10.0	10.1764132554	2.34771449576
scaffold11561_2_TIGR01316:2005:3214:+	1116	84.0	86.1827956989	11.0640888909
scaffold189_2_TIGR02712:2953:3949:-	805	42.0	47.5451807229	20.0964783141
scaffold2406_7_TIGR00880:2766:3171:+	74	11.0	10.7604938272	2.35270682104
scaffold29731_3_TIGR01316:179:1343:-	121	7.0	7.42268041237	2.46139283152
scaffold5877_18_TIGR00880:1464:1875:-	112	23.0	24.4501216545	5.09895449756
scaffold8104_1_1_TIGR00880:1391:1505:+	25	12.0	11.1842105263	2.0112219794
scaffold11784_12_TIGR00914:4:712:+	145	13.0	12.9689265537	2.90657650567
scaffold6234_4_TIGR00914:1658:2780:-	503	29.0	29.3128342246	6.69498410079
scaffold24406_3_TIGR00914:1:898:-	133	10.0	10.5150501672	2.70060210941
scaffold42002_5_TIGR01800:31:157:-	57	21.0	21.2301587302	1.84804786929
scaffold42002_6_TIGR01800:1:376:-	129	22.0	21.808	4.65966407945
scaffold42947_1_TIGR00880:198:411:-	75	19.0	19.117370892	3.37768549231
scaffold719_18_TIGR00914:1:1468:-	228	10.0	10.5351056578	2.47288527719
scaffold12987_3_TIGR02214:419:956:+	158	18.0	18.6983240223	4.78263628703
scaffold436_2_TIGR00914:184:3007:-	1400	32.0	33.5341834927	10.979394143
scaffold1096_4_TIGR00914:3368:3881:+	135	16.0	16.171539961	3.02198071041
scaffold26438_5_TIGR01900:858:1731:+	246	17.0	18.0332187858	4.86142878879
scaffold13158_3_TIGR02712:32:1007:-	1232	79.0	81.9835897436	25.7479645685
scaffold11763_3_TIGR00914:1:886:-	152	14.0	14.6655367232	2.73148598246
scaffold24355_2_TIGR00880:621:864:+	52	13.0	12.7695473251	2.83503554547
scaffold485_2_TIGR03239:3:657:-	312	30.0	31.4036697248	7.71604539668
scaffold24412_1_TIGR00005:2988:3327:-	94	100.0	99.3480825959	3.87066962478
scaffold30610_1_TIGR02627:588:1074:+	138	18.0	17.4320987654	4.62887236605
scaffold1733_8_TIGR00914:6:612:-	210	12.0	20.4059405941	20.6359349896
scaffold21030_3_TIGR00914:178:880:-	106	10.0	10.0299145299	2.66088363182
scaffold120_3_TIGR00092:7996:9094:+	1335	97.0	99.9398907104	17.6267730002
scaffold23126_8_TIGR00914:2695:5818:-	719	15.0	15.9401216779	3.91977681219
scaffold11767_6_TIGR01800:217:694:-	52	7.0	7.42976939203	2.44387621906
scaffold20540_2_TIGR01981:2296:3124:+	379	29.0	30.0736714976	6.38011952611
scaffold17906_4_TIGR00005:5:260:+	49	12.0	11.3529411765	1.86214644663
scaffold1867_11_TIGR00741:578:869:-	53	11.0	10.3951890034	3.50823932726
scaffold10950_4_TIGR01981:4698:5394:+	261	23.0	23.8965517241	6.12472750087
scaffold10950_3_TIGR03992:429:1173:-	361	37.0	37.4274193548	7.53986543379
scaffold1106_4_TIGR02897:2185:2749:-	320	33.0	34.4858156028	6.55052465616
scaffold29018_7_TIGR03992:228:999:+	178	14.0	15.0648508431	4.51209032371
scaffold40279_4_TIGR03906:1290:1671:-	93	15.0	15.406824147	2.50665374774
scaffold73_1_TIGR00092:7274:8294:+	328	18.0	21.0049019608	10.8466573639
scaffold10348_34_TIGR01981:770:1043:+	47	10.0	10.6923076923	3.07188231788
scaffold244_6_TIGR00914:473:1613:+	401	31.0	32.2719298246	5.70270032639
scaffold244_7_TIGR00914:3:2031:+	807	21.0	25.7855029586	15.0714225606
scaffold31005_1_TIGR00914:265:502:-	26	6.0	6.17299578059	1.40509496803
scaffold12830_6_TIGR00914:1:2206:-	697	19.0	21.2884353741	9.095725619
scaffold12830_4_TIGR00914:15041:15668:-	258	22.0	25.4944178628	11.6207158738
scaffold13457_2_TIGR02712:1157:2093:+	399	25.0	26.5993589744	7.88897042015
scaffold14325_3_TIGR00880:13:424:-	58	10.0	9.53527980535	3.03997632643
scaffold42955_1_TIGR03992:14:278:-	27	6.0	5.79924242424	1.84674144686
scaffold19798_11_TIGR00914:5573:6770:+	314	16.0	17.8437761069	7.09570487543
scaffold19798_12_TIGR00914:28:1879:+	635	31.0	35.8071312804	15.6944443653
scaffold7374_4_1_TIGR00914:407:1388:+	313	18.0	21.1396534149	10.0437304518
scaffold3414_2_TIGR01316:4:769:+	178	20.0	20.2366013072	4.16147522287
scaffold3414_1_TIGR01316:2633:3209:+	119	14.0	14.0416666667	4.21245672579
scaffold3319_2_TIGR00914:542:854:+	47	8.0	8.37820512821	2.99324656244
scaffold6095_17_TIGR01316:3:99:-	16	9.0	8.6875	2.04283554975
scaffold6095_12_TIGR00152:592:1021:-	80	10.0	11.3916083916	3.15349725948
scaffold9717_4_TIGR00914:2:977:-	146	10.0	10.3323076923	2.75538304056
scaffold39009_1_TIGR00880:1:340:-	69	12.0	12.9115044248	3.58600406725
scaffold33836_3_TIGR00092:377:863:+	206	21.0	22.9608247423	12.4276259993
scaffold7965_4_TIGR03906:64:790:-	111	10.0	10.3636363636	2.48577218604
scaffold24148_2_TIGR00005:7:532:+	84	9.0	10.019047619	5.53599640858
scaffold5284_10_2_TIGR00880:4322:4733:-	116	17.0	17.8734793187	3.14662795011
scaffold3352_5_TIGR00914:1770:2442:-	196	16.0	17.9836309524	5.77309285409
scaffold3391_3_TIGR01316:5:707:+	127	11.0	11.415954416	3.60605325813
scaffold15951_5_TIGR00914:12:609:+	123	13.0	12.9229480737	3.62303620032
scaffold15951_1_TIGR00914:758:1382:+	178	19.0	19.0721153846	5.53713495175
scaffold15951_2_TIGR00914:3:1119:+	280	16.0	16.9471326165	5.67392647105
scaffold15951_8_TIGR00914:97:850:+	193	15.0	15.9269588313	5.40092249458
scaffold43220_1_TIGR00005:4:433:+	48	6.0	6.70862470862	1.98042759185
scaffold26852_9_TIGR03906:244:1234:-	132	9.0	8.90808080808	2.30340883829
scaffold569_6_TIGR02712:4889:5831:-	677	34.0	42.618895966	24.5082027009
scaffold569_6_TIGR01316:17867:18689:+	305	17.0	22.8187347932	16.8095815961
scaffold566_2_TIGR02712:2875:3100:-	34	7.0	8.29333333333	3.04385720208
scaffold17317_1_TIGR01316:6871:8209:-	636	27.0	29.4222720478	13.6988869605
scaffold23693_4_TIGR00005:3071:3731:-	155	27.0	26.9893939394	3.32823680629
scaffold22938_10_TIGR03992:391:1120:-	91	8.0	7.99314128944	1.88014158561
scaffold23693_3_TIGR00880:22179:22605:-	135	19.0	19.5117370892	5.04915772146
scaffold67_3_TIGR01981:21633:21792:+	278	89.0	89.9559748428	16.8419758293
scaffold67_6_TIGR02214:13032:13251:-	265	94.0	92.5433789954	9.2633558767
scaffold67_7_TIGR01900:6663:7692:-	1001	65.0	64.6044703596	9.9142102095
scaffold15410_1_TIGR01020:1823:2216:+	153	21.0	22.7480916031	10.5955078422
scaffold5680_2_TIGR00914:2597:5639:+	3414	76.0	76.8553583169	12.0501957729
scaffold24044_6_TIGR00914:7:874:+	161	10.0	11.0011534025	4.9338179155
scaffold11689_8_TIGR03906:344:752:-	59	8.0	8.72303921569	2.21829703682
scaffold8617_2_TIGR00914:4:1048:-	130	8.0	8.91666666667	3.4635139842
scaffold31311_1_TIGR00092:258:867:-	64	7.0	7.04926108374	2.00349537231
scaffold43_1_TIGR02252:5289:5886:-	715	78.0	75.2462311558	15.2771604536
scaffold9207_14_TIGR03239:1327:1549:-	66	15.0	16.2882882883	4.76168527095
scaffold18152_7_TIGR02627:430:754:-	102	20.0	19.0679012346	4.59552458512
scaffold20074_3_TIGR00880:1:289:-	78	18.0	16.4618055556	3.72937842095
scaffold45377_2_TIGR00880:2888:3302:+	224	27.0	28.4178743961	8.46685891164
scaffold24442_3_TIGR00914:174:561:-	66	10.0	10.1937984496	2.66107219181
scaffold586_3_TIGR01316:1114:1381:+	254	53.0	54.5093632959	10.576761785
scaffold11179_7_TIGR00152:318:867:-	66	7.0	7.56102003643	3.00976123834
scaffold37905_4_TIGR03992:781:1027:-	105	26.0	25.7967479675	3.75566639555
C785176_1_TIGR00914:9:702:-	523	40.0	44.898989899	19.4408463529
scaffold13839_2_TIGR00880:310:724:-	96	14.0	13.5628019324	3.96051378534
scaffold152_6_TIGR00152:3059:3608:+	177	20.0	20.8561020036	6.41060597437
scaffold152_6_TIGR00698:9705:10650:+	345	23.0	23.8582010582	5.62599775436
scaffold152_1_TIGR00005:2122:2815:-	176	18.0	18.0966810967	3.64129798752
scaffold13091_2_TIGR03906:1352:1721:+	418	97.0	98.2547425474	9.83495979391
scaffold35505_5_TIGR00090:2729:3029:+	168	31.0	31.0266666667	4.35881737274
scaffold35505_5_TIGR00087:8200:8905:-	379	29.0	31.6609929078	11.9012471666
scaffold10349_5_TIGR03992:122:500:-	61	10.0	10.0873015873	2.61260631672
scaffold3751_5_TIGR00005:317:644:-	49	9.0	8.7370030581	2.96739790819
scaffold17894_1_TIGR01981:333:1104:-	423	47.0	47.4189364462	10.0742820549
scaffold6671_9_TIGR01800:433:1636:-	224	20.0	19.7082294264	2.89302031176
scaffold9840_2_TIGR00914:363:1185:-	231	18.0	18.5888077859	5.83418662841
scaffold36336_1_TIGR02627:699:1011:-	135	26.0	24.7403846154	7.69614687848
scaffold39703_1_TIGR01316:4:763:+	82	8.0	7.930171278	2.1788597052
scaffold7322_2_TIGR00880:1397:1766:+	101	17.0	16.9184782609	4.67229180679
scaffold12294_2_TIGR01020:2448:2925:+	328	40.0	41.1844863732	8.82745920732
scaffold12294_3_TIGR00880:8540:8957:+	122	24.0	21.6834532374	4.8567527781
scaffold875_3_TIGR01800:806:1958:+	522	29.0	29.8211805556	6.75380314635
scaffold4983_8_TIGR02712:2618:3689:+	615	41.0	44.1960784314	17.1616367908
scaffold17471_1_TIGR00880:3:222:+	67	18.0	17.6301369863	3.07222131639
scaffold4253_5_TIGR01020:10663:11122:-	253	35.0	32.4553376906	11.1339472281
scaffold767_9_TIGR02214:4:1537:+	247	11.0	11.1102413568	2.86695289883
scaffold2642_16_TIGR00698:4:556:+	170	20.0	20.6630434783	4.28498517893
scaffold767_1_TIGR00092:781:1030:-	44	10.0	9.72690763052	3.20731450607
scaffold767_7_TIGR02214:1003:1333:+	48	15.0	14.5636363636	2.50766318624
scaffold3298_3_TIGR01316:3:468:-	101	14.0	13.8193548387	3.78247964594
scaffold3298_2_TIGR01316:113:920:-	175	15.0	15.0012391574	5.88099650586
scaffold38587_1_TIGR02252:176:494:-	52	10.0	10.3679245283	3.3720796031
scaffold15049_7_TIGR00698:1630:2515:+	318	23.0	23.3446327684	3.84206380005
scaffold15049_7_TIGR01900:958:1291:+	133	23.0	23.5705705706	4.85513615895
scaffold9354_2_TIGR03992:4:571:+	105	12.0	11.4514991182	3.18406975768
scaffold38558_3_TIGR00914:805:1693:-	229	17.0	18.0686936937	4.70226245199
scaffold38558_2_TIGR00914:26:1277:-	267	14.0	14.2294164668	4.70956282404
scaffold32073_2_TIGR01981:20:872:-	191	12.0	13.4835680751	6.25764977416
scaffold1238_1_TIGR02252:23707:24304:-	251	27.0	27.0418760469	7.03043790364
scaffold28150_1_TIGR00914:987:2721:+	1167	35.0	40.7329873126	17.1068858622
scaffold466_2_TIGR00914:4:376:+	196	38.0	38.6666666667	6.40368397556
scaffold466_1_TIGR00914:3323:6044:+	1381	30.0	34.1602352076	15.1610263787
scaffold29821_4_TIGR01981:2:503:-	101	13.0	13.0299401198	2.06991128577
scaffold3415_6_TIGR03992:1724:1853:+	40	15.0	14.5426356589	4.17264579113
scaffold25187_4_TIGR01900:17633:18665:-	426	27.0	27.355620155	6.71574623431
scaffold41295_5_TIGR02214:288:498:-	100	26.0	26.180952381	3.14197678868
scaffold32890_2_TIGR00914:4:505:+	137	19.0	17.1137724551	4.99910470429
scaffold19580_1_TIGR03131:3:393:-	77	10.0	10.5384615385	3.4651832663
scaffold20195_9_TIGR00914:66:1218:+	190	10.0	10.6909722222	2.88795182118
scaffold20195_8_TIGR00914:711:1332:+	97	10.0	10.7584541063	3.49182807576
scaffold17525_6_TIGR00914:156:930:+	119	9.0	9.61966364812	3.62579894618
scaffold17525_5_TIGR00914:5:527:+	111	10.0	11.5038314176	6.77052609731
scaffold19261_2_TIGR01800:3:474:-	62	9.0	8.90870488323	2.21127890001
scaffold14682_3_TIGR00914:1854:3024:-	464	35.0	35.2282051282	6.40179390128
scaffold42595_1_TIGR00880:1595:1991:+	160	24.0	24.7525252525	6.09473764459
scaffold25986_1_TIGR01316:77:665:+	497	50.0	50.1683673469	13.1263050296
scaffold154_6_TIGR01900:944:1694:+	243	21.0	20.7346666667	4.191451406
scaffold1762_6_TIGR00914:145:517:+	36	6.0	5.97311827957	1.33775930337
scaffold12242_3_TIGR00914:403:913:+	71	9.0	9.4431372549	2.92784166653
scaffold1571_3_TIGR03992:3025:3703:+	176	16.0	15.9970501475	2.92179130923
scaffold1611_10_TIGR02712:4:1135:+	186	11.0	11.4111405836	2.30476760101
scaffold37849_1_TIGR00880:2420:2861:-	123	17.0	15.8321995465	4.717310902
scaffold32961_1_TIGR01316:8665:10000:-	1294	93.0	95.8621722846	13.3951369033
scaffold14_3_TIGR00092:24332:24614:+	159	36.0	36.8510638298	7.49414539359
scaffold44255_1_TIGR01020:918:1341:+	681	84.0	86.9101654846	34.5901565101
scaffold7661_1_TIGR01962:852:978:+	38	18.0	17.472	2.63689514391
scaffold7661_2_TIGR01962:3:201:+	62	19.0	18.303030303	4.05007680549
scaffold41915_1_TIGR00914:57:3144:-	1094	25.0	24.6689342404	6.52471940608
scaffold32573_3_TIGR02712:268:523:+	54	11.0	11.1411764706	4.19285931128
scaffold7281_11_TIGR02214:783:2397:+	498	20.0	21.156133829	7.04405741771
scaffold10391_2_TIGR00914:8:320:+	50	8.0	8.87179487179	2.48254921897
scaffold33949_2_TIGR00914:5:563:+	99	11.0	11.4910394265	2.33619455799
scaffold33949_1_TIGR00914:1296:1722:+	71	16.0	15.3708920188	3.17317063524
scaffold40011_2_TIGR02712:830:1571:-	261	22.0	21.8744939271	6.09078061906
scaffold14757_4_TIGR01020:380:641:+	165	23.0	25.9961685824	8.22084915317
scaffold15604_1_TIGR00914:846:1188:+	150	29.0	26.7602339181	5.48958055612
scaffold14730_17_TIGR01316:4191:5085:+	165	13.0	12.8601789709	3.79000250444
C730751_1_TIGR01020:148:535:+	143	23.0	22.4987080103	5.93434129449
scaffold7042_1_TIGR01316:2926:4057:-	459	30.0	30.2466843501	6.10620526712
scaffold16_1_TIGR00741:946:1240:+	569	97.0	99.7346938776	17.5001755212
scaffold31873_1_TIGR02214:7786:9565:+	477	17.0	17.9836987071	5.05487188472
C764945_1_TIGR01800:370:934:+	79	9.0	9.4404973357	2.6456696281
scaffold15955_4_TIGR02214:10407:10629:+	95	24.0	24.2342342342	5.31605583481
scaffold1020_23_TIGR02214:4:799:+	170	14.0	14.3018867925	4.0399805669
scaffold1020_22_TIGR02214:950:1373:+	86	13.0	12.7943262411	2.84804540124
scaffold31364_4_TIGR00880:3240:3678:-	132	20.0	18.3515981735	6.09623243957
scaffold30478_1_TIGR00880:7384:7789:+	464	161.0	163.2	12.3070591005
scaffold13482_4_TIGR00698:305:674:-	67	15.0	14.5013550136	3.55226151199
scaffold12556_3_TIGR00005:596:1418:+	219	16.0	17.2725060827	7.10598926966
scaffold1480_6_TIGR02897:69:633:+	142	17.0	19.2836879433	8.36793630654
scaffold28603_2_TIGR00914:3:666:+	77	8.0	7.91540785498	2.05999986796
scaffold23831_8_TIGR03906:1401:1899:+	146	18.0	17.6004016064	4.14386853376
scaffold44864_1_TIGR01316:448:721:-	147	30.0	30.7106227106	5.42688302059
scaffold12685_4_TIGR00005:401:986:-	86	10.0	9.6547008547	2.03400559406
scaffold12330_12_TIGR00914:1655:3248:-	346	15.0	15.1010671689	4.21910343128
scaffold38138_1_TIGR00914:6:1377:-	214	14.0	14.181619256	4.25720968304
scaffold3352_6_TIGR00914:3:636:-	149	17.0	17.560821485	4.53491081178
scaffold3352_6_TIGR00005:5465:6146:-	146	14.0	14.7033773862	3.59271620625
scaffold1179_6_TIGR00914:1545:2022:+	172	22.0	20.8679245283	4.80842186686
scaffold4284_5_TIGR03992:434:1169:-	355	32.0	31.4680272109	4.65153016144
scaffold23528_2_TIGR03239:2855:3599:+	249	20.0	21.0349462366	6.02337420596
scaffold1968_3_TIGR00914:2:584:-	125	21.0	21.2302405498	3.24146984349
scaffold42714_2_TIGR01020:1588:2047:+	239	19.0	25.7712418301	18.0273926397
scaffold45728_2_TIGR03992:63:600:-	228	25.0	25.5754189944	4.48402825239
scaffold45728_1_TIGR02195:134:1118:-	428	29.0	29.3556910569	6.94603970705
scaffold16247_2_TIGR00914:1860:2238:-	63	13.0	13.0714285714	2.52347257409
C758216_1_TIGR01957:563:809:-	48	12.0	11.8414634146	2.36232030174
scaffold10082_6_TIGR01020:124:526:-	52	8.0	7.74875621891	1.73751722717
scaffold8399_3_TIGR00914:39:513:+	52	7.0	6.96835443038	2.05644264783
scaffold17747_6_TIGR00005:11:731:+	291	22.0	24.7625	7.69851965388
scaffold5020_5_TIGR00880:3216:3456:+	83	22.0	20.875	4.72151546999
scaffold35127_4_TIGR00914:4:730:-	157	15.0	15.08815427	3.51430726409
scaffold35127_3_TIGR00914:1733:3830:-	522	23.0	23.2126847878	4.67958270767
scaffold33108_5_TIGR03906:9359:10475:-	465	21.0	24.7302867384	11.6128488469
scaffold14025_6_TIGR01981:432:1260:+	157	11.0	12.3852657005	4.45456128409
scaffold14025_5_TIGR01981:3:564:+	89	9.0	10.055258467	3.18957945348
scaffold2487_1_TIGR00914:3096:6123:+	3020	69.0	68.9084902544	12.0186185784
scaffold7290_11_TIGR03906:1773:2940:+	209	12.0	12.5261353899	3.43116330669
scaffold2780_12_TIGR03992:72:636:-	83	9.0	9.85638297872	3.0409052349
scaffold16880_5_TIGR01020:260:611:+	52	8.0	8.73504273504	2.41101400472
scaffold26086_3_TIGR00548:2327:2681:+	118	16.0	17.9548022599	6.77300992019
scaffold9760_2_TIGR00914:310:3388:-	1014	21.0	22.1712150747	7.33047014936
scaffold8455_3_TIGR00698:4:661:+	289	28.0	28.4322678843	5.72947145087
scaffold8455_1_TIGR00152:3795:4344:+	249	27.0	27.650273224	6.72851806112
scaffold42576_4_TIGR02195:707:1169:+	178	25.0	25.2878787879	4.41679011211
scaffold42576_5_TIGR02195:4:439:+	168	23.0	22.8873563218	3.51727443452
scaffold13508_1_1_TIGR00092:3:285:-	34	8.0	7.55673758865	1.54092193848
scaffold1611_9_TIGR02712:2392:2575:+	35	12.0	11.1648351648	3.06617037964
scaffold16138_1_TIGR00092:89:392:+	156	23.0	24.1353135314	10.9311454603
scaffold6444_5_TIGR00005:410:1238:+	139	11.0	11.440821256	2.45345567235
scaffold35599_1_TIGR00914:5784:8373:+	1136	30.0	30.3437620703	8.49087965835
scaffold2491_7_TIGR01316:854:1973:-	411	23.0	23.7211796247	5.81429996147
scaffold45137_2_TIGR02214:10186:12007:+	777	27.0	28.1554091159	8.43845891194
scaffold30771_5_TIGR00914:13:1708:-	425	21.0	23.3799410029	12.7071233593
scaffold30771_2_TIGR00914:1881:2499:-	138	18.0	19.0404530744	4.06579955339
scaffold17075_1_TIGR03992:1619:2027:-	94	17.0	16.6862745098	3.03647884362
scaffold33572_2_TIGR00914:58:2737:+	851	20.0	21.4113475177	8.85764601255
scaffold25234_6_TIGR01316:699:1563:+	230	17.0	17.5208333333	6.24737213273
scaffold37775_3_TIGR00914:1089:1482:+	64	9.0	9.3155216285	2.97695787055
scaffold33424_4_TIGR03131:380:1259:-	574	33.0	41.0546075085	20.1241137239
scaffold5989_8_TIGR00880:5302:5719:+	104	14.0	15.2470023981	3.923598515
scaffold5989_8_TIGR02214:440:794:-	69	10.5	10.615819209	2.04452653093
scaffold18152_8_TIGR02627:2:983:-	246	17.0	16.9184505607	3.94243440485
scaffold24960_3_TIGR03992:434:773:+	53	8.0	8.30383480826	2.88711153627
scaffold1611_8_TIGR03131:849:957:+	32	11.0	10.6944444444	1.27263457655
scaffold17139_3_TIGR00914:5:566:-	59	7.0	7.40106951872	3.01001280882
scaffold40513_1_TIGR01957:3:183:-	166	55.0	44.7888888889	24.120297789
scaffold31793_6_TIGR02742:458:803:-	61	10.0	10.7507246377	3.22425693893
scaffold8064_2_TIGR03992:303:813:+	173	21.0	20.9352941176	4.85613917208
scaffold12156_7_TIGR00880:11:380:+	82	16.0	17.0	3.48671501156
scaffold15976_2_TIGR01981:5396:6035:-	145	15.0	14.9608763693	3.83298057353
scaffold15976_3_TIGR01981:1361:2138:-	266	21.0	21.6113256113	5.85832524623
scaffold8857_1_TIGR00087:764:1271:-	100	12.0	13.0493096647	3.10683132856
scaffold5228_9_TIGR00914:2376:3054:+	337	29.0	30.703539823	10.3157676019
scaffold1956_7_TIGR03992:924:1332:-	72	23.0	22.4754901961	3.09797328671
scaffold1956_2_TIGR03992:814:1309:-	196	22.0	22.9333333333	6.42451114361
scaffold340_1_TIGR00741:257:551:-	102	33.0	33.5	5.36665821607
scaffold43724_1_TIGR00005:22558:23248:+	271	26.0	26.2449275362	5.12561162789
scaffold4301_6_TIGR00914:1890:2964:-	470	26.0	27.3975791434	9.84447182049
scaffold11332_1_TIGR03906:3:531:+	67	11.0	11.8143939394	2.57457359152
scaffold1680_1_TIGR02712:4465:5443:+	490	31.0	32.1329243354	9.71888721762
scaffold1680_1_TIGR02627:9614:10982:+	471	24.0	23.7346491228	6.00028493668
scaffold24876_4_TIGR01800:184:1339:+	394	20.0	22.3861471861	8.32769220434
scaffold20953_7_TIGR00152:316:883:+	124	15.0	14.0687830688	4.62839892939
scaffold5988_1_TIGR00880:613:1021:+	131	18.0	18.0588235294	4.59128229645
scaffold4700_6_TIGR00698:4:385:+	74	12.0	12.4225721785	2.0702656069
scaffold17351_2_TIGR00880:360:690:-	74	14.0	13.2757575758	3.23424201256
scaffold3295_2_TIGR00914:9494:10778:-	400	34.0	36.9104361371	11.8372498067
scaffold3295_6_TIGR02712:1672:2065:-	343	27.0	37.9567430025	25.6073435233
scaffold15945_12_TIGR01800:2817:4041:+	355	21.0	21.1045751634	5.38794150937
scaffold13954_4_TIGR01020:2:233:-	61	25.0	25.2294372294	3.34899340491
scaffold10873_4_TIGR01981:5:518:-	89	19.0	20.7914230019	5.43124350101
scaffold15945_1_TIGR02252:1869:2481:-	152	17.0	16.5408496732	3.94239127323
scaffold3166_1_TIGR01900:53:962:+	144	11.0	10.3146314631	3.08122805685
scaffold1439_7_TIGR03992:121:364:-	105	20.0	19.1728395062	3.06496244967
scaffold37910_1_TIGR00087:8379:9096:+	251	37.0	38.1018131102	4.79358701699
scaffold37910_2_TIGR02214:4:1015:+	390	32.0	32.4134520277	5.21706636496
scaffold1987_3_TIGR00880:835:1036:+	85	24.0	22.2338308458	7.09845822733
scaffold13802_2_TIGR00005:6:351:+	36	6.0	5.61739130435	1.15657622188
scaffold45818_1_TIGR00880:6475:6814:+	180	33.0	32.1002949853	7.44668166095
scaffold47_7_TIGR01800:4253:5408:+	570	28.0	31.6	14.0293199472
scaffold8370_6_TIGR00741:169:472:-	196	43.0	42.9900990099	5.01843804906
scaffold20984_5_TIGR03131:3:225:-	72	18.0	16.3063063063	5.33692355419
scaffold40074_1_TIGR00914:3:519:+	154	18.0	18.0910852713	6.02622160928
scaffold546_1_TIGR01962:2150:2384:+	123	39.0	40.7948717949	4.90079090345
scaffold546_1_TIGR01957:295:727:+	277	42.0	51.625	23.1341323309
scaffold17175_5_TIGR00914:7:634:+	90	9.0	9.33333333333	3.20021264578
scaffold9483_2_TIGR00005:2:224:-	63	15.0	15.9954954955	5.86292193222
scaffold415_27_TIGR00092:495:1590:+	537	28.0	30.8465753425	11.2621816202
scaffold36078_2_TIGR01316:3:330:+	67	11.0	11.8440366972	4.44987230396
scaffold2532_1_TIGR00090:13279:13579:-	142	28.0	29.2	6.13894670662
scaffold4701_2_TIGR03992:9082:9511:+	340	64.0	62.9324009324	6.48056798193
scaffold20953_11_TIGR00698:2627:3569:+	208	15.0	14.6836518047	3.0511785057
scaffold4170_2_TIGR02214:25:391:-	45	8.0	7.37978142077	2.25444938482
scaffold4183_5_TIGR00741:195:489:+	134	24.0	25.8163265306	5.98640228818
scaffold4183_4_TIGR00005:3:681:-	219	27.0	27.1828908555	4.98216902183
scaffold4468_7_TIGR03992:808:1411:-	97	10.0	9.89220563847	2.43113898417
scaffold452_2_TIGR01800:5:428:+	55	8.0	8.45862884161	2.21376843793
scaffold7418_5_TIGR00914:1:550:-	79	9.0	9.82695810565	3.44791085872
scaffold20893_2_TIGR01900:837:1737:+	230	17.0	17.0811111111	2.79465340504
scaffold12153_2_TIGR00005:523:871:+	48	7.0	7.24425287356	3.00776700774
scaffold45553_2_TIGR03906:2753:3854:-	408	25.0	25.4777475023	6.82802266867
scaffold319_7_TIGR02214:36:1812:-	793	28.0	30.0962837838	13.3215291668
scaffold1271_15_1_TIGR03992:1523:2345:+	158	13.0	12.8564476886	2.91381908138
scaffold4405_3_TIGR00914:27:672:+	73	7.0	7.45271317829	2.55233826582
scaffold14961_1_TIGR02214:183:600:-	128	16.0	17.1678657074	4.79414345967
scaffold24257_3_TIGR03906:7581:8574:-	720	83.0	83.0926485398	8.19521858082
scaffold22373_1_TIGR00914:13970:17069:-	1491	32.0	34.3391416586	11.4348832268
scaffold22373_1_TIGR03992:30527:31289:+	382	28.0	29.8845144357	10.1845076412
scaffold15018_2_TIGR00152:2043:2139:+	63	28.0	27.7395833333	1.96450158897
scaffold3194_12_TIGR00005:311:581:-	29	7.0	6.96296296296	2.04724713957
scaffold5380_3_TIGR02214:499:1531:-	188	13.0	12.7470930233	2.58779770767
scaffold446_9_TIGR03992:246:846:+	100	11.0	10.9416666667	2.73037187129
scaffold6488_3_TIGR03992:318:777:+	96	12.0	13.3159041394	5.49215996967
scaffold41489_3_TIGR00914:5:515:+	94	11.5	11.4137254902	4.82593157147
scaffold30819_3_TIGR02214:4957:5692:+	174	15.0	15.9142857143	4.91749618276
scaffold33327_4_TIGR01316:475:811:-	53	14.0	14.1726190476	1.3649394885
scaffold25538_1_TIGR00914:2095:2977:+	255	97.0	95.9807256236	4.82983363042
scaffold40630_2_TIGR01316:9:390:-	64	10.0	10.7322834646	3.70170313125
scaffold4606_3_TIGR00914:36:1284:+	1126	62.0	62.0192307692	7.50179137055
scaffold4606_2_TIGR00914:4231:5506:+	1325	108.0	107.34745098	17.4170770204
scaffold20451_5_TIGR00152:4482:4869:+	137	41.0	39.496124031	4.63185916709
scaffold6075_3_TIGR00092:1007:1289:+	89	17.0	16.3226950355	3.31856734009
scaffold15484_2_TIGR00005:3830:4511:+	181	26.0	26.6725403818	3.66432507766
scaffold13761_1_TIGR00090:402:702:-	105	21.0	20.1533333333	3.95261376251
scaffold25680_3_TIGR00005:10:385:+	60	10.0	9.50933333333	2.93653643298
scaffold25680_2_TIGR00005:114:585:+	81	11.0	11.6326963907	4.98947011716
scaffold15713_4_TIGR01316:544:715:-	40	13.0	12.9590643275	2.02717423569
scaffold23619_2_TIGR00914:4:661:+	154	15.0	15.5829528158	6.33942618143
scaffold22744_3_TIGR03906:1:247:-	61	16.0	15.7804878049	2.02037018811
scaffold29614_1_TIGR02252:4044:4641:+	139	13.0	14.2747068677	3.7351488333
scaffold4277_1_TIGR00092:2185:3283:+	463	25.0	26.1202185792	8.51924485628
scaffold34388_1_TIGR03992:225:1173:+	148	10.0	10.6160337553	3.47811668311
scaffold28271_3_TIGR00914:1:865:-	229	17.0	17.5092592593	5.55360305196
scaffold1435_4_TIGR00914:3608:6725:+	1640	32.0	35.340391402	12.9235535747
scaffold1775_2_TIGR01900:3801:4830:-	325	20.0	20.0019436346	5.64670893362
scaffold35022_2_TIGR01957:260:530:+	34	9.0	9.53703703704	1.9599032758
scaffold34929_1_TIGR00914:5965:6481:+	470	47.0	54.2519379845	30.1198911864
scaffold34929_2_TIGR00914:4:2476:+	1352	35.0	37.6743527508	13.391794177
scaffold6133_5_TIGR00005:3016:3274:+	47	11.5	10.8875968992	2.42383218111
scaffold901_5_TIGR00090:599:737:-	35	9.0	9.79710144928	3.28404006289
scaffold14650_2_TIGR00090:1304:1601:-	109	27.0	24.7777777778	8.72693368215
scaffold1145_2_TIGR00698:1209:1746:+	130	15.0	15.199255121	3.1967394067
scaffold33164_2_TIGR02214:214:919:+	130	13.0	12.4836879433	2.6996354919
scaffold806_8_TIGR00914:3:549:+	113	14.0	13.6923076923	3.38124207522
scaffold806_2_TIGR02627:222:579:-	85	14.0	15.7478991597	5.85332171833
scaffold806_3_TIGR02627:2:935:-	209	14.0	14.7138263666	5.94369721566
scaffold806_7_TIGR00914:2791:3457:+	144	19.0	19.4264264264	3.99753957642
scaffold24865_3_TIGR00880:1518:1929:-	129	18.0	18.4939172749	2.85101885284
scaffold29348_16_TIGR00092:5023:5455:+	184	26.0	27.2939814815	4.43044610241
scaffold29348_10_TIGR00741:3:270:-	118	26.0	25.4232209738	4.29579361805
scaffold41688_1_TIGR00914:19:772:+	492	33.0	38.7768924303	18.0444529273
scaffold2723_5_TIGR02712:9165:9495:-	161	28.0	27.9696969697	5.36082788996
scaffold4299_1_TIGR01962:3060:3294:+	154	34.0	33.6837606838	4.05443636444
scaffold4299_1_TIGR01957:1218:1650:+	343	33.0	43.9490740741	26.3359210943
scaffold45831_1_TIGR01981:5:512:+	234	29.0	30.3905325444	4.8696367466
scaffold14422_4_TIGR00005:1:304:-	40	9.0	8.50165016502	2.00309099009
scaffold22597_4_TIGR03906:5:872:+	72	6.0	6.07727797001	1.46855639086
scaffold9778_5_TIGR03906:1194:1713:+	210	21.0	25.3121387283	11.2819389079
