scaffold147_2_TIGR00914:2155:5272:-	1138	26.0	25.8829002246	5.79801882744
scaffold147_3_TIGR03131:40549:41410:+	319	23.0	24.2334494774	7.40264546484
scaffold87_5_TIGR01800:4987:6136:-	1033	71.0	71.4604003481	7.41657684004
scaffold10258_25_TIGR03992:9:780:-	156	13.0	12.7522697795	3.42563834791
scaffold24_5_TIGR01981:2964:3792:+	444	36.0	36.3297101449	8.41661207691
scaffold33171_6_TIGR00698:1966:2632:-	124	12.0	12.6771771772	3.03176206534
scaffold7930_8_TIGR00914:1103:1598:-	83	11.0	11.2707070707	2.89050177481
scaffold33171_9_TIGR00152:6525:6936:-	77	12.0	11.6812652068	2.75577065057
scaffold18203_1_TIGR03992:7928:8618:-	227	21.0	21.2652173913	4.35165555992
scaffold18203_1_TIGR00087:7203:7911:-	186	16.0	16.5889830508	3.19148630602
scaffold23048_7_TIGR01316:1514:2006:+	152	20.0	19.3902439024	3.63057062043
scaffold19698_6_TIGR01981:482:1250:+	173	15.0	15.1484375	3.23696869132
scaffold19698_5_TIGR01981:4553:5405:+	235	17.0	18.0516431925	4.45685204643
scaffold11590_5_TIGR00087:169:880:-	180	14.0	15.8565400844	5.3906945776
scaffold2510_3_TIGR00092:2676:2964:-	47	10.0	9.65972222222	2.16077144931
scaffold2510_4_TIGR00092:2:224:-	82	16.5	17.6711711712	7.69198585387
scaffold6515_39_TIGR03992:466:1186:-	160	15.0	15.0361111111	3.62381419515
scaffold23716_1_TIGR00005:1755:2079:+	98	19.0	18.725308642	5.50211869101
scaffold23716_2_TIGR00005:5:503:+	173	24.0	22.9257028112	4.86860506399
scaffold14865_4_TIGR00090:857:1157:-	65	12.0	11.36	2.02247373283
scaffold15379_3_TIGR02627:2:548:-	68	8.0	8.2967032967	2.351810956
scaffold12130_1_TIGR00090:1771:2065:+	54	10.0	10.0952380952	2.41968495541
scaffold1273_2_TIGR00005:3:267:+	68	15.0	15.5909090909	5.32782084263
scaffold13780_4_TIGR01800:43:145:-	25	12.0	11.6470588235	1.43927445518
scaffold456_1_TIGR02712:299:689:-	90	12.0	12.7666666667	3.25567223618
scaffold6855_1_TIGR00092:4904:5234:-	93	35.0	36.5060606061	5.04119029919
scaffold21143_4_TIGR00741:3964:4258:+	109	20.0	20.3129251701	4.63835345095
C740326_1_TIGR00914:1:631:-	1069	115.0	113.287301587	11.8540729329
scaffold8182_8_TIGR00005:13303:14125:+	528	57.0	59.2116788321	7.35154517111
scaffold25_3_TIGR00914:1500:4608:+	919	20.0	20.7158944659	5.18220568209
scaffold45091_1_TIGR02214:8:530:+	81	12.0	12.0957854406	2.45854936825
scaffold5883_2_TIGR01316:4:361:+	52	10.0	10.350140056	2.93306872358
scaffold43719_3_TIGR02712:2:218:-	44	12.0	10.9814814815	2.62283943353
scaffold5699_41_TIGR00914:6609:7281:+	149	14.0	14.6175595238	3.60239520138
scaffold1407_50_TIGR02214:1456:1663:-	57	15.0	14.6038647343	2.57404070421
scaffold41832_1_TIGR01962:15:252:-	101	23.0	23.1898734177	4.19888255991
scaffold17217_2_TIGR00092:3:543:-	46	5.0	5.70555555556	1.40381974503
scaffold25633_3_TIGR00914:526:988:-	67	9.0	9.28138528139	2.1589539281
scaffold25633_2_TIGR00914:1:442:-	68	10.0	9.97732426304	2.29253607139
scaffold4781_3_TIGR00914:3:423:+	78	10.0	11.1261904762	3.06683950267
scaffold4781_2_TIGR00914:1694:4352:+	546	15.0	14.6677953348	3.71945363192
scaffold22841_5_TIGR02195:426:1152:+	213	20.0	20.1019283747	4.76159702187
scaffold471_14_TIGR03906:19:172:-	39	11.0	12.7581699346	3.85526741575
scaffold37173_1_TIGR03992:37:1099:-	159	10.0	10.2561205273	2.91956437438
scaffold5612_8_TIGR00741:348:642:+	64	17.0	16.6666666667	3.07907869721
scaffold457_4_TIGR03992:1774:2167:-	109	17.0	17.9592875318	4.0055142019
scaffold19511_1_TIGR00914:18:630:-	92	11.0	10.318627451	3.58529760277
scaffold1982_15_TIGR00914:22:595:+	157	18.0	17.8167539267	4.69520552351
scaffold17535_9_TIGR00914:6952:8026:+	197	23.0	22.874301676	4.10318842348
scaffold4791_10_TIGR01900:172:541:-	143	33.0	33.4525745257	7.29283348234
scaffold12394_9_TIGR02214:247:676:-	51	7.0	7.76923076923	1.77666422599
scaffold1285_8_TIGR00005:443:1010:+	183	19.0	18.7001763668	3.64157600588
scaffold19875_5_TIGR02195:2487:3465:+	262	18.0	18.0674846626	3.51123612901
scaffold26204_8_TIGR03992:428:812:-	119	16.0	16.4322916667	2.27202162143
scaffold12211_15_TIGR00005:7272:8028:+	178	14.0	14.9100529101	4.06330260251
scaffold1351_21_TIGR02627:1526:2906:+	361	19.0	18.3920289855	4.6490541596
scaffold18693_1_TIGR02214:3595:3769:+	152	43.0	43.6091954023	4.42655602056
scaffold47214_1_TIGR00092:5:176:+	29	10.0	9.82456140351	1.90526638881
scaffold108_17_TIGR01316:401:1370:+	226	16.0	16.1568627451	3.19928992101
scaffold18117_1_TIGR01900:422:1154:+	201	18.0	17.8428961749	5.39364798691
scaffold15328_2_TIGR00741:451:745:-	72	16.0	15.8775510204	3.72141798588
scaffold2136_4_TIGR00005:5814:6048:+	50	11.0	12.3376068376	3.37938006998
scaffold7174_7_TIGR00005:767:1115:+	69	13.0	12.3333333333	4.15204330439
scaffold6999_2_TIGR02627:5:296:-	90	20.0	20.3745704467	3.34713901595
scaffold4133_23_TIGR00005:820:1486:-	178	15.0	15.4339339339	4.20988274806
scaffold54_8_TIGR02627:6475:6784:-	86	16.0	16.0291262136	2.12455048669
scaffold4493_4_TIGR01900:568:967:+	55	9.0	8.42606516291	3.05569394237
scaffold12676_2_TIGR03992:281:671:-	45	7.0	6.8641025641	1.41221542257
scaffold8778_2_TIGR02712:376:586:-	53	17.0	15.7	4.33375455828
scaffold2040_33_TIGR02214:4476:5727:-	330	17.0	16.8369304556	5.14247324014
scaffold1770_5_TIGR00090:3026:3320:-	52	10.0	10.2040816327	3.74608870947
scaffold1770_5_TIGR00092:5202:5655:-	93	13.0	12.9205298013	2.81792554108
scaffold2761_2_TIGR01900:1569:2691:-	913	57.0	55.4465240642	8.16132413433
scaffold17444_2_TIGR02742:87:435:-	60	10.0	9.95977011494	2.53676233919
scaffold10675_3_TIGR00090:295:568:+	52	11.0	10.9523809524	3.22670913474
scaffold143_11_TIGR00880:473:890:+	109	24.0	24.7505995204	4.13212899705
scaffold17535_10_TIGR00914:20:962:+	178	13.0	12.8259023355	3.09259920348
scaffold4892_6_TIGR01900:1467:2529:-	280	17.0	17.8625235405	4.27821623126
scaffold7286_11_TIGR03239:2534:3281:+	239	21.0	20.7054886212	5.78892534259
scaffold4682_4_TIGR02627:5734:6430:+	180	17.0	17.0359195402	4.23927009473
scaffold4682_7_TIGR02214:4160:5615:+	371	18.0	17.1848797251	3.30752213126
scaffold16299_4_TIGR02712:137:389:+	63	14.0	13.6706349206	3.62402844036
scaffold173_12_TIGR03992:4290:4722:-	243	41.0	40.974537037	4.0134957249
scaffold175_11_TIGR00152:18909:19281:-	192	29.0	30.4327956989	4.15147334012
scaffold381_3_TIGR00005:23:635:+	128	16.0	16.5196078431	4.33196899825
scaffold11590_2_TIGR00090:162:462:+	85	15.0	16.0266666667	4.56135457464
scaffold33465_1_TIGR00914:1:1927:-	359	13.0	13.259086189	3.84497865367
scaffold17215_2_TIGR00342:7726:8854:+	1061	63.0	63.3342198582	8.75124100184
scaffold17215_2_TIGR03992:5:1133:+	1068	66.0	65.8643617021	6.98048491353
scaffold8890_11_TIGR01286:2634:3072:+	109	14.0	14.6621004566	3.9719308727
scaffold20024_2_TIGR01800:3479:4658:+	303	17.0	17.6123833757	4.42617888752
scaffold37641_1_TIGR01900:11742:12771:+	244	16.0	15.8221574344	3.9071406572
scaffold717_6_TIGR02627:1792:2104:-	348	74.0	73.7532051282	7.06880035403
scaffold35540_1_TIGR03992:1455:1890:-	74	10.0	11.2183908046	2.85522423926
scaffold5628_2_TIGR00698:13:1057:-	352	23.0	22.9022988506	5.07605324582
scaffold38617_1_TIGR02627:3216:4557:-	549	46.0	45.6659209545	5.86400263566
scaffold28745_3_TIGR01900:66:1161:-	275	17.0	17.4164383562	3.2724258397
scaffold11299_9_TIGR03131:1223:1514:-	55	13.0	12.3058419244	2.39829554935
scaffold13000_6_TIGR02214:1798:2926:+	260	17.0	16.1542553191	4.68768943584
scaffold21781_2_TIGR01962:1:412:-	56	9.0	8.55474452555	3.06042880135
scaffold4612_8_TIGR00914:5:980:+	171	17.0	16.9948717949	2.82606446639
scaffold21131_5_1_TIGR00914:118:484:-	52	6.0	7.95628415301	4.07622070839
scaffold41496_2_TIGR00092:937:1381:-	63	8.0	8.2972972973	2.14914437026
scaffold27610_2_TIGR00005:75:561:+	79	11.0	10.6913580247	1.42559185868
scaffold27610_3_TIGR00005:3:222:+	33	9.0	10.5936073059	3.3425655598
scaffold12589_11_1_TIGR00005:8376:9066:+	364	35.0	34.0101449275	7.4572140916
scaffold37860_2_TIGR00090:5731:6025:+	78	17.0	15.425170068	5.42100153331
scaffold34865_2_TIGR02214:2212:2803:-	264	30.0	29.1962774958	6.72259515629
scaffold32619_3_TIGR02214:33726:34218:-	150	18.0	19.0914634146	3.70093488144
scaffold32619_3_TIGR03992:30910:31636:-	300	27.0	27.2878787879	3.66105882209
scaffold7557_11_TIGR00092:4056:4353:-	65	13.0	13.4006734007	3.30662016571
scaffold597_12_TIGR00880:2811:3219:+	142	21.0	21.0024509804	3.63230249892
scaffold35395_1_TIGR00914:3:1248:+	2089	177.0	174.251405622	20.3158653661
scaffold40192_2_TIGR01020:363:759:-	144	20.0	20.9848484848	6.19626579688
scaffold13532_5_TIGR01981:4101:4743:-	112	11.0	11.3489096573	3.44467719704
scaffold14490_4_TIGR03239:476:827:+	91	15.0	14.7264957265	2.76101450746
scaffold34923_5_TIGR02712:1144:1615:+	83	20.0	20.8577494692	3.91834631223
scaffold34923_3_TIGR00880:64:475:-	88	12.0	12.6934306569	2.75140851466
scaffold13325_1_TIGR01981:3:468:-	233	41.0	42.647311828	7.9021106667
scaffold353_7_TIGR00914:833:2462:+	353	15.0	15.0890116636	4.11528863603
scaffold353_6_TIGR00005:3908:4583:+	193	18.0	18.5614814815	3.73257899493
scaffold3634_2_TIGR00092:8478:8940:+	478	101.0	99.9393939394	8.7307367464
scaffold44073_1_TIGR00880:349:766:-	94	15.0	14.587529976	2.97513885611
scaffold4684_3_TIGR03992:3:345:-	48	9.0	8.54970760234	1.73091512385
scaffold22112_1_TIGR01020:4430:4919:-	82	30.0	28.6584867076	3.18674635187
scaffold2923_13_TIGR01316:516:1056:+	120	21.0	21.7847866419	3.70504225712
scaffold12394_6_TIGR02214:1051:1762:-	108	11.0	10.6554149086	2.82658084731
scaffold3363_4_TIGR00880:4513:4927:+	157	21.0	21.5724637681	5.8733258663
scaffold24683_2_TIGR02214:5:455:-	74	11.5	11.0911111111	3.77749606793
scaffold24683_1_TIGR02214:3:786:-	140	12.0	11.8952745849	2.48299774429
scaffold3626_15_TIGR00914:32:2771:+	653	16.0	16.4527199708	4.66632609341
scaffold13438_8_TIGR02712:148:1390:-	193	10.0	10.5410628019	4.25026339973
scaffold8998_30_TIGR01800:1079:1472:-	98	14.0	14.1221374046	4.06941593692
scaffold23381_8_TIGR02195:11764:12769:+	223	15.0	14.9492537313	4.37682862314
scaffold24059_12_TIGR00005:2:503:-	85	11.0	11.0319361277	4.87723315389
scaffold5444_3_TIGR01316:993:1224:+	37	9.0	9.48484848485	2.61339951245
scaffold11105_18_TIGR02712:1821:3213:+	335	17.0	16.5718390805	4.37722161097
scaffold41545_2_TIGR00914:1954:5002:+	895	20.0	20.6056430446	4.86477182419
scaffold2152_5_TIGR00914:425:1529:+	252	14.0	14.5362318841	5.17278892104
scaffold2152_4_TIGR00914:5:509:+	97	13.0	13.4404761905	4.53911883225
scaffold2152_3_TIGR00914:3538:4228:+	120	11.0	11.4652173913	3.29110906319
scaffold108_27_TIGR00741:6140:6434:+	101	23.0	23.2823129252	3.38643152299
scaffold5734_18_TIGR00880:525:879:+	67	12.0	11.790960452	2.29253952978
scaffold139_6_TIGR00090:4:199:+	210	61.0	62.6666666667	10.7324892167
scaffold139_6_TIGR02214:1074:2913:+	1568	59.0	58.9548667754	7.67846412241
scaffold14259_3_TIGR01316:155:707:-	149	16.0	16.75	3.00166016866
scaffold21198_2_TIGR01020:1931:2315:+	60	10.0	9.60052219321	2.34040449493
scaffold8864_11_TIGR00005:1051:1717:+	169	16.0	15.7222222222	3.84215809741
scaffold26745_3_TIGR00914:43:1516:-	452	20.0	21.1982348948	4.74553532347
scaffold26745_4_TIGR00914:3:1614:-	553	31.0	30.4127870888	5.25255969558
scaffold11468_2_TIGR01316:205:481:+	60	12.0	11.7463768116	3.32221681316
scaffold47159_1_TIGR00914:339:1320:+	223	15.0	14.7428571429	4.52512261645
scaffold4326_2_TIGR02627:1:901:-	183	13.0	13.5255555556	4.33236043209
scaffold4326_1_TIGR02627:5078:5519:-	85	79.0	79.5192743764	4.52558515724
scaffold29551_1_TIGR03992:8585:9047:+	177	22.5	23.0194805195	7.68154372609
scaffold28824_4_TIGR00005:1960:2860:-	326	22.0	23.0466666667	5.99444557718
scaffold34691_1_TIGR01900:9469:10621:+	426	101.0	101.441840278	3.83198609688
scaffold6668_1_TIGR00152:11160:11703:+	222	26.0	25.9060773481	3.04545367916
scaffold6337_29_TIGR01316:129:828:+	126	12.0	12.1258941345	3.79083325422
scaffold16764_7_TIGR03992:2845:3007:+	34	11.0	10.3333333333	2.7419917065
scaffold12633_2_TIGR03992:948:1638:+	133	13.0	12.9362318841	2.64607836786
scaffold9109_29_TIGR03906:205:1291:-	271	17.0	16.5690607735	3.10027629642
scaffold25323_2_TIGR00914:2396:3212:-	190	15.0	15.4632352941	4.82498819703
scaffold441_23_1_TIGR00914:18:1755:+	408	15.0	16.0092112838	5.24252641941
scaffold31990_3_TIGR00880:2840:3050:-	57	13.0	14.2761904762	3.40446552157
scaffold41699_2_TIGR00880:620:950:+	41	7.0	7.51367781155	2.67612911139
scaffold44827_1_TIGR01316:3927:4527:-	173	40.0	41.3733333333	3.46082199613
scaffold16131_3_TIGR00005:574:1285:-	201	17.0	17.6061884669	3.38353188309
scaffold22114_5_TIGR03906:8:359:+	48	9.0	8.96866096866	2.21536673577
scaffold34726_10_TIGR03992:800:1424:+	99	10.0	9.86217948718	2.6079720717
scaffold28641_1_TIGR02897:672:1155:-	121	15.0	14.3685300207	3.89042506109
scaffold11881_10_TIGR03992:3589:4009:-	167	24.0	25.0547619048	6.62314492917
scaffold978_53_TIGR01316:378:669:+	49	10.0	9.97250859107	3.0515502616
scaffold978_54_TIGR01316:4:292:+	53	11.0	10.9409722222	2.14734698053
scaffold8890_1_TIGR01316:953:1139:+	52	58.0	58.064516129	1.97732550778
scaffold26580_3_TIGR00152:211:616:-	83	20.0	21.8962962963	4.06661944248
scaffold1721_5_TIGR00880:10:166:-	37	11.0	11.8205128205	2.48453467626
scaffold3495_30_TIGR01962:1154:1391:+	81	19.0	18.6371308017	2.26027261056
scaffold9012_3_TIGR03992:1217:1679:+	211	26.5	26.9242424242	6.72759203251
scaffold9012_4_TIGR03992:11817:12117:+	97	19.0	18.77	2.97272602168
scaffold12183_10_TIGR00005:5232:5811:-	196	29.0	29.4093264249	4.65418815928
scaffold299_11_TIGR01316:9948:11208:+	327	30.0	30.2936507937	4.11630027349
scaffold38211_2_TIGR02214:2:1280:-	246	13.0	13.093114241	3.06041404388
scaffold17341_7_TIGR00152:1483:1900:+	77	12.0	11.4268585132	1.88520631255
scaffold10870_5_TIGR03131:163:1084:+	263	19.0	19.3029315961	3.61449640194
scaffold626_3_TIGR03992:11716:12298:+	91	9.0	10.2749140893	3.9961351057
scaffold177_3_TIGR02214:11206:13084:+	1047	60.0	59.5271565495	5.66729848398
scaffold10670_9_TIGR00092:750:1146:-	65	16.0	15.7727272727	1.74913070368
scaffold1508_11_TIGR02214:2299:2503:-	81	20.0	19.387254902	3.34048756476
scaffold17424_10_TIGR00914:3939:5022:-	345	32.0	31.7414589104	3.81250415072
scaffold17424_11_TIGR00914:29:452:-	133	19.0	18.9550827423	2.297159605
scaffold597_28_TIGR02712:1379:2726:-	486	23.0	23.9703043801	5.84511878764
scaffold597_23_TIGR03131:10160:10790:-	204	18.0	19.3904761905	4.73520131771
scaffold597_23_TIGR00005:17611:18253:-	199	20.0	20.6744548287	6.23538303954
scaffold224_7_TIGR00092:841:1936:-	241	15.0	15.1570776256	4.34945885979
scaffold10129_5_TIGR03992:1345:1441:+	31	15.0	15.09375	1.44393938152
scaffold11674_1_TIGR03992:1775:1985:-	231	124.5	125.895238095	5.33706502102
scaffold1617_7_TIGR02627:2755:3730:-	280	18.0	18.4379487179	4.43205062193
scaffold10337_2_TIGR00092:552:1650:+	430	25.0	25.3469945355	7.47435171705
scaffold338_5_TIGR00005:61:400:-	76	18.0	18.3864306785	4.12502885701
scaffold2185_6_1_TIGR02712:2386:2671:+	44	9.0	8.72280701754	3.21023678112
scaffold8189_10_TIGR00092:1270:1555:-	49	8.0	9.15789473684	3.1028536593
scaffold17437_2_TIGR01981:2760:3558:+	241	20.0	20.0501253133	3.98178732608
scaffold5702_7_TIGR00914:62:446:-	71	10.0	10.5364583333	2.2040975001
scaffold5702_6_TIGR00914:3:501:-	71	17.0	17.0080321285	3.56915834731
scaffold24194_10_TIGR00741:7744:8038:-	99	20.0	19.037414966	4.05010642145
scaffold3082_9_TIGR02627:4:421:+	117	17.0	17.4028776978	3.68883094398
scaffold16113_1_TIGR01900:70:1099:-	316	21.0	19.9076773567	4.16219149554
scaffold21684_1_TIGR01020:2408:2759:+	112	16.0	16.6296296296	3.88211321277
scaffold33332_12_TIGR00914:756:2022:-	222	12.0	12.2093206951	3.09455134676
scaffold2276_3_TIGR01900:2300:3332:-	285	19.0	18.9699612403	3.64538425342
scaffold12978_7_TIGR00005:430:775:-	78	20.0	19.747826087	2.28610222651
scaffold33364_8_TIGR03992:2073:2805:+	107	9.0	9.89617486339	3.32364218745
scaffold7150_10_TIGR00005:270:1074:+	189	14.0	14.9378109453	4.04158891764
scaffold11789_4_TIGR00087:3:234:-	48	14.0	11.8051948052	3.79577902175
scaffold11789_1_TIGR00090:470:770:+	113	21.0	21.4933333333	4.26965520336
scaffold11789_3_TIGR00087:3917:4361:-	97	15.0	14.4752252252	3.99118608821
scaffold23602_9_TIGR00914:3:723:+	154	15.0	15.157162726	3.18751925724
scaffold6222_8_TIGR03992:3722:4310:+	132	13.0	13.5476190476	3.5301583733
scaffold47283_2_TIGR01316:582:684:+	51	19.0	19.9117647059	2.82531601972
scaffold597_6_2_TIGR01962:3:297:-	100	22.0	21.9047619048	7.01391554967
scaffold597_6_2_TIGR01957:983:1415:-	186	26.0	25.2106481481	3.21016578929
scaffold597_6_1_TIGR01962:3122:4028:-	364	34.0	35.1302428256	7.49897942626
scaffold17911_2_TIGR02214:680:944:+	153	37.0	33.6704545455	8.58256017674
scaffold17911_1_TIGR02214:22945:23506:+	242	25.0	27.3600713012	8.51079482278
scaffold38566_1_TIGR00152:1724:2279:-	180	43.0	44.1225225225	4.44701913898
scaffold4045_11_TIGR02712:4051:4990:-	257	17.0	17.4877529286	4.15265279016
scaffold5422_26_TIGR03131:2952:3336:+	76	19.0	19.1305483029	4.78233056157
scaffold1770_37_TIGR02214:1631:2795:-	206	12.0	12.2817869416	3.93499301177
scaffold2353_3_TIGR03992:5:347:+	50	9.0	9.22807017544	1.39988567444
scaffold15495_3_TIGR00005:384:801:-	70	11.0	10.6642685851	2.61841733823
scaffold23918_3_TIGR00880:1109:1379:+	44	9.0	9.25925925926	2.70791148978
scaffold47296_1_TIGR03906:7151:7397:-	141	35.0	34.2398373984	4.78091122786
scaffold14092_12_TIGR01800:149:686:+	62	8.0	7.94413407821	2.46174606939
scaffold6481_12_TIGR00090:240:534:-	67	12.0	13.3095238095	5.3180584833
scaffold46_6_TIGR00005:8934:9834:+	848	62.0	62.5944444444	5.98414314132
scaffold46_6_TIGR03131:14613:15528:+	768	58.0	56.9289617486	6.32303296817
scaffold2302_2_TIGR03992:7512:8370:+	274	21.0	20.1981351981	5.89697059996
scaffold7727_15_TIGR03992:1958:2654:-	125	11.0	11.3591954023	3.13402745493
scaffold1872_3_TIGR00914:2:527:-	100	12.0	12.0247619048	2.15348138747
scaffold1872_2_TIGR00914:660:1239:-	145	15.0	16.0829015544	4.36068570716
scaffold4880_3_TIGR00914:5:1478:+	262	13.0	12.700610998	3.391312075
scaffold4880_2_TIGR00914:1251:1953:+	125	13.0	12.5968660969	2.92326192192
scaffold47230_1_TIGR00914:12:672:-	174	15.0	16.1151515152	6.63567590182
scaffold36855_1_TIGR01981:7573:8404:-	269	58.0	58.6257521059	5.40029514112
scaffold2573_5_TIGR03906:953:1544:-	136	15.0	15.1810490694	3.01592719328
scaffold2514_37_TIGR00880:2038:2467:+	106	13.0	14.3613053613	4.29967138903
scaffold175_5_TIGR03992:22692:22902:-	124	34.0	33.5238095238	3.69064515742
scaffold175_3_TIGR00090:34229:34523:-	130	27.0	26.6870748299	3.39026762552
scaffold175_3_TIGR02214:17487:17874:+	183	28.0	28.7467700258	6.31416590831
scaffold175_3_TIGR00342:20033:21146:+	531	32.0	32.0790655885	4.48568074448
scaffold175_1_TIGR02214:1432:1645:+	137	41.0	40.9014084507	3.94023996401
scaffold1747_2_TIGR01981:763:1168:-	51	8.0	8.22222222222	1.78470871158
scaffold1747_4_TIGR01981:141:675:-	88	12.0	11.4157303371	2.6028318866
scaffold12304_7_TIGR00914:1030:4117:+	639	14.0	14.752510528	4.06924666217
scaffold12589_7_TIGR00005:3029:3947:-	378	30.0	30.2440087146	6.10915078908
scaffold28146_3_TIGR01957:2740:3172:+	160	22.0	21.525462963	2.90741385792
scaffold28146_3_TIGR01962:4659:4893:+	102	26.0	25.4572649573	3.94517591906
scaffold11603_5_TIGR02627:1:202:-	39	12.0	11.5870646766	3.43867842264
scaffold1174_8_TIGR00914:191:1364:+	200	11.0	11.7672634271	3.01735007292
scaffold1174_9_TIGR00914:5:521:+	80	15.0	14.7926356589	2.22599686558
scaffold13298_3_TIGR02214:10888:11938:-	286	19.0	18.5838095238	4.35180583884
scaffold501_3_TIGR00880:335:635:-	64	11.0	11.3466666667	3.48996020353
scaffold4922_5_TIGR02214:2085:2421:-	71	13.0	13.0327380952	3.02698177948
scaffold1621_1_TIGR03992:3:519:-	196	49.0	49.8895348837	9.14448021422
scaffold15029_3_TIGR01800:2847:4002:-	255	19.0	18.6614718615	4.1394141311
scaffold3950_8_2_TIGR00092:5914:6334:+	110	16.0	16.269047619	2.7188047177
scaffold8495_21_TIGR01316:4413:5805:-	420	19.0	19.7270114943	6.16967139253
scaffold5862_4_TIGR00698:166:661:-	81	10.0	10.0646464646	2.45111037016
scaffold45380_2_TIGR01900:4667:5741:+	331	20.0	20.2113594041	4.09944146344
scaffold46866_1_TIGR03992:10:508:+	79	10.0	10.234939759	2.60656879825
scaffold9048_1_TIGR00087:455:809:+	127	22.0	22.0254237288	6.25150178261
scaffold14119_2_TIGR00741:1187:1490:+	98	20.0	19.600660066	3.87028958587
scaffold23006_1_TIGR01020:293:773:-	131	16.0	15.7041666667	3.23586402252
C772923_1_TIGR03992:356:764:+	108	14.0	15.4509803922	7.32960348683
scaffold13804_8_TIGR02712:8:248:+	85	20.0	20.8208333333	3.87260454633
scaffold13804_8_TIGR02214:6718:7384:+	201	21.0	19.3708708709	5.08211769468
scaffold4535_4_TIGR00698:5:566:+	134	16.0	15.5525846702	3.47353086508
scaffold9208_8_TIGR00880:1661:2075:+	140	19.0	19.8937198068	4.58239744635
scaffold23676_5_TIGR02195:3396:4440:+	317	21.0	21.2863984674	6.34038981196
scaffold9918_3_TIGR00880:1693:2095:+	77	13.0	11.9004975124	3.01159446888
scaffold34446_5_TIGR03131:3:513:-	90	12.0	12.0117647059	2.11805007058
scaffold34446_4_TIGR03131:6823:7051:-	60	14.0	13.6140350877	2.9985633166
scaffold2185_7_TIGR02712:3:786:+	114	10.0	10.3043478261	2.58748839339
scaffold10258_38_TIGR00005:1224:1851:+	99	10.0	10.7623604466	2.34081451852
scaffold13381_3_TIGR01957:1273:1672:-	117	17.0	17.7142857143	2.73079008068
scaffold13381_3_TIGR01962:2094:2319:-	58	13.0	12.6977777778	2.11812169296
scaffold24397_4_TIGR01900:5955:7041:+	295	18.0	17.9244935543	4.13534917183
scaffold19134_2_TIGR00914:474:1059:+	130	13.0	14.135042735	4.50684789954
scaffold821_2_TIGR00152:186:624:-	81	11.0	11.5936073059	2.90789434891
scaffold26376_2_TIGR00092:1:478:-	181	29.0	31.1341719078	8.74222181963
scaffold9745_9_TIGR01981:1028:1331:-	82	19.0	17.504950495	4.77470734999
scaffold18_2_TIGR01900:1125:2241:+	944	57.0	56.9623655914	6.59425861896
scaffold173_2_TIGR02214:25836:27432:-	991	42.0	42.2525062657	6.62574722579
scaffold7318_5_TIGR02214:8:824:-	196	17.0	16.612745098	3.70175293846
scaffold7318_6_TIGR02214:7:718:-	142	13.0	13.7988748242	4.07597314791
scaffold268_6_TIGR00880:2966:3374:+	344	51.0	52.2720588235	8.4793291723
scaffold21131_10_TIGR00914:1:184:-	29	9.0	9.24043715847	2.43317324688
scaffold21549_3_TIGR02712:2817:4173:+	293	15.0	14.8945427729	4.05074009194
scaffold268_4_TIGR01316:3940:4090:-	166	51.0	50.9666666667	6.48322622019
scaffold36550_2_TIGR03906:1:178:-	44	14.0	15.0564971751	5.13624267925
scaffold11665_3_TIGR03992:6:567:-	149	15.0	16.3868092692	5.36893128589
scaffold11665_2_TIGR03992:9:300:-	60	18.0	17.3711340206	3.44316521336
scaffold30248_5_TIGR02712:2:926:-	283	17.0	18.0497835498	5.7884522635
scaffold30248_2_TIGR02712:813:1050:-	78	20.0	19.3966244726	5.3409955375
scaffold29754_1_TIGR00005:382:595:+	38	12.0	11.3286384977	5.60222763589
C774885_1_TIGR03992:168:1026:-	283	21.0	21.5093240093	4.68076774926
scaffold4668_6_TIGR00152:217:700:-	107	12.0	13.4120082816	5.5785396161
scaffold5198_1_TIGR02195:5888:6905:-	1029	69.0	68.4198623402	8.12692568698
scaffold5198_2_TIGR02195:1930:2947:-	1026	69.0	69.9665683382	8.11936898577
scaffold89_13_TIGR00092:24367:24757:+	256	42.0	41.8051282051	5.03454470317
scaffold1927_19_TIGR03992:300:846:-	171	20.0	20.2600732601	4.55392388005
scaffold21290_2_TIGR01316:432:606:-	36	12.0	11.4137931034	3.46758959025
scaffold41235_3_TIGR01900:8:437:+	87	9.0	11.8811188811	7.41650290219
scaffold13499_2_TIGR00005:321:687:+	91	14.0	14.956284153	5.38244986232
scaffold13499_4_TIGR00005:4:358:+	104	18.0	17.6610169492	2.42242468174
scaffold7115_5_TIGR00698:1059:2073:+	398	24.0	25.0285996055	5.10966236832
scaffold37_4_TIGR00342:36798:37905:+	623	37.0	37.7506775068	7.33882444034
scaffold37_6_TIGR03906:28624:29668:+	613	38.0	39.1350574713	5.97455948268
scaffold23674_6_TIGR00880:2092:2248:-	47	22.0	21.5897435897	1.6941520641
scaffold2824_13_TIGR00741:3700:3994:-	74	16.0	15.2210884354	3.17549570382
scaffold13731_14_TIGR02627:1576:1990:+	123	17.0	16.3236714976	5.20790647974
scaffold21242_4_TIGR00914:8:533:-	64	8.0	7.90857142857	2.69023328023
scaffold35526_2_TIGR01900:1335:2112:+	115	10.0	10.2265122265	2.66057876058
scaffold9272_8_TIGR00880:547:790:+	40	9.0	9.11111111111	2.13918949307
scaffold31575_4_TIGR01316:216:546:+	60	11.0	11.4863221884	4.08577800601
scaffold31575_2_TIGR01316:553:958:+	66	11.0	10.7481481481	3.61352435982
scaffold2137_13_TIGR02712:1167:1902:-	183	26.0	25.9142857143	3.77633158927
scaffold39014_2_TIGR00741:394:676:+	56	11.0	11.1843971631	3.83452556892
scaffold21297_1_TIGR03992:189:540:+	57	9.0	9.7037037037	2.34319356502
scaffold11603_11_TIGR00914:622:1120:+	95	14.0	13.5481927711	5.25061544939
scaffold20172_9_TIGR00880:439:850:+	107	16.0	15.8345498783	2.74227487913
scaffold859_5_TIGR01316:17170:18553:-	1149	58.0	57.5603759942	5.72399072775
scaffold859_6_TIGR02712:5487:6348:-	774	105.0	104.145180023	9.08003211204
scaffold27882_8_TIGR00092:189:1287:+	219	13.0	13.072859745	3.65624091802
scaffold10763_10_TIGR01316:18:855:+	133	14.0	14.321385902	2.85293602407
scaffold61_6_TIGR03992:9226:9637:-	446	68.0	68.7785888078	6.03131559763
scaffold8675_12_TIGR00005:178:895:-	211	17.0	17.9832635983	4.72180011462
scaffold18023_7_TIGR00880:1951:2290:+	71	13.0	13.7168141593	3.4567765772
scaffold8838_1_TIGR02214:1065:1464:-	63	10.0	9.82957393484	2.19729329254
scaffold709_6_TIGR01800:2921:3494:-	85	9.0	9.52006980803	2.9329384146
scaffold22576_4_TIGR02214:151:1465:+	231	12.0	12.2640791476	4.16528420315
scaffold6581_14_TIGR00880:1:130:-	56	24.0	23.3100775194	2.88755267642
scaffold6581_13_TIGR00880:1102:1363:-	78	17.0	17.1877394636	2.95418449002
scaffold20751_8_TIGR02712:2:1073:-	290	18.0	18.0420168067	5.17744058236
scaffold20751_7_TIGR02712:2106:2409:-	86	17.0	16.801980198	2.22209042296
scaffold46917_3_TIGR00005:9754:10450:-	247	23.0	23.0560344828	4.2431172556
scaffold6370_2_TIGR02214:169:610:-	53	8.0	7.87755102041	2.60358542035
scaffold3238_13_TIGR01316:1095:2058:+	213	14.0	14.6407061267	3.44330800397
scaffold21943_5_TIGR02214:4:427:+	52	8.0	7.77541371158	1.57376864891
scaffold4798_1_TIGR02627:498:1140:-	177	17.0	17.2118380062	3.11592983556
scaffold46070_2_TIGR01800:319:1537:-	340	20.0	19.3612479475	4.43906480106
scaffold1444_4_TIGR03992:1196:1634:-	111	17.0	15.9543378995	3.18138376242
scaffold14892_4_TIGR00005:3354:4086:-	168	15.0	15.3989071038	3.41955145288
scaffold520_10_TIGR02712:418:754:-	112	14.0	15.7529761905	6.93389213861
scaffold15854_3_TIGR01316:3:816:+	103	9.0	8.9889298893	2.80898671373
scaffold682_2_TIGR02214:170:596:+	68	10.0	10.382629108	4.24447485523
scaffold36866_2_TIGR00914:3:1788:+	275	11.0	10.7697478992	2.50381964638
scaffold320_3_TIGR01316:72:816:-	214	18.0	17.7446236559	5.10790533403
scaffold4447_13_TIGR02712:90:435:+	81	13.0	13.0637681159	3.07707611143
scaffold23975_1_TIGR00880:5240:5654:+	423	64.0	61.9903381643	8.99704210017
scaffold18100_3_TIGR03992:2029:2374:-	90	16.0	16.8057971014	3.72768273429
scaffold46254_7_TIGR01800:5:593:+	145	19.0	20.4183673469	4.08687163775
scaffold46254_6_TIGR01800:975:1458:+	175	24.0	24.4637681159	7.87612635371
scaffold23121_5_TIGR02252:193:508:-	41	8.0	7.85079365079	1.95990548977
scaffold170_4_TIGR00092:7035:7311:-	120	24.0	24.9782608696	4.17370545981
scaffold14012_8_TIGR00087:11357:11762:+	168	24.0	24.1234567901	3.97952387514
scaffold14012_9_TIGR00005:580:925:+	104	26.0	25.2869565217	3.42056496069
scaffold8237_1_TIGR03131:40:595:+	67	8.0	8.26306306306	1.81663623057
scaffold8237_2_TIGR03131:3:303:+	47	10.0	9.54666666667	2.35821024414
scaffold1679_1_TIGR02627:17250:18639:+	458	22.0	22.4989200864	6.05287765013
scaffold1679_1_TIGR02252:5647:6247:+	221	23.0	22.4333333333	3.80116941071
scaffold125_2_TIGR00090:6096:6396:-	146	32.0	30.6233333333	5.87889917889
scaffold125_6_TIGR02712:2451:3378:-	306	22.0	21.6472491909	5.32439081255
scaffold20683_12_TIGR00005:1574:1880:+	88	18.0	16.7516339869	4.85041746839
scaffold348_11_TIGR00914:5:686:-	125	17.0	16.8957415565	3.69100141025
scaffold348_13_TIGR00914:12:570:-	92	18.0	17.1845878136	3.31716170056
scaffold23535_2_TIGR00087:291:681:+	56	8.5	9.40512820513	3.25024249336
scaffold27588_3_TIGR00092:3623:4694:+	192	13.0	12.6775700935	3.2384607054
scaffold441_2_TIGR03992:2444:2816:+	51	9.0	8.84946236559	2.46675197423
scaffold441_5_TIGR02195:5838:6849:-	233	16.0	16.1988130564	5.58355634516
scaffold26996_9_TIGR02712:6958:7876:-	285	30.0	30.0098039216	6.18002543204
scaffold6515_6_TIGR03131:252:936:+	121	20.0	20.5365497076	3.37302817801
scaffold2855_6_TIGR00005:373:1225:-	202	15.0	15.2100938967	3.15510488663
scaffold7392_5_TIGR02214:412:2200:+	444	17.0	16.168344519	3.95629989921
scaffold8689_2_TIGR00005:13091:13406:+	180	40.0	41.3650793651	7.54268611853
scaffold8689_3_TIGR00092:343:1429:+	558	46.0	46.0893186004	8.51919812755
scaffold2707_38_TIGR00741:2059:2350:+	69	18.0	17.1580756014	2.82886965292
scaffold1828_7_TIGR02627:2603:3266:+	169	16.0	16.9834087481	4.18119352944
scaffold38051_1_TIGR00914:91:481:-	874	155.0	155.658974359	22.6296630605
scaffold1225_6_TIGR01286:3043:3163:+	39	16.0	16.3416666667	3.66855065235
scaffold13962_11_TIGR02627:197:1025:+	126	11.0	10.5277777778	3.24676745802
scaffold21821_2_TIGR00914:2:1220:-	243	13.0	14.0361247947	3.63575684554
scaffold19188_6_TIGR01981:1892:2720:-	261	21.0	21.4009661836	5.27537337862
scaffold28501_3_TIGR02214:3325:3880:-	181	22.0	22.3027027027	5.02590513491
scaffold28501_4_TIGR02214:3:1170:-	323	19.0	19.5064267352	4.08392062994
scaffold4610_20_TIGR02712:1310:1916:-	112	15.0	14.9488448845	2.71878145372
scaffold10896_8_TIGR01316:2:842:-	196	14.0	14.5428571429	2.88973082097
scaffold42937_1_TIGR00005:3:339:+	51	10.0	9.5625	2.00051146734
scaffold1732_22_TIGR00005:1768:2416:+	114	12.0	11.3472222222	2.41039255806
scaffold11299_11_TIGR03131:3:477:-	131	16.0	17.2573839662	7.82436408439
scaffold8998_31_TIGR01800:2:602:-	87	10.0	9.80833333333	2.08044800197
scaffold20328_2_TIGR01316:3:651:-	86	10.0	9.62345679012	2.26354750555
scaffold10469_25_TIGR01316:6:237:-	42	12.0	11.5367965368	3.12470759112
scaffold10469_24_TIGR01316:1568:1862:-	66	14.0	13.6870748299	2.99387747373
scaffold13529_5_TIGR03906:22857:24255:+	570	27.0	27.8397711016	7.0720848358
scaffold13529_5_TIGR03992:14759:15353:+	308	34.0	34.1026936027	5.41303074399
scaffold7562_17_TIGR02627:4:466:+	95	19.0	18.4632034632	3.87155082043
scaffold33488_1_TIGR02195:19196:20222:-	324	66.0	66.3830409357	3.47904684807
scaffold437_17_TIGR00880:5382:5796:+	87	13.0	13.2657004831	3.24996207591
scaffold35791_1_TIGR00914:250:589:+	41	8.0	8.87020648968	1.98838002394
scaffold5833_10_TIGR02214:5773:6565:-	262	29.5	29.75	6.78777309847
scaffold5833_11_TIGR02214:11:1001:-	367	29.0	28.8585858586	5.75950703034
scaffold12884_10_TIGR00698:1770:2565:-	196	17.0	17.4754716981	4.64924037863
scaffold22024_3_TIGR00698:5477:5738:+	81	19.0	19.0076628352	3.10603458762
scaffold40372_2_TIGR01316:8:581:+	146	17.0	16.9127399651	4.95910624271
scaffold13723_6_TIGR02712:1346:2366:+	275	18.0	18.287254902	5.3432048026
scaffold13723_6_TIGR01900:2453:3356:+	262	20.0	19.4296788483	4.72702048966
scaffold13723_3_TIGR00092:574:952:+	96	16.0	15.544973545	4.50447615407
scaffold33656_1_TIGR00880:2405:2585:-	88	40.0	41.5	4.6648806106
scaffold33656_1_TIGR00005:5668:6514:+	270	39.0	38.5212765957	3.89627891543
scaffold1770_12_TIGR00005:1013:1328:-	43	9.0	8.86666666667	2.46782469599
scaffold26394_2_TIGR02252:140:722:-	130	14.0	13.8865979381	3.05069297066
scaffold30061_2_TIGR01316:29:551:-	54	7.0	6.75670498084	2.30861352819
scaffold24694_2_TIGR02627:74:869:+	108	8.0	9.12830188679	3.72834008078
scaffold14516_4_TIGR03906:73:385:-	59	10.0	10.3076923077	2.91243000271
scaffold2529_23_TIGR03131:768:1050:+	52	11.0	11.365248227	2.97470389052
scaffold14940_8_TIGR03239:2739:3222:+	157	22.0	21.6894409938	4.89547392036
scaffold701_11_1_TIGR02712:1325:1823:+	117	15.0	14.5562248996	3.44577201578
scaffold701_11_2_TIGR02712:5:818:+	166	14.0	13.3911439114	4.10436066011
scaffold25160_3_TIGR00880:192:594:-	90	13.0	12.9378109453	1.81990464571
scaffold1407_19_TIGR01981:915:1710:+	186	15.0	15.8339622642	4.89642187659
scaffold1690_11_TIGR02712:3640:3949:-	84	10.0	14.3430420712	7.74839737902
scaffold12766_2_TIGR00880:3817:3973:+	81	24.0	23.3076923077	4.24659046436
scaffold24701_6_TIGR00152:868:1153:-	37	8.0	8.16842105263	1.84858009946
scaffold14121_1_TIGR00914:1016:1451:+	84	12.0	12.5391705069	4.57649628056
scaffold9226_13_TIGR01020:1982:2447:-	71	11.0	11.1849462366	2.71201810492
scaffold1241_4_TIGR02897:5580:5793:+	136	43.0	43.3615023474	3.54922746289
scaffold14611_4_TIGR00005:5267:5921:-	202	18.0	19.628440367	7.05945816301
scaffold1174_21_TIGR00914:1800:2568:+	116	10.0	10.3515625	3.280918262
scaffold1982_12_TIGR00914:2326:5422:+	631	14.0	14.3901808786	4.45413975412
scaffold18817_2_TIGR00152:1701:2262:+	135	16.0	15.2121212121	3.53131081987
scaffold36481_2_TIGR03906:51:1383:-	429	22.0	21.8400900901	5.44525988793
scaffold36918_4_TIGR00880:25:169:-	39	14.0	13.6666666667	2.05142227085
scaffold27425_9_TIGR00092:309:531:-	47	10.0	11.6216216216	4.56199350698
scaffold68_1_TIGR00914:12792:13887:+	1165	114.0	114.746118721	12.3911671665
scaffold350_2_TIGR02252:929:1274:-	80	13.0	13.115942029	3.84382143745
scaffold4133_5_TIGR02214:2742:3480:-	152	14.0	13.9471544715	3.23407899884
scaffold1465_3_TIGR00880:9595:10003:+	128	33.0	32.4975490196	4.41421432537
scaffold15543_4_TIGR00092:4031:5126:+	364	22.0	21.9835616438	3.3054133142
scaffold17582_27_TIGR02214:2231:3890:+	605	32.0	32.2055455093	5.10710534489
scaffold2070_11_TIGR03992:3365:3971:+	129	19.0	19.5495049505	3.8729865101
scaffold18942_5_TIGR01800:1799:2957:-	415	24.0	24.1908462867	4.73355921862
scaffold11881_12_TIGR00880:4061:4451:+	129	20.0	19.6564102564	4.57864580091
scaffold5517_9_TIGR00092:29868:30141:+	114	24.0	25.989010989	5.15580224835
scaffold3146_5_TIGR01316:7:352:-	87	17.0	16.3101449275	2.80776072144
scaffold8049_7_TIGR04000:516:1131:+	123	12.0	13.0910569106	3.62845592213
scaffold3495_23_TIGR01981:3:546:+	94	12.0	11.847145488	3.96771340682
scaffold18563_3_TIGR00914:8741:9326:+	114	12.0	12.5401709402	4.39177669456
scaffold15409_12_TIGR01020:842:1328:-	107	13.0	13.2613168724	2.40276450744
scaffold20631_4_TIGR00005:2646:3582:+	221	15.0	15.25	4.7573043254
scaffold1508_12_TIGR02214:3:1401:-	419	24.0	24.7703862661	4.93674537823
scaffold10258_15_TIGR01316:142:463:-	49	9.0	8.97819314642	2.17665849828
scaffold4761_13_TIGR01316:3:567:-	97	11.0	11.1808510638	2.99927686068
scaffold15790_2_2_TIGR00087:2922:3255:+	85	17.0	17.3222891566	5.35614585072
scaffold37324_1_TIGR02627:147:1398:-	211	12.0	12.1127098321	3.03471888582
scaffold537_9_TIGR01957:260:692:+	88	12.0	13.0462962963	3.08185928507
scaffold537_9_TIGR01962:2137:2371:+	44	11.0	10.7264957265	1.91763713056
scaffold31712_8_TIGR02214:6088:6313:-	57	13.0	15.1777777778	4.11333273306
scaffold15543_5_TIGR00090:2762:3059:+	105	22.0	21.2626262626	4.07567934537
scaffold8175_5_TIGR00005:963:1629:+	175	17.0	17.4054054054	5.146872945
scaffold6414_2_TIGR00548:7936:8524:-	597	93.0	90.5782312925	8.31781562284
scaffold14416_4_TIGR03992:2473:2884:-	467	70.0	70.2603406326	8.11042157249
scaffold14416_1_TIGR00005:5799:6510:+	782	144.0	144.320675105	9.50422854119
scaffold34732_1_TIGR01957:2:167:-	21	8.0	8.12121212121	3.85146627535
scaffold2527_1_TIGR00741:52:346:-	132	21.0	24.9183673469	9.87128743892
scaffold7067_1_TIGR01020:3146:3620:-	181	32.0	32.2489451477	4.50471494028
C745766_1_TIGR01020:188:674:+	233	25.0	25.6625514403	9.34838495726
scaffold12394_12_TIGR02214:2:743:-	110	10.0	9.98650472335	2.60950847416
scaffold5422_15_TIGR00880:2963:3365:+	111	15.0	15.6741293532	4.74795345943
scaffold5422_12_TIGR02627:5322:6705:-	351	17.0	17.2031814895	4.02593777684
scaffold8234_4_TIGR00092:1:934:-	225	16.0	16.359056806	4.30890749303
scaffold8234_5_TIGR00880:2253:2667:-	71	10.0	10.4951690821	3.26727676134
scaffold4446_14_TIGR03992:387:996:+	98	10.0	10.5435139573	2.86909152421
scaffold4017_2_TIGR03131:3005:3884:-	245	18.0	18.0614334471	3.76298398311
scaffold10508_1_TIGR00005:552:1032:-	76	10.0	10.5458333333	4.33373195282
scaffold43332_2_TIGR00090:1652:1943:+	106	21.0	22.264604811	3.25788782668
scaffold11766_7_TIGR00914:4982:6053:-	243	16.0	15.8141923436	5.03378170377
scaffold20148_7_TIGR02252:14417:15020:-	377	41.0	40.1741293532	5.04584560871
scaffold6840_2_TIGR03992:5:320:+	72	14.0	13.1650793651	3.29858838159
scaffold3082_8_TIGR02627:900:1323:+	137	21.0	20.2907801418	4.95827365541
scaffold12611_4_TIGR02712:2950:3310:+	89	16.0	15.6361111111	2.93225858889
scaffold40737_2_TIGR03992:1077:1578:-	52	7.0	6.90419161677	1.25365827762
scaffold22429_3_TIGR00741:1335:1629:-	95	22.0	20.9557823129	4.77180821489
scaffold6061_4_TIGR02214:1364:1631:+	44	12.0	10.2293233083	4.7339008054
scaffold5702_1_1_TIGR00914:2324:3158:-	158	12.0	12.6834532374	4.68125908665
scaffold9226_20_TIGR01800:672:1863:-	211	12.0	12.2174643157	2.71832984826
scaffold17539_3_TIGR03906:1:931:-	193	14.0	14.6924731183	4.18523355444
scaffold11740_1_TIGR00741:407:704:-	99	23.0	23.797979798	5.28573417964
scaffold14115_8_TIGR01020:6631:7099:-	290	50.0	50.1324786325	7.13331331245
scaffold14167_2_TIGR01962:6347:6587:-	92	22.0	21.3666666667	4.27869398558
scaffold14167_2_TIGR01957:7957:8389:-	117	15.0	14.7893518519	5.22144594227
scaffold381_2_TIGR00005:893:1178:+	62	13.0	12.5528169014	3.79779761348
scaffold14270_1_TIGR00548:5:194:+	25	8.0	7.70899470899	2.03799194275
scaffold24182_3_TIGR04346:119:455:+	65	11.0	11.4464285714	2.69094364881
scaffold24182_2_TIGR04346:1171:1363:+	34	12.0	11.0989583333	2.96605780708
scaffold41107_2_TIGR03906:590:1010:-	293	53.0	55.0571428571	11.3767336273
scaffold25294_3_TIGR00152:1819:2383:-	162	26.0	25.2092198582	5.32012638773
scaffold3146_3_TIGR01316:2211:2379:-	52	14.0	14.3214285714	3.31720161139
scaffold3490_3_TIGR03992:1088:1340:-	101	26.0	22.3253968254	8.11507451391
scaffold39230_2_TIGR03992:1474:1645:+	33	10.0	9.96470588235	2.36616870177
scaffold43672_5_TIGR02214:1245:3048:+	373	14.0	14.1203549639	3.16708695925
scaffold22843_1_TIGR02627:5:254:+	28	7.0	6.64658634538	1.63900694588
scaffold34302_1_TIGR03992:6:363:-	37	6.0	6.43977591036	2.08499721706
scaffold368_1_TIGR03992:8675:9092:+	192	26.0	26.3573141487	6.16475636855
scaffold12750_5_TIGR00092:234:618:-	102	16.0	15.1484375	3.33250213432
scaffold24882_4_TIGR02712:12:429:-	87	12.0	12.0647482014	4.41744193872
scaffold23602_10_TIGR00914:969:1470:+	108	13.0	13.245508982	2.18267648476
scaffold6378_24_TIGR00005:1207:2056:+	154	12.0	11.8621908127	3.22148198839
scaffold2040_29_TIGR01316:28493:28625:+	51	21.0	20.3787878788	2.67290077084
scaffold3495_22_TIGR01981:2255:2456:+	37	17.0	16.325	2.05411173016
scaffold3495_29_TIGR01957:2239:2632:+	59	9.0	9.49618320611	2.82403545866
scaffold17286_5_TIGR02195:9649:10669:-	271	18.0	18.037254902	4.97115052704
scaffold20518_8_TIGR02195:689:1688:+	188	13.0	12.7157157157	2.38305312687
scaffold20693_4_TIGR00005:2112:2430:-	45	7.0	7.84591194969	2.75261435795
scaffold1351_5_TIGR00914:6:381:+	97	17.0	16.4666666667	3.26326353347
scaffold1351_3_TIGR00914:13:1039:+	212	14.0	14.3401559454	4.89502727096
scaffold1351_2_TIGR00914:357:975:+	128	13.0	13.7293354943	4.84003412721
scaffold28079_1_TIGR02712:3:441:-	180	21.0	23.0662100457	8.01412564396
scaffold1460_2_2_TIGR03992:9273:10119:-	257	20.0	20.4810874704	4.25588139837
scaffold7608_15_TIGR03992:1093:1351:+	43	10.0	9.7626459144	3.81708294146
scaffold43279_1_TIGR00914:183:3285:-	923	21.0	21.0183752418	5.00837315058
scaffold5041_9_TIGR01316:1244:1916:+	87	8.0	8.17708333333	2.7597034119
scaffold9227_17_TIGR00914:14783:15590:+	217	16.0	17.1833952912	5.8176394478
scaffold16243_1_TIGR01316:3:468:-	94	13.0	12.1247311828	5.33657809724
scaffold5699_6_TIGR02214:1555:2932:+	253	13.0	12.8366013072	2.43376086227
scaffold26053_9_TIGR00914:1:469:-	84	12.0	11.9658119658	3.6331371952
scaffold47283_1_TIGR01316:541:1291:+	166	15.0	15.2146666667	3.62260287025
scaffold8507_2_TIGR03992:586:1348:-	140	15.0	15.7375328084	3.36133381882
scaffold42066_1_TIGR00741:525:819:-	168	63.0	63.3605442177	8.35394369229
scaffold2775_7_TIGR02214:2384:3989:+	493	21.0	20.8367601246	4.58802661905
scaffold4870_1_TIGR01900:14516:15218:+	103	10.0	9.69329529244	2.99382590731
scaffold29911_8_TIGR00342:2772:3369:-	160	17.0	17.8006700168	5.14012685385
scaffold15166_5_TIGR02214:373:1189:-	193	15.0	15.0318627451	4.405763211
scaffold47382_1_TIGR01316:1232:2570:-	476	24.0	24.6165919283	4.94501240922
scaffold28_18_TIGR03906:1875:2013:-	24	6.0	7.04347826087	2.69155836876
scaffold33513_5_TIGR01900:8116:9220:+	405	24.0	24.4411231884	4.68366853144
scaffold35667_2_TIGR01020:4861:5326:-	218	29.0	29.2752688172	6.37784565902
scaffold35667_1_TIGR01316:6297:7656:-	599	75.0	74.6909492274	5.26139386453
scaffold5210_1_TIGR02214:325:553:+	42	12.0	11.6359649123	2.31204425354
scaffold17820_1_TIGR02252:14229:14832:+	221	68.0	68.3631840796	3.87222595009
scaffold34729_2_TIGR03992:2823:3300:+	140	31.0	31.9203354298	5.54474324611
scaffold34729_1_TIGR01020:6299:6617:-	118	74.0	74.1320754717	3.58738742299
scaffold47256_1_TIGR02712:823:1261:+	100	14.0	13.99543379	2.08932428153
scaffold13098_3_TIGR01900:5438:5717:+	164	36.0	32.6021505376	11.6195421087
scaffold121_4_TIGR00087:1595:2336:-	395	41.0	39.375168691	7.30958949981
scaffold10058_2_TIGR00914:6054:7416:+	245	12.0	12.5124816446	3.15603608006
scaffold46033_1_TIGR00090:250:460:-	45	12.0	11.9523809524	2.87478679087
scaffold537_33_TIGR00090:704:1004:+	83	15.0	15.1833333333	1.53722332651
scaffold537_37_TIGR00087:96:801:-	153	17.0	17.2468085106	3.06086144625
scaffold2846_4_TIGR02195:11:299:-	54	12.0	11.4270833333	1.86754885218
scaffold4535_10_TIGR00880:1535:2000:-	110	15.0	15.3376344086	3.84259975779
scaffold31964_7_TIGR02252:1054:1459:+	76	12.0	11.6592592593	3.52380888825
scaffold41070_1_TIGR02195:120:510:+	39	6.0	6.25897435897	1.6414843109
scaffold3227_15_TIGR02214:2892:4041:+	174	11.0	11.4369016536	3.07190805866
scaffold1410_13_1_TIGR00342:1219:2269:+	183	12.0	11.8323809524	3.38547303407
scaffold5584_10_TIGR00090:1857:2151:-	120	32.0	31.5238095238	4.65815550389
scaffold13973_9_TIGR03992:4641:5019:+	155	23.0	24.1216931217	5.43513995585
scaffold13973_9_TIGR01981:911:1538:-	256	25.0	24.649122807	4.99805496739
scaffold39519_1_TIGR01286:442:748:-	37	6.0	7.31699346405	2.87555145833
scaffold7911_7_TIGR00092:5116:6205:+	479	28.0	28.3829201102	7.19448584341
scaffold26290_3_TIGR03992:4103:4877:+	204	15.0	16.7403100775	5.20171934475
scaffold996_2_2_TIGR02214:1:727:-	98	9.0	9.2520661157	2.03240683657
scaffold5308_5_TIGR00005:8:719:+	108	15.0	15.482419128	2.84665032236
scaffold18643_2_TIGR01020:11563:12025:-	207	27.0	26.7467532468	3.24116185206
scaffold7304_5_TIGR00914:293:1862:-	299	14.0	13.6851497769	4.26320645146
scaffold30279_3_TIGR01316:2:305:-	78	14.0	14.0066006601	3.02246091168
scaffold797_10_TIGR02214:3:444:+	67	9.0	9.44897959184	2.93740519828
scaffold17744_1_TIGR00090:3410:3710:+	51	10.0	10.26	2.42879942907
scaffold14779_3_TIGR00005:2004:2574:+	163	15.0	16.7684210526	6.89945733678
scaffold51_14_TIGR01020:3:546:-	132	16.0	16.2780847145	4.94667870571
scaffold16357_1_TIGR00741:1113:1407:-	155	29.0	29.4149659864	6.47374975445
scaffold6318_1_TIGR00092:5392:6481:+	1004	119.0	119.22681359	6.80172944593
scaffold8980_4_TIGR00005:274:928:+	145	19.0	19.0917431193	4.16782774273
scaffold29754_2_TIGR00005:5:542:+	81	10.0	10.0502793296	2.08909666493
scaffold18064_3_TIGR00914:142:562:-	188	32.0	33.8571428571	4.4879278736
scaffold18064_2_TIGR00914:20054:22586:-	1022	28.0	27.8957345972	7.8941074754
scaffold183_25_TIGR03906:692:1853:+	214	13.0	12.7338501292	4.21358694919
scaffold10216_4_TIGR00005:1257:1920:-	448	44.0	44.8733031674	5.37315789277
scaffold7293_2_TIGR00005:1586:2381:+	140	13.0	12.479245283	3.93635011916
C788783_1_TIGR02214:2502:2949:+	244	73.0	73.6331096197	7.34935660147
scaffold41133_1_TIGR01316:3894:5061:+	240	12.0	13.3838903171	4.99511476323
scaffold10390_1_TIGR03992:1898:2591:+	134	39.0	39.2582972583	3.0429263633
scaffold348_9_TIGR00914:97:1138:-	194	12.0	12.1623439001	3.44736236597
scaffold1754_4_TIGR00914:3:2355:+	675	21.0	20.6534863946	5.15056430646
scaffold1754_3_TIGR00914:2496:3213:+	245	23.0	23.050209205	4.21860666757
scaffold8495_9_TIGR00092:4842:5283:-	196	28.0	28.5804988662	4.65191845687
scaffold8495_9_TIGR00152:11734:12298:+	210	21.0	21.7641843972	6.6374764127
scaffold16597_2_TIGR00914:9604:10792:+	397	22.0	22.6430976431	4.42489450888
scaffold16597_3_TIGR00092:9204:10302:+	359	22.0	22.0255009107	3.46321891059
scaffold16597_3_TIGR00005:8419:9109:+	230	21.0	22.1449275362	4.8576112765
scaffold16597_5_TIGR00880:2811:3219:-	137	19.0	19.4215686275	4.56743862341
scaffold6169_3_TIGR02195:2830:3892:-	289	19.0	18.5960451977	4.25214063625
scaffold2040_13_TIGR03906:3427:4747:+	410	21.0	21.5090909091	5.05124428933
scaffold2040_13_TIGR00005:6746:7649:-	255	19.0	18.8239202658	4.22157661372
scaffold3140_4_TIGR00698:4306:5329:+	928	85.0	84.9305962854	8.09463046482
scaffold8182_7_TIGR03992:4077:4647:-	360	41.0	40.2403508772	5.52856567958
scaffold44158_2_TIGR00005:1373:2309:-	302	20.0	21.1805555556	4.74009156741
scaffold2045_15_TIGR02712:801:1002:-	34	10.0	10.6417910448	4.42303387201
scaffold2045_16_TIGR02712:3:705:-	93	9.0	9.2094017094	1.81094250253
scaffold2045_12_TIGR00698:4801:5812:+	190	11.0	11.900098912	2.97748059481
scaffold8985_3_TIGR01981:1117:1291:-	50	13.0	12.8448275862	3.93394477872
scaffold8985_4_TIGR01981:2:455:-	94	12.0	13.0684326711	4.47136550329
scaffold1617_12_TIGR02252:719:860:-	93	36.0	32.7517730496	6.58728199566
scaffold9091_3_TIGR03992:672:1365:-	298	48.0	48.9509379509	5.33229587993
scaffold17535_33_TIGR01316:5738:5933:+	59	17.0	16.2512820513	2.95147697011
scaffold14596_1_TIGR00914:37:487:+	66	9.0	9.40666666667	2.11795498851
scaffold14596_3_TIGR00914:5:920:+	133	16.0	16.2043715847	2.92021080788
scaffold7150_1_TIGR03906:2232:2619:-	106	17.0	16.1524547804	2.93865143708
scaffold4278_1_TIGR03992:7494:8319:-	271	21.0	20.9648484848	4.1592511864
scaffold1038_20_TIGR00342:1016:1331:-	71	12.0	13.219047619	3.67915005466
scaffold30124_2_TIGR02214:1:691:-	81	8.0	8.23043478261	3.18792124118
scaffold43445_2_TIGR01316:3:528:+	68	9.0	8.61142857143	2.48758112711
scaffold11345_7_TIGR00914:3:306:-	49	11.0	10.0330033003	2.5983429392
scaffold14170_1_TIGR03906:9660:10026:+	154	25.0	24.6775956284	3.78736621584
scaffold14170_2_TIGR03992:13504:14245:-	222	18.0	18.2914979757	4.40234210105
scaffold38863_1_TIGR00914:9:717:-	248	22.0	22.6172316384	6.58637415727
scaffold9372_9_TIGR00005:499:742:-	47	12.0	11.8930041152	3.89746045152
scaffold18611_4_TIGR00880:2449:2866:-	87	12.0	11.9520383693	2.62026815375
scaffold8011_12_TIGR03992:1579:1993:-	88	13.0	12.8719806763	2.62476820962
scaffold26592_4_TIGR02252:3537:4134:+	182	18.0	19.2077051926	4.55641072045
scaffold349_1_TIGR01957:180:612:-	177	25.0	25.0439814815	4.30658527611
scaffold39852_2_TIGR03992:13:904:+	277	21.0	20.7317620651	4.25728281184
scaffold2951_1_TIGR01020:584:908:+	122	20.0	22.0339506173	8.52748398756
scaffold566_35_TIGR00005:2215:3151:+	208	16.0	15.577991453	3.86916180325
scaffold27859_3_TIGR02712:392:623:-	50	13.0	11.6493506494	3.74893774427
scaffold22528_4_TIGR00741:287:590:+	209	50.0	50.8382838284	4.50415133327
scaffold32812_4_TIGR03906:1880:2855:+	550	38.0	38.6512820513	7.28521058228
scaffold21031_2_TIGR00914:3:525:+	126	14.0	13.7619961612	4.78731680144
scaffold31209_1_TIGR02712:3:189:-	45	13.0	13.2634408602	2.56327600141
scaffold978_44_TIGR01981:337:1057:+	127	11.0	11.3236111111	2.71968099925
scaffold978_42_TIGR01981:1177:1642:+	86	11.0	12.0	2.72226976771
scaffold6744_7_TIGR00914:1479:2028:-	153	17.0	18.0200364299	6.68968425327
scaffold6744_8_TIGR00914:3:261:-	67	15.0	15.6279069767	2.84365134705
scaffold11674_2_TIGR00152:232:793:-	562	105.0	104.573975045	6.54848637934
scaffold11674_5_TIGR02712:263:1607:-	1078	68.0	68.59375	9.01957970641
scaffold37031_2_TIGR01020:2056:2521:-	106	14.0	14.1913978495	3.81337927394
scaffold28_4_TIGR01800:109:337:+	44	17.0	17.149122807	2.12228136163
scaffold28_3_TIGR01800:322:979:+	88	9.0	8.87042682927	2.50547762123
scaffold10602_6_TIGR03992:173:557:+	56	9.0	8.78125	2.39771212565
scaffold16259_14_TIGR00880:5416:5731:+	124	30.0	29.7936507937	4.78940209066
scaffold3950_1_TIGR00092:8829:9270:-	142	18.0	18.9931972789	4.7411403452
scaffold46151_1_TIGR01981:159:471:-	71	11.0	12.6025641026	5.25098218795
scaffold11603_9_TIGR00914:862:2056:+	207	15.0	14.837520938	3.39307589637
scaffold77_5_TIGR03992:3678:4185:-	441	80.0	78.9842209073	6.3581275957
scaffold77_6_TIGR03992:4185:4842:-	706	75.0	73.7792998478	6.18228904497
scaffold38287_1_TIGR01316:19:664:-	145	15.0	14.8093023256	4.94176069211
scaffold15079_5_TIGR00914:7:1531:+	350	16.0	16.5085301837	5.11436715371
scaffold47147_1_TIGR00914:4:325:+	50	9.0	9.8785046729	2.50623004556
scaffold31_3_TIGR01020:32504:32990:-	475	81.0	81.0041152263	6.51430710488
scaffold16212_1_TIGR00914:538:1180:+	96	10.0	10.4221183801	4.26910328576
scaffold32622_4_TIGR01800:1059:2208:+	268	18.0	17.9460400348	4.33122273855
scaffold32272_1_TIGR01957:521:665:-	41	12.0	13.2013888889	3.33454115849
scaffold24368_4_TIGR00880:2985:3285:+	46	9.0	9.60333333333	3.53543805238
scaffold38608_3_TIGR03992:2331:3096:-	164	14.0	14.1816993464	3.56668385388
scaffold983_11_TIGR00342:1:682:-	116	11.0	10.9500734214	2.59002449156
scaffold5_5_TIGR02214:3:663:-	591	75.0	75.1348484848	6.31820343721
scaffold5_4_TIGR02214:12838:13666:-	734	61.0	61.0785024155	7.61861892202
scaffold15493_2_TIGR03992:270:798:+	148	18.0	18.1685606061	5.27824259558
scaffold24496_5_TIGR02195:134:665:-	54	7.0	6.6384180791	1.5247958532
scaffold15866_4_TIGR00152:3750:4101:+	69	11.0	10.7977207977	2.41117896039
scaffold14886_5_TIGR00914:37:910:+	125	9.0	9.24856815578	3.62646829452
scaffold14886_8_TIGR00914:728:1037:+	47	13.0	12.4595469256	2.99338231083
scaffold44396_3_TIGR03992:2344:2671:+	148	27.0	27.1957186544	5.83291147608
scaffold6291_3_TIGR00880:13357:13627:-	202	54.5	56.9962962963	8.07120999151
scaffold12884_8_TIGR00092:1303:2395:+	260	16.0	15.9789377289	3.89732174965
scaffold2295_3_TIGR02627:276:1638:+	459	23.0	22.7503671072	4.86794218317
scaffold4610_23_TIGR02712:138:1029:-	176	13.0	12.6632996633	3.407753406
scaffold310_1_TIGR02712:9815:10211:+	236	38.5	36.4318181818	7.01714334574
scaffold4331_7_TIGR01316:308:1304:-	266	22.0	21.2018072289	4.07367352779
scaffold46365_1_TIGR02214:3:501:+	45	6.0	6.1686746988	1.81572301049
scaffold18663_1_TIGR02627:1676:1877:+	25	7.0	7.48756218905	2.02253339175
scaffold38988_3_TIGR03992:432:1500:-	163	11.0	10.7911985019	2.65571908943
scaffold6616_8_TIGR00005:1:484:-	144	19.0	18.5258799172	5.03660030698
scaffold12211_6_TIGR03992:57:1122:-	281	21.0	20.9061032864	3.91033424704
scaffold12211_5_TIGR01020:10632:11121:+	139	17.0	17.0613496933	3.35010896542
scaffold12211_5_TIGR02252:42:348:+	87	16.0	16.8333333333	7.08411183726
scaffold12211_8_TIGR01981:4270:4621:+	85	14.0	14.0883190883	2.99489694578
scaffold2915_1_TIGR00005:1677:2511:+	243	46.0	47.0899280576	4.29575879676
scaffold10010_14_TIGR01900:10756:11887:+	450	26.0	26.0663129973	5.06265138187
scaffold17624_2_TIGR00741:616:913:+	63	9.0	11.5656565657	6.57947264294
scaffold18563_4_TIGR00914:5:509:+	127	15.0	16.121031746	3.38402440265
scaffold18563_1_TIGR00914:2026:3139:+	282	16.0	17.1859838275	6.64924732432
scaffold91_5_TIGR00741:4634:4913:-	301	66.0	65.835125448	8.08476947016
scaffold21607_1_TIGR01316:4:262:+	49	11.0	11.488372093	2.89644604222
scaffold1407_20_TIGR01981:1290:2103:+	163	12.0	12.9581795818	4.30317513509
scaffold2040_41_TIGR01900:2805:3312:-	125	16.0	15.617357002	2.69771152135
scaffold30594_5_TIGR02712:5:572:+	83	8.0	9.31216931217	3.97118057865
scaffold17992_3_TIGR00092:17:1112:+	346	21.0	21.4228310502	4.95912324919
scaffold2514_21_TIGR00914:646:2869:-	470	15.0	14.89788574	3.4237284293
scaffold2514_22_TIGR00914:26:716:-	169	15.0	16.5449275362	4.74068227927
scaffold33419_1_TIGR01020:4215:4671:+	211	28.0	28.3048245614	5.82166051136
scaffold1222_1_TIGR01800:1041:2199:+	230	13.0	13.695164076	4.12094705051
scaffold1222_4_TIGR00914:2191:2596:-	105	17.0	16.6790123457	3.67785216606
scaffold1222_5_TIGR00914:3:2715:-	581	15.0	15.3211651917	3.69351586016
scaffold1222_7_TIGR00880:1536:1974:+	136	24.0	23.4566210046	3.79818383633
scaffold1174_11_TIGR00914:500:839:+	45	9.0	8.3598820059	3.19387983848
scaffold1174_12_TIGR00914:56:1295:+	229	13.0	13.0839386602	3.30764155233
scaffold16543_4_TIGR00880:2532:2952:+	435	65.0	64.3976190476	7.92803909267
scaffold16543_4_TIGR03992:737:1580:+	749	56.0	57.7793594306	10.1693233517
scaffold3401_3_TIGR01800:1192:2419:+	297	16.0	16.5729421353	3.85518434787
scaffold3401_2_TIGR02214:396:1179:+	190	17.0	16.7879948914	3.80441485021
scaffold6284_2_TIGR02627:6656:7925:+	348	18.0	18.7919621749	4.45722848281
scaffold7370_4_TIGR02712:703:1012:-	83	14.0	15.2556634304	5.03990631141
scaffold7304_2_TIGR00914:219:933:-	129	12.0	12.5266106443	5.72893711303
scaffold40485_3_TIGR00005:5:395:+	46	8.0	8.00256410256	2.77396200772
scaffold441_22_TIGR00914:4897:6223:+	254	12.0	12.8378582202	4.2083859681
scaffold89_4_TIGR00741:4415:4712:+	222	39.0	40.9562289562	6.29104193873
scaffold89_5_TIGR01981:1941:2550:+	377	39.0	38.9917898194	4.82654111092
scaffold902_14_TIGR00342:6:1077:-	157	10.0	10.1157796452	3.58616015448
scaffold6634_5_TIGR01800:781:1933:+	257	16.0	15.3142361111	4.29876501643
scaffold5615_2_TIGR00914:171:1233:-	223	13.0	13.8314500942	4.51392797146
scaffold1961_3_2_TIGR00741:854:1148:-	193	37.0	37.3503401361	5.87769766288
scaffold17371_4_TIGR00092:109:493:-	128	17.0	18.4348958333	5.12661874736
scaffold28465_5_TIGR00092:218:830:+	86	9.0	9.48608837971	2.28516590781
scaffold9745_10_TIGR01981:1:487:-	116	15.0	15.2818930041	3.37455397401
scaffold12589_3_TIGR03992:3497:4610:-	597	37.0	36.3243486074	9.77628969544
scaffold18649_5_TIGR03992:20:401:-	346	72.0	71.6535433071	5.09548400657
scaffold16194_6_TIGR02627:663:759:-	40	28.0	28.1145833333	1.7070307534
