C918110_1_TIGR00005:2:638:-	467	48.0	49.0125786164	7.93625343018
scaffold13887_16_TIGR01316:4:376:+	74	12.0	12.0215053763	3.03289667644
scaffold13887_14_TIGR01316:655:1435:+	195	14.0	16.1717948718	8.47522630264
scaffold34500_2_TIGR02214:2:638:-	101	10.0	10.8993710692	3.4744258266
scaffold3834_11_TIGR02214:4:505:+	72	9.0	9.27944111776	3.12253998775
scaffold3834_10_TIGR02214:4:529:+	75	10.0	10.0114503817	3.36118711357
scaffold2626_11_TIGR00914:2821:3979:-	302	16.0	17.4861830743	7.51585996819
scaffold9464_4_TIGR00698:3153:4080:-	214	16.0	15.9676375405	3.09033869214
scaffold9464_7_TIGR02627:1550:2123:-	110	11.0	11.982547993	3.58195630344
scaffold2624_13_TIGR02214:771:1638:-	178	15.0	14.0945790081	4.05843199608
scaffold2624_12_TIGR02214:1279:2377:-	219	14.0	13.631147541	4.03057697828
scaffold2624_14_TIGR02214:2:854:-	171	14.0	14.1091549296	3.23653740952
scaffold455_2_TIGR00741:221:515:-	302	31.0	47.387755102	28.6693438822
scaffold46448_3_TIGR00005:5:722:+	249	17.0	21.220362622	13.4005548869
scaffold44742_1_TIGR00092:122:530:+	108	13.0	15.5098039216	7.23654274788
scaffold4538_20_TIGR02214:13912:15586:+	906	49.0	48.9976105137	9.31424027759
scaffold9902_3_TIGR00005:3051:3807:+	851	70.0	73.7380952381	13.6869836815
scaffold8277_1_TIGR01962:17081:17942:+	1116	100.0	98.3658536585	13.0786842431
scaffold8277_1_TIGR01957:16116:16548:+	560	89.0	88.9490740741	13.378126117
C940116_1_TIGR00914:267:1086:+	766	84.0	85.2967032967	8.04542211264
C932308_1_TIGR00152:534:966:+	106	15.0	16.0185185185	3.79078190283
scaffold424_1_TIGR02195:11657:12683:+	829	51.0	50.4463937622	9.49902794129
scaffold29243_8_TIGR00741:1308:1602:-	79	15.0	14.7210884354	2.22166914308
scaffold9965_5_TIGR00090:306:579:+	55	11.0	11.6373626374	5.14518121621
scaffold35688_1_TIGR00880:843:1260:-	361	51.0	51.6115107914	9.99173096343
scaffold282_5_TIGR00005:10571:11423:+	635	49.0	49.838028169	10.5237071896
scaffold9739_3_TIGR00914:146:2762:-	1248	31.0	32.4331039755	10.6861376163
scaffold13789_6_TIGR00087:541:1228:-	101	10.0	9.99563318777	1.8624407221
scaffold34000_6_TIGR00880:5569:5986:+	157	22.0	22.3405275779	2.98020853081
scaffold13510_4_TIGR00090:3021:3150:-	250	123.0	120.139534884	13.2347581991
scaffold13510_3_TIGR00087:1479:2184:+	740	70.0	70.1205673759	5.85071393753
scaffold12058_1_TIGR00152:5:197:+	58	16.0	16.734375	3.45917644718
scaffold12058_1_TIGR00880:442:670:+	63	16.0	16.6052631579	3.73137108767
scaffold12058_5_TIGR00880:4:301:+	84	15.0	16.8922558923	4.89573173152
scaffold22506_5_TIGR01800:6:564:-	85	9.0	9.86917562724	3.31052676963
scaffold3098_38_TIGR00005:666:1653:+	168	11.0	11.7649442756	3.13095909184
scaffold6798_19_TIGR02627:1:589:-	110	12.0	11.7023809524	2.81785990907
scaffold8209_2_TIGR03992:256:700:-	62	9.0	9.18018018018	3.00884042253
C891934_1_TIGR00092:443:545:+	77	42.0	38.4117647059	19.8224238942
scaffold25310_2_TIGR02214:161:695:+	69	10.0	10.2958801498	2.07140823849
scaffold2055_4_TIGR00698:3:543:+	161	20.0	19.8648148148	4.60819147491
scaffold13781_2_TIGR00092:319:946:+	148	11.0	12.5183413078	8.46896379771
scaffold23885_3_TIGR00741:277:571:-	69	13.0	12.4727891156	4.51802223035
C895462_1_TIGR00342:345:567:-	239	66.0	63.7792792793	9.2430116491
scaffold7826_11_TIGR02712:3:867:+	117	10.0	9.74739281576	2.47137297794
scaffold46858_1_TIGR01800:1173:2049:+	163	12.0	12.5605022831	2.86846206765
scaffold15376_6_TIGR03992:2232:2958:-	195	16.0	18.0399449036	7.32611480416
scaffold119_1_TIGR03992:1617:2214:-	163	27.0	27.7102177554	4.53330642266
scaffold32086_2_TIGR01800:4:523:+	87	11.0	11.7225433526	4.59287507245
scaffold14250_3_2_TIGR00090:2912:3074:+	49	16.0	17.2732919255	4.65050264783
scaffold5221_23_TIGR00090:2:149:-	34	14.0	13.231292517	3.72720833907
scaffold26915_5_TIGR02627:5546:6926:-	461	19.0	23.4391304348	15.8705790822
scaffold4721_2_TIGR00698:1964:2963:-	191	12.0	12.7887887888	3.58821818514
scaffold13_2_TIGR00741:756:1050:+	535	99.0	99.5714285714	12.4334965611
scaffold32589_12_TIGR02195:6863:7835:-	235	18.0	18.6748971193	3.51675406388
scaffold25_5_TIGR02195:3709:4693:-	843	56.0	56.325203252	7.34763491062
scaffold3306_19_TIGR00005:1:373:-	62	10.0	10.7365591398	3.01794934815
scaffold32987_1_TIGR00092:39:1137:-	477	28.0	28.9234972678	5.28647221668
scaffold17610_3_TIGR00092:804:1056:-	86	22.0	19.876984127	5.15905218775
scaffold17610_4_1_TIGR00092:1:889:-	295	19.0	20.6801801802	9.94428007821
scaffold27149_2_TIGR00005:4:445:+	448	68.0	65.9614512472	10.322063711
scaffold7007_7_TIGR00090:4124:4418:-	161	28.0	27.8979591837	3.34772680287
scaffold649_9_TIGR00092:4:946:+	608	40.0	40.9957537155	12.8669486818
scaffold28403_11_TIGR00342:4254:5373:+	946	55.0	55.0652368186	9.93536923581
scaffold28403_11_TIGR00880:9279:9693:-	316	46.0	46.7004830918	6.4093191329
scaffold46938_1_TIGR00741:5364:5670:-	146	33.0	32.1437908497	5.39113081939
scaffold35547_3_TIGR00914:3:1173:+	164	10.0	9.81282051282	2.67818150006
scaffold35547_1_TIGR00914:180:582:+	57	9.0	8.66417910448	2.39384792922
scaffold24717_3_TIGR02627:3:1233:-	242	13.0	13.5731707317	3.39450951162
scaffold41983_7_TIGR03992:499:1279:-	167	14.0	14.2717948718	3.12319270553
scaffold43806_2_TIGR03992:242:1013:+	153	14.0	13.7535667964	3.21498955452
scaffold44072_3_TIGR00880:3:399:+	54	9.0	8.21717171717	2.05561760014
scaffold4823_3_TIGR00090:5:137:+	39	14.0	13.5454545455	3.19175936181
scaffold15123_6_TIGR00698:1062:1407:+	52	9.0	9.34202898551	1.69367157957
scaffold3762_7_TIGR00741:1389:1683:-	78	14.0	14.8095238095	3.28950781698
scaffold395_5_TIGR03992:3:420:+	73	12.0	11.551558753	3.37686496543
scaffold45203_2_TIGR01800:386:791:-	73	11.0	11.350617284	2.5172061456
scaffold9066_4_TIGR00342:5:455:+	102	15.0	14.2977777778	3.72740534652
scaffold9066_2_TIGR00342:719:1241:+	134	22.0	22.3103448276	5.07901628217
scaffold335_1_TIGR00090:63:357:+	364	107.0	105.870748299	7.62181983094
scaffold13914_10_TIGR00152:630:945:-	66	11.0	11.5206349206	3.61329813417
scaffold412_12_TIGR00087:1981:2674:+	440	40.0	39.9437229437	6.66935067127
scaffold15984_5_TIGR00342:558:894:+	81	12.0	12.9345238095	4.93968367137
scaffold1230_2_TIGR00741:113:371:-	43	8.0	9.57364341085	3.84944412336
scaffold17616_4_TIGR02627:1253:2612:-	1162	57.0	56.7924944812	8.9866012373
scaffold10488_2_TIGR00092:376:1486:-	487	31.0	31.7846846847	7.38964088898
scaffold3387_2_TIGR01316:197:1532:-	1032	56.0	57.0883895131	8.48826332416
scaffold3387_3_TIGR00914:36792:39846:-	2219	72.0	72.5049115914	9.56454354533
scaffold2657_2_TIGR00698:51:1050:+	209	14.0	14.1051051051	2.62160958206
scaffold33936_3_TIGR01316:8777:10016:+	412	22.0	23.98062954	12.2482900623
scaffold7688_4_TIGR00914:491:1199:+	173	8.0	14.4632768362	17.0321250635
scaffold7688_5_TIGR00914:391:766:+	92	10.0	12.6293333333	6.17683356493
scaffold13756_1_TIGR00880:87:501:-	81	12.0	12.0893719807	2.15559783379
scaffold649_8_TIGR00092:2539:2692:+	163	76.0	65.2810457516	24.2129597223
scaffold47885_1_TIGR03992:5006:5765:-	346	31.0	30.5559947299	6.86912956688
C922596_1_TIGR02214:354:807:-	262	36.0	36.1456953642	4.92692384763
scaffold34605_2_TIGR01800:2569:2944:-	456	79.0	79.576	11.0058873942
scaffold4773_4_TIGR02712:10424:11420:+	425	29.0	28.5953815261	3.78964171027
scaffold34218_4_TIGR02214:775:2236:+	562	25.0	26.2737850787	10.5471298446
C933674_1_TIGR00698:206:995:-	284	25.0	24.2129277567	5.1221119269
scaffold14099_4_TIGR03992:7324:7900:-	435	83.0	83.2065972222	6.85621359133
scaffold2477_5_TIGR00005:1085:1967:+	178	13.0	13.7128263337	5.64925889512
scaffold220_11_TIGR02627:4335:5277:+	246	17.0	17.2292993631	3.57279044565
C916088_1_TIGR00005:97:508:-	202	25.0	27.4306569343	8.20669326893
scaffold2352_6_TIGR00005:4:529:+	141	11.0	15.4571428571	17.1734172052
scaffold6725_2_TIGR00152:9454:10006:-	387	45.0	45.2101449275	5.30409043487
scaffold4926_8_TIGR01962:2508:3198:+	402	39.0	39.0362844702	9.7398745673
scaffold13789_2_TIGR00090:5:302:+	112	11.0	19.6666666667	18.9128784086
scaffold2462_3_TIGR00152:4382:4949:-	431	52.0	51.9171075838	7.7717781913
scaffold2462_1_TIGR00698:25892:26837:-	806	66.0	68.1396825397	12.9810428285
scaffold3372_19_TIGR01316:2465:3686:-	335	17.0	18.1425061425	7.23781157572
scaffold3372_12_TIGR02712:1739:2837:+	276	14.0	15.1347905282	5.86583847559
scaffold6554_1_TIGR01962:542:1109:+	477	58.0	56.4232804233	9.22599011749
scaffold6554_2_TIGR01962:5:257:+	217	73.0	71.8253968254	9.08214659358
scaffold714_2_TIGR00005:15294:16098:-	487	40.0	40.2885572139	8.53563314826
scaffold18085_3_TIGR00005:4:424:+	46	7.0	6.8880952381	1.82296231721
scaffold7069_16_TIGR01800:581:824:-	174	34.0	35.7037037037	23.6803704602
scaffold3424_3_TIGR02214:301:553:+	29	7.0	7.55952380952	2.94668709785
scaffold45668_6_TIGR00090:277:571:+	67	13.0	13.3979591837	2.94070585695
scaffold4152_7_TIGR00087:7530:8229:-	207	19.0	19.2489270386	3.06456201383
scaffold7498_4_TIGR00092:63:744:+	102	9.0	10.0852941176	2.92078075309
scaffold2703_1_1_TIGR00741:19723:20017:-	155	66.0	66.6870748299	5.05991680861
scaffold22870_2_TIGR02214:3:1050:-	164	9.0	10.1652340019	4.59001184186
scaffold12137_38_TIGR00880:9139:9559:+	214	59.5	59.5666666667	4.90750963256
scaffold42533_1_TIGR00087:12:543:+	484	59.0	57.5404896422	8.79413854962
scaffold27024_4_TIGR00342:5:563:+	137	12.0	14.9318996416	7.68644155943
scaffold20206_2_TIGR00090:2289:2583:-	49	10.0	9.90476190476	2.53098709827
scaffold287_12_TIGR01316:2:680:-	143	14.0	14.0471976401	4.35796657603
scaffold287_11_TIGR01316:4765:5110:-	65	12.0	12.6550724638	2.80576715758
scaffold3306_40_TIGR02214:273:1605:-	183	9.0	9.21246246246	2.50478118228
scaffold3306_45_TIGR00092:800:1439:-	125	13.0	12.7902973396	3.64588645161
scaffold6759_13_TIGR00880:891:1308:-	239	34.0	34.8992805755	7.80514645814
scaffold10181_13_TIGR02214:206:1682:+	259	11.0	12.0277777778	6.50150394896
scaffold9512_14_TIGR03992:3924:4452:-	244	29.0	29.9583333333	11.0743940368
scaffold21103_1_TIGR00880:2161:2566:+	106	16.0	16.550617284	3.46275147348
scaffold1474_1_TIGR00005:36:699:+	113	11.0	11.1945701357	3.36423843239
scaffold16897_3_TIGR02214:4:334:-	89	16.0	15.9151515152	4.05702691651
scaffold4926_9_TIGR01957:1067:1445:+	235	58.0	57.4603174603	8.14451234763
scaffold20846_1_TIGR00005:105:567:-	312	67.0	68.7424242424	12.9297425912
scaffold14112_1_TIGR00741:322:625:-	102	21.0	20.0495049505	5.25214318214
scaffold14348_1_TIGR00741:346:643:+	178	37.0	35.468013468	5.15286397694
scaffold30631_1_TIGR00342:5:455:-	61	8.0	8.14888888889	2.7924598652
scaffold5443_6_TIGR01800:357:960:+	179	17.0	18.6484245439	6.40577398165
scaffold7452_17_TIGR01962:682:916:-	52	19.0	17.8504273504	2.90869971042
scaffold7452_18_TIGR01957:1051:1207:-	22	9.0	9.23076923077	1.92768678248
scaffold7452_18_TIGR01962:2:632:-	98	12.0	12.5428571429	2.8369284914
scaffold1167_4_TIGR00005:4:802:+	94	8.0	7.99749373434	2.36515933523
scaffold44419_1_TIGR02214:3:1221:-	963	52.5	52.7832512315	11.3438849627
scaffold750_7_TIGR00880:1130:1547:-	232	36.0	36.1175059952	9.35821138886
scaffold47913_2_TIGR00005:1626:2463:+	209	17.0	16.7001194743	3.88480020414
scaffold11358_6_TIGR00152:96:660:+	98	11.0	11.0035460993	2.54254329998
scaffold15077_6_TIGR01316:1954:2254:-	50	10.0	9.41333333333	2.77413449966
scaffold15077_8_TIGR01316:1:742:-	141	13.0	13.0188933873	4.03054054377
scaffold22766_5_TIGR01316:4:238:+	36	9.0	9.42307692308	2.24476159872
scaffold22766_4_TIGR01316:229:1270:+	168	10.0	10.9971181556	4.89986093967
scaffold4052_1_TIGR00880:2175:2595:+	276	88.0	86.3857142857	7.07771726142
scaffold12147_3_TIGR02214:193:574:-	114	19.0	18.3989501312	4.01681491326
scaffold47593_1_TIGR00005:2074:2311:-	45	13.0	11.8734177215	4.69949388228
scaffold47593_3_TIGR00005:6:315:-	68	19.0	18.5404530744	3.7133295872
C915948_1_TIGR00092:523:730:+	244	60.0	63.7246376812	20.0801900057
scaffold5627_1_TIGR02252:21971:22574:+	556	89.0	89.7313432836	4.76799682445
scaffold10254_10_TIGR00005:391:577:-	34	16.0	16.1827956989	4.86251016321
scaffold24426_3_TIGR00090:338:632:-	65	13.0	13.0680272109	1.6929620781
scaffold36662_2_TIGR01316:22363:23662:-	328	18.0	17.6905311778	4.36512823655
scaffold36662_2_TIGR02214:28846:30577:-	472	19.0	19.0716348931	5.36679551427
scaffold3834_3_TIGR00092:170:539:-	113	16.0	20.6775067751	11.5864399889
scaffold3834_7_TIGR02214:537:2295:+	235	10.0	9.57906712173	2.79163687554
scaffold22737_6_TIGR03992:3180:3603:-	94	13.0	13.938534279	4.07100161096
scaffold3510_4_TIGR00005:3:363:+	57	9.0	10.4305555556	3.27034821833
scaffold3510_3_TIGR00005:343:619:+	42	9.0	8.98188405797	2.35515886129
scaffold21154_5_TIGR00092:3042:4140:-	342	14.0	18.325136612	14.5534291751
scaffold17406_3_TIGR02214:3:1878:+	2530	117.0	116.194666667	16.4390420916
scaffold7666_6_TIGR00092:2530:3625:+	330	22.0	23.0191780822	6.82706119947
scaffold7666_6_TIGR02214:5927:7748:+	440	21.0	20.5584843493	3.49841271113
scaffold15054_3_TIGR02214:387:564:-	20	8.0	7.55367231638	2.34308709517
scaffold30760_1_TIGR01316:114:927:+	122	11.0	12.9311193112	5.90662715774
scaffold3623_17_TIGR00005:5:551:-	88	28.0	28.8534798535	4.22236292809
scaffold13240_12_2_TIGR00880:4207:4624:+	121	19.0	18.9136690647	3.56673012102
scaffold13833_6_TIGR00005:9900:10830:-	625	43.0	43.4849462366	6.22570885952
scaffold13833_4_TIGR00090:14975:15269:-	261	52.0	52.6632653061	4.21838511889
scaffold13833_4_TIGR00005:6563:7442:+	524	39.0	40.4903299204	5.18724126148
scaffold13833_8_TIGR00152:33242:33809:-	441	55.0	54.6560846561	5.44427218839
scaffold13701_3_TIGR02214:19:415:-	54	9.0	8.97222222222	2.16998257013
scaffold12862_9_TIGR03992:1635:2166:-	88	10.0	10.5009416196	3.10662663622
scaffold292_1_TIGR02627:1:457:-	239	42.0	43.4495614035	7.25368023838
scaffold99_1_TIGR00914:1017:4095:-	3566	85.0	82.4597141001	12.5376950094
scaffold48_17_TIGR00914:23580:24594:-	577	38.0	37.3412228797	6.58265134287
scaffold25088_3_TIGR00005:35793:36414:-	180	18.0	19.0563607085	5.28191204083
scaffold9452_3_TIGR01800:4558:5731:-	292	25.0	24.2463768116	3.95087018175
scaffold260_1_TIGR00914:14298:17394:+	2899	84.0	84.6337209302	12.2325211422
scaffold27409_1_TIGR00005:2:305:-	31	6.0	6.30363036304	2.19214469678
scaffold5281_11_TIGR02627:3:558:-	110	14.0	13.7387387387	5.8072829573
scaffold1167_11_TIGR00880:2:416:-	70	12.0	11.4082125604	1.51004053221
scaffold24226_2_TIGR01316:2187:3522:+	420	17.0	18.8104868914	9.11717534546
scaffold13861_4_TIGR02627:89:491:-	66	12.0	12.2487562189	3.31629640353
scaffold1376_1_TIGR00092:1373:2468:+	303	13.0	15.5716894977	7.9968100018
scaffold4107_11_TIGR01957:17191:17626:-	303	46.0	43.5793103448	7.88072197421
scaffold4107_11_TIGR01962:15176:16334:-	605	33.0	33.1131260794	5.46966674521
scaffold3996_4_TIGR01981:197:1013:+	103	8.0	8.41666666667	2.44205728656
scaffold33280_2_TIGR00698:1354:2125:-	139	12.0	12.0116731518	2.63639471567
scaffold40234_1_TIGR02627:3:711:-	193	19.0	18.4774011299	3.06304711891
scaffold47789_1_TIGR00880:19977:20394:-	133	77.0	77.9544364508	4.20406742998
scaffold47789_1_TIGR00914:16190:19256:+	821	77.0	78.0329419439	4.59940127927
scaffold3190_3_TIGR00914:7254:10401:+	3810	83.0	84.2446774706	14.6001640861
scaffold9844_4_TIGR00092:11104:12190:+	629	38.0	38.8425414365	8.27397318192
scaffold9844_4_TIGR00548:4191:4794:+	364	36.0	37.3001658375	7.55484863841
scaffold30366_4_TIGR01316:695:1925:+	485	27.0	26.9073170732	6.29643299112
scaffold4560_21_TIGR02214:700:1096:-	68	13.0	12.3838383838	1.98838582677
scaffold7036_8_TIGR01316:1378:2479:-	207	11.0	12.2470481381	6.46227105866
scaffold4861_1_TIGR00342:801:1062:+	28	7.0	7.20384615385	2.18930631255
scaffold8308_8_TIGR02214:2528:4124:-	279	13.0	12.0307017544	3.07890140202
scaffold14445_1_TIGR02214:174:573:+	50	8.0	7.42355889724	3.96014560958
C933258_1_TIGR00005:224:887:+	376	60.0	59.1779788839	6.22007144863
scaffold34043_2_TIGR00741:528:720:+	151	11.0	27.9166666667	31.9785626979
scaffold22471_5_TIGR00005:7368:8031:-	191	18.0	18.1990950226	3.47143470478
scaffold44878_1_TIGR02627:3:717:-	491	44.0	43.6288515406	6.70764496093
scaffold7480_1_TIGR01981:10508:11336:+	304	27.0	28.4903381643	9.95733184008
scaffold2855_12_TIGR01316:481:1390:-	152	10.0	11.3245324532	4.91839488855
scaffold7635_8_TIGR00005:1403:1919:+	76	8.0	8.57945736434	2.48395714866
scaffold29249_1_TIGR02214:3:1155:-	753	43.0	45.3628472222	9.84561070867
scaffold58_1_TIGR00092:3730:4828:-	1734	100.0	105.239526412	21.3412298516
scaffold47474_3_TIGR00152:3:390:+	55	10.0	9.55297157623	1.86333040915
scaffold2293_3_TIGR00005:617:1469:-	159	11.0	12.3485915493	3.690087647
scaffold42029_2_TIGR00914:1502:3665:+	853	23.0	25.4308830328	9.36890759386
scaffold25948_1_TIGR02627:248:1097:+	162	12.0	12.5618374558	4.32907331605
scaffold9555_12_TIGR00914:644:1523:-	116	9.0	9.56427758817	3.31235462965
scaffold38982_1_TIGR00005:1249:2104:-	473	37.0	36.6444444444	4.71825013543
scaffold4803_2_TIGR01800:789:1989:-	286	13.0	14.5375	9.9422630095
scaffold26472_2_TIGR00005:1140:2019:-	119	9.0	9.29237770193	2.71050266961
scaffold25439_14_TIGR00342:282:1401:+	334	16.0	18.5603217158	8.71296212102
scaffold10748_6_TIGR00741:4:199:+	84	25.0	27.1435897436	10.1562105509
scaffold7036_9_TIGR01316:1:163:-	24	11.5	11.4012345679	2.35822667353
scaffold131_17_TIGR00005:1619:2069:-	106	17.0	16.2911111111	3.85367485351
scaffold303_1_TIGR00880:1015:1432:-	660	104.0	102.021582734	14.5820103481
scaffold9724_4_TIGR00880:439:859:-	110	12.0	15.1428571429	7.45613019944
scaffold480_3_TIGR00880:3509:3932:-	219	28.0	29.3924349882	5.10060854664
scaffold480_1_TIGR00880:11435:11852:-	286	39.0	42.2613908873	10.5196525452
scaffold32398_4_TIGR03992:103:517:-	74	12.0	12.0893719807	2.52508824006
scaffold26384_3_TIGR01962:21577:22438:+	248	18.0	18.2380952381	4.99990597777
scaffold26384_3_TIGR01957:20617:21049:+	331	42.0	42.4606481481	25.3470052206
scaffold3345_3_TIGR02214:159:1578:-	306	14.0	15.0465116279	4.71610754268
scaffold47466_1_TIGR00005:1906:2731:+	153	37.0	37.5175757576	2.38378236538
scaffold23167_5_TIGR03992:13:358:-	38	6.0	6.71304347826	4.44828294649
scaffold19267_1_TIGR00005:3281:3515:-	187	47.0	46.0128205128	4.04829896665
scaffold788_2_TIGR01800:8301:9522:-	1483	103.0	102.290745291	10.0828584203
scaffold788_2_TIGR00741:1678:1972:-	390	97.0	98.112244898	6.21258759458
scaffold3827_5_TIGR01316:2:359:-	73	11.0	11.5294117647	4.88378703922
scaffold2733_2_TIGR00880:635:1001:-	60	9.0	10.0601092896	2.89934870943
scaffold31863_1_TIGR00741:2739:2919:-	79	24.0	24.35	4.2823604602
scaffold39738_3_TIGR00005:6:708:-	217	19.0	19.0911680912	4.76486506539
scaffold41599_2_TIGR02214:4:661:+	70	8.0	7.80182926829	2.51769282113
scaffold480_10_TIGR00005:2376:3168:+	470	36.0	37.4835858586	11.4193364837
scaffold21771_4_1_TIGR00914:2149:4669:+	731	20.0	20.0138888889	3.81904759843
scaffold12147_5_TIGR02214:11:1106:-	406	24.0	25.2347031963	8.71238457618
scaffold195_2_TIGR00005:2151:3027:-	440	33.0	33.5011415525	4.63988550609
scaffold45189_2_TIGR00005:3:369:-	35	7.0	6.38797814208	1.9772663581
scaffold23920_1_TIGR01800:203:482:+	55	10.0	11.0537634409	4.67211415861
scaffold554_22_TIGR00005:1184:1625:+	95	14.0	14.3015873016	3.9448835628
scaffold31145_1_TIGR03131:1:490:-	171	22.0	22.163599182	3.9441168078
scaffold2271_1_TIGR00087:869:1577:-	77	8.0	7.4406779661	2.38062698697
scaffold414_2_TIGR01981:2191:3019:-	1289	103.0	105.106280193	14.5745894011
scaffold36587_2_TIGR03992:4156:4540:+	350	56.0	54.9921875	5.63309060802
scaffold9512_8_TIGR03992:19835:20282:-	178	25.0	24.9530201342	4.56717532304
scaffold39706_1_TIGR00342:1:526:-	62	8.0	8.16571428571	1.61338618005
scaffold15376_7_TIGR03992:1031:1358:-	93	14.0	16.6055045872	7.66582433049
scaffold1828_4_TIGR00342:2168:2438:+	76	16.0	15.3259259259	3.86404054428
scaffold11039_4_TIGR03992:87:534:+	73	10.0	9.75615212528	2.25768416006
scaffold37828_8_TIGR01316:206:530:-	27	5.0	5.34567901235	1.46068218315
scaffold23315_4_TIGR00005:550:1309:+	122	10.0	10.9407114625	3.50048594703
scaffold23315_2_TIGR02627:1:928:-	137	11.0	10.6170442287	2.67415023981
scaffold33837_3_TIGR00092:1394:1763:-	152	18.0	24.7371273713	18.0518300279
scaffold47840_4_TIGR02195:5:773:+	130	12.0	11.9583333333	2.54865841615
C909238_1_TIGR00092:5:665:+	121	12.0	12.1896813354	3.6009798517
scaffold1796_7_TIGR00005:366:633:-	87	19.0	19.0973782772	5.03971796547
scaffold40734_1_TIGR00342:738:1533:+	322	23.0	26.0830188679	11.4709653026
scaffold9604_4_TIGR01962:3:483:-	88	12.0	11.9020833333	3.11528420208
scaffold9604_6_TIGR01957:1:277:-	56	13.0	12.2427536232	2.21059332586
scaffold41270_2_TIGR01316:3:1143:-	266	16.0	15.9438596491	3.41724304307
scaffold100_7_TIGR01800:335:1556:+	326	27.0	27.1769041769	4.92430738199
scaffold28403_5_TIGR00880:13627:14044:+	379	58.0	55.0407673861	12.8270460435
scaffold37495_4_TIGR01316:4716:6045:+	476	25.0	24.2972159518	3.95265430711
scaffold933_28_TIGR01316:1197:2178:-	236	16.0	15.8409785933	4.3071654804
scaffold121_6_TIGR00152:10874:11435:-	430	46.0	47.183600713	9.81432700117
scaffold531_8_TIGR00741:5687:5981:-	139	30.5	27.5578231293	9.01821984312
scaffold21690_2_TIGR00005:2:272:-	37	9.0	8.7037037037	1.8721114009
scaffold1928_6_TIGR01800:2471:3695:-	365	19.0	20.0008169935	5.36350223224
scaffold13611_1_TIGR00880:6178:6595:-	240	32.0	31.8896882494	7.51607799587
scaffold13611_7_TIGR00880:1:394:-	179	24.0	27.2162849873	9.30875750846
scaffold993_2_TIGR00005:169:1069:-	628	48.5	53.2433333333	14.0684718431
scaffold993_2_TIGR00741:2249:2543:+	283	62.0	62.6836734694	4.91823679506
scaffold6350_9_TIGR02712:5:200:+	54	16.0	16.8820512821	4.65765825363
scaffold326_1_TIGR00914:133:2527:-	1038	37.0	36.7589807853	5.30269756515
scaffold2210_2_TIGR01981:219:774:-	80	8.0	9.79099099099	3.81739851867
scaffold933_20_TIGR02214:4292:6170:-	420	16.0	15.5431309904	3.50338391032
scaffold9927_17_TIGR01316:1317:2496:+	302	17.0	17.8006785411	5.79565508465
scaffold711_1_TIGR00342:8922:10047:-	277	47.0	46.9564444444	4.55317869701
scaffold37769_1_TIGR02195:82:937:-	718	56.0	52.950877193	18.8845658334
scaffold40855_10_TIGR00005:988:1864:+	203	16.0	15.4908675799	5.05663438486
scaffold40855_13_TIGR00090:2473:2767:-	75	14.0	14.731292517	2.56863082513
scaffold26568_2_TIGR00342:13910:15032:+	726	52.0	50.2878787879	8.40380267629
scaffold5837_5_TIGR00914:8:548:-	73	9.0	9.46666666667	2.60498098379
scaffold121_5_TIGR02214:12035:13721:+	1419	58.0	57.8386714116	11.9818496242
scaffold121_1_TIGR00005:20858:21212:-	243	42.0	42.4096045198	10.0301251527
scaffold32828_1_TIGR00342:3:702:+	286	27.0	26.2117310443	7.58081531294
scaffold38187_3_TIGR01800:4:580:+	171	20.0	19.6649305556	5.03190025081
scaffold5582_3_TIGR00342:213:981:+	128	11.0	11.4132985658	4.06722909156
scaffold19257_1_TIGR01316:8000:9227:+	357	19.0	19.2485737571	3.87258192862
scaffold5890_1_TIGR00090:493:787:-	150	34.0	34.3503401361	10.1084114913
scaffold14256_2_TIGR02627:4:169:+	71	35.0	36.096969697	6.57011068808
scaffold408_4_TIGR00090:2526:2820:+	255	49.0	47.3639455782	8.68066461591
scaffold25420_9_TIGR00698:3:573:+	344	37.0	38.9228070175	7.63769547185
scaffold25420_8_TIGR00698:7296:7695:+	219	32.0	34.022556391	9.39295275111
scaffold8602_6_TIGR01981:472:1102:+	81	8.0	8.22380952381	2.62873101655
scaffold16123_4_TIGR01800:2:521:-	175	12.0	19.5684007707	16.6422936492
scaffold7007_10_TIGR00152:3044:3605:-	328	36.0	38.0392156863	11.7112570779
scaffold38201_3_TIGR00092:1964:3062:-	350	20.0	20.8588342441	5.449479789
scaffold4721_21_TIGR01962:4446:5298:-	194	16.0	15.2089201878	2.7926824667
scaffold4721_21_TIGR00342:9932:10862:-	186	14.0	13.9430107527	3.44386310499
scaffold35492_1_TIGR01800:784:1108:+	58	10.0	10.4938271605	1.94919075826
scaffold23554_3_TIGR00698:508:1495:-	595	36.0	39.5400202634	9.96778850597
scaffold2058_7_TIGR01981:5:689:+	201	13.5	17.2222222222	14.1442145211
scaffold6621_5_TIGR03992:28463:28898:+	312	60.0	59.3655172414	6.82404180611
scaffold34573_1_TIGR01316:5693:7028:-	1044	52.0	52.5228464419	8.33785883936
scaffold27268_1_TIGR00005:1434:2100:+	775	94.0	93.1066066066	11.5361704922
scaffold22299_7_TIGR00005:526:1180:-	265	24.0	27.2048929664	10.0921249117
scaffold21593_1_TIGR00005:1672:1936:+	45	9.0	9.92395437262	4.51464835421
scaffold21593_2_TIGR00005:102:534:+	92	10.0	12.8263888889	5.77109238622
scaffold1931_4_TIGR00005:3870:4236:-	60	9.0	9.87431693989	4.3262505944
scaffold39691_1_TIGR00152:108:672:-	108	12.0	12.8138297872	2.86624155505
scaffold18321_2_TIGR01316:2:329:-	45	8.0	9.09174311927	3.87702702489
scaffold16580_4_TIGR01316:183:1017:-	169	10.0	12.9664268585	8.88030315446
scaffold128_4_TIGR01316:2405:3173:-	787	71.0	68.3971354167	16.7185601118
scaffold7643_1_TIGR00092:26162:27257:+	885	54.0	54.0082191781	8.68815001654
scaffold7643_1_TIGR02214:29724:31569:+	1360	52.0	51.5468834688	6.81744910054
scaffold7643_3_TIGR01316:18155:19412:+	838	57.0	59.2052505967	10.9483144355
scaffold7643_8_TIGR03992:23217:23808:+	420	45.0	45.5600676819	6.36929202308
scaffold42525_1_TIGR02195:3:600:-	565	63.0	63.1993299832	10.5853221386
scaffold4823_6_TIGR00005:1536:2415:-	196	15.0	14.7895335609	4.24050350499
scaffold16538_1_TIGR00880:386:809:+	63	9.0	9.24822695035	2.2381477536
scaffold121_2_TIGR00005:1:379:-	258	43.0	43.2486772487	8.77113838796
scaffold412_6_TIGR00005:12202:12916:+	463	38.0	38.4467787115	6.34561071431
scaffold43448_1_TIGR00005:5:608:+	174	20.0	19.8955223881	3.89591313494
scaffold40864_5_TIGR01981:6817:7651:+	256	21.0	20.3705035971	3.39461316608
scaffold18451_1_TIGR00342:9:417:-	153	15.0	20.6078431373	12.301886403
scaffold5516_9_TIGR01316:895:1285:-	73	10.0	11.7974358974	5.33805818817
scaffold51_6_TIGR00741:7:289:-	331	68.0	69.8191489362	9.50471637232
scaffold33966_1_TIGR02214:5:1703:+	421	17.0	17.4416961131	4.47968374988
scaffold24048_3_TIGR03992:5486:6059:+	945	102.0	103.602094241	12.7989744822
scaffold27046_1_TIGR01800:784:2005:-	236	13.0	12.9713349713	3.59018553927
scaffold740_2_TIGR00152:13524:14094:+	132	17.0	17.8561403509	3.14731952474
scaffold38778_2_TIGR00914:816:2958:-	1138	58.0	58.2544351074	5.90274164672
scaffold9673_13_TIGR00914:1:622:-	249	15.0	23.2061191626	16.6946439938
scaffold3950_4_TIGR01800:369:1296:+	213	20.0	20.4746494067	4.94076609901
scaffold3950_5_TIGR01800:7:295:+	71	15.0	15.6041666667	5.47179478731
scaffold18761_2_TIGR00087:4082:4793:-	312	28.0	28.5344585091	6.14921189953
scaffold10880_9_TIGR00880:1364:1781:-	75	11.0	11.4652278177	2.25142949706
scaffold7265_3_TIGR00005:1548:1788:+	115	17.0	26.95	19.4920282851
scaffold3899_1_TIGR01800:283:1501:+	1568	179.0	179.94909688	10.8716517223
scaffold11250_7_TIGR00092:1818:2793:-	707	59.0	58.8184615385	7.16078119877
scaffold4348_2_TIGR00005:952:1246:+	81	24.0	23.2074829932	5.33832999486
scaffold1345_9_TIGR00880:27799:28216:+	151	25.0	25.7673860911	4.59757950363
scaffold13859_7_TIGR00005:157:802:+	98	10.0	10.3860465116	3.4825978049
scaffold37206_1_TIGR01981:13001:13832:-	596	48.0	48.3309265945	6.4725650014
scaffold2356_15_TIGR00152:5:419:+	53	7.0	8.28260869565	2.59781345377
scaffold15616_1_TIGR00005:168:594:-	134	18.0	19.1267605634	5.31565915283
scaffold26293_3_TIGR00005:4:367:+	309	48.0	47.0578512397	13.5003096714
scaffold31716_2_TIGR00005:157:871:+	168	15.0	16.2619047619	5.4930595131
scaffold33243_1_TIGR02214:366:2310:+	745	27.0	26.7304526749	5.69793286111
scaffold3098_14_TIGR00152:5:419:+	107	18.0	17.2101449275	3.53748641325
scaffold17642_3_TIGR00005:270:1071:-	215	12.0	16.6866416979	10.9872441683
scaffold280_39_TIGR01981:2913:3678:-	168	15.0	15.1346405229	3.13719662255
scaffold47500_1_TIGR00092:3:297:-	229	40.0	43.1598639456	14.2128482636
scaffold24544_1_TIGR00090:348:642:-	154	35.0	35.0918367347	9.75630276105
scaffold35910_7_TIGR01981:283:895:-	110	11.0	11.6748366013	5.07336574731
scaffold3785_5_TIGR01800:1:844:-	181	10.0	12.0604982206	9.45463756679
scaffold19275_7_TIGR00092:5:572:+	78	9.0	9.10052910053	3.16040032773
scaffold46149_2_TIGR00005:2:224:-	34	8.0	9.13513513514	2.83156750428
scaffold2217_3_TIGR01316:162:546:-	141	21.0	22.6510416667	8.00020175256
scaffold2217_4_TIGR01316:1:889:-	226	15.0	15.7849099099	5.32162825122
scaffold15566_4_TIGR01800:2172:2991:+	149	11.0	11.3626373626	3.81009787165
scaffold51_13_TIGR03239:6586:7330:+	619	61.0	63.2284946237	8.77627819888
scaffold2701_15_TIGR00087:472:1177:+	145	13.0	13.4368794326	2.67678253322
scaffold24342_4_TIGR00914:14:539:+	73	9.0	9.58857142857	3.31033919383
scaffold3435_19_TIGR00741:1562:1856:+	52	10.0	10.1428571429	2.57010547972
scaffold33_4_TIGR02627:940:2317:+	1567	75.0	76.8039215686	13.1941829028
scaffold17142_8_TIGR00090:846:963:-	22	11.0	10.7948717949	3.10923208025
scaffold9844_13_TIGR00005:3666:4353:-	408	35.0	35.8020378457	10.1975449529
scaffold4066_3_TIGR00005:1287:1977:-	146	23.0	22.6434782609	3.58788130371
scaffold42610_1_1_TIGR01316:282:591:+	229	43.0	43.0129449838	9.74329878749
scaffold28045_2_TIGR01981:4669:5506:-	336	26.0	26.3452807646	5.13976856084
scaffold28045_2_TIGR00914:11958:15018:-	1404	30.0	30.5352941176	7.34822881677
scaffold47901_2_TIGR03992:36186:36843:-	197	24.0	23.5114155251	4.97148097758
scaffold1684_8_TIGR02214:1707:2442:+	144	11.0	11.8340136054	3.38056664329
scaffold1684_9_TIGR02214:3:1221:+	218	12.0	12.0582922824	3.56120093394
scaffold35153_3_TIGR00092:14663:15761:-	693	36.0	45.4781420765	31.3375763813
scaffold11873_10_TIGR00005:2850:3693:+	353	34.0	34.6963226572	6.66698622605
scaffold2987_10_TIGR00152:216:612:-	99	15.0	16.0833333333	3.81194626712
scaffold24281_1_TIGR01800:2:677:-	185	17.0	17.3362962963	6.26319770899
scaffold24626_2_TIGR01800:6:408:+	80	11.0	11.5771144279	4.69998133074
scaffold1920_4_TIGR01981:2732:3503:-	175	15.0	15.6627756161	4.23167011766
scaffold32027_4_TIGR00005:47810:48674:+	258	20.0	19.8738425926	4.53015217769
scaffold32027_1_TIGR00741:7436:7730:+	128	23.0	25.5544217687	7.70295226814
scaffold3355_1_TIGR00005:9:381:+	31	5.0	5.4623655914	1.4577131876
scaffold1684_26_TIGR00880:306:687:-	86	13.0	13.3517060367	4.01011561843
scaffold42570_1_TIGR00087:12:543:+	495	59.0	59.7966101695	8.3144457026
scaffold25860_3_TIGR01316:470:899:+	92	11.0	13.4941724942	6.27297370793
scaffold33664_6_TIGR01800:6:915:+	135	10.0	10.0275027503	4.33730617975
scaffold9841_3_TIGR03992:442:1117:-	167	17.0	18.1081481481	4.65317178726
scaffold8595_1_TIGR00005:2:689:-	101	11.0	10.6593886463	2.80525005391
scaffold6759_26_TIGR00880:1021:1438:+	248	43.0	44.1007194245	8.16052523704
scaffold29170_5_TIGR00005:2:497:-	130	17.0	16.4181818182	4.7640141727
scaffold27418_3_TIGR01981:912:1362:+	87	11.0	11.1222222222	3.53153343394
scaffold4045_2_TIGR03992:19132:19609:+	174	23.0	23.0209643606	5.21684707555
scaffold47039_1_TIGR01800:3:378:+	479	120.0	121.578666667	10.8622194581
scaffold33174_1_TIGR01800:28794:30012:-	608	28.0	31.9039408867	14.2992232006
scaffold26591_3_TIGR02214:3:288:+	54	13.0	12.0771929825	3.02753547758
scaffold26591_2_TIGR02214:654:1638:+	186	13.0	13.3580874873	3.17447109595
scaffold26591_4_TIGR02214:4:1456:+	241	12.0	11.4276859504	3.29803003067
scaffold22629_1_TIGR00914:3:2154:+	1604	53.0	52.889818689	6.86750773543
scaffold10894_10_TIGR00880:1171:1588:+	82	12.0	11.9568345324	3.06023581072
scaffold2051_23_2_TIGR00090:2391:2691:+	176	21.0	29.7966666667	20.2792666424
scaffold4942_21_TIGR01316:1519:2074:+	91	11.0	10.8324324324	2.30605009838
scaffold84_13_TIGR00698:3041:3986:+	268	13.0	15.6677248677	11.4915964515
scaffold3862_6_TIGR01316:8023:9229:+	288	16.0	16.6384742952	3.61501094603
scaffold46852_2_TIGR03992:4677:5277:-	194	29.0	29.4516666667	4.33062703954
scaffold46852_1_TIGR03992:4553:5033:-	240	28.5	30.45	12.1239088856
scaffold2051_24_TIGR00087:830:1535:-	179	17.0	16.5985815603	4.99011769238
scaffold34565_5_TIGR01316:435:699:+	77	20.0	21.1818181818	5.89275130192
scaffold10490_10_TIGR02627:4:772:-	142	13.0	12.1966145833	4.51434507494
scaffold38415_2_TIGR00342:3468:4587:+	530	32.0	31.5495978552	5.0878780855
scaffold55_16_TIGR00005:928:1741:+	837	71.0	72.4661746617	9.05771570431
C928944_1_TIGR00005:4:700:+	209	19.0	19.2270114943	3.87300786462
scaffold3474_1_TIGR00914:1729:4855:-	2231	72.0	72.5124760077	9.98801286398
scaffold23628_8_TIGR00914:340:553:+	49	13.0	12.0563380282	2.73331381849
scaffold18595_1_TIGR00005:10578:11253:-	659	64.0	63.6933333333	7.85946186076
scaffold34946_3_TIGR02214:2:977:-	350	22.0	24.5394871795	9.63765211027
scaffold10490_9_TIGR02627:11883:12375:-	94	14.0	13.3272357724	5.23207645838
scaffold37034_4_TIGR00152:5:299:+	43	8.0	8.94897959184	2.41891265129
scaffold280_8_TIGR01981:4814:5636:-	191	15.0	15.603406326	3.97325463408
scaffold40638_9_TIGR02252:3058:3664:+	173	14.0	16.8943894389	9.56472142377
scaffold946_2_TIGR00698:10060:11062:+	625	40.0	40.6876247505	8.58044163139
scaffold4721_19_TIGR01957:9048:9471:-	88	13.0	13.3853427896	2.81258112583
scaffold3006_1_TIGR02195:192:1212:-	1522	116.0	115.258823529	14.5079988278
scaffold30970_6_TIGR03992:701:1283:+	113	12.0	12.5240549828	3.95532683368
scaffold34747_1_TIGR01800:1147:1366:-	53	13.0	13.2100456621	2.02984343768
scaffold15698_3_TIGR01800:18583:19798:-	1088	76.0	77.8650205761	11.4655994111
scaffold15698_1_TIGR02627:3671:5039:-	1089	52.0	54.4714912281	12.8683984426
scaffold23628_3_TIGR00914:1514:1793:+	46	10.0	9.71326164875	1.55549774433
scaffold23628_5_TIGR00914:5:1235:+	200	12.0	11.7290480065	3.18876855593
scaffold45115_1_TIGR00914:7769:10922:+	2086	43.0	44.2086901364	10.905421649
scaffold32093_6_TIGR01316:448:664:+	137	36.0	34.1481481481	8.71813224859
scaffold4152_16_TIGR00698:3573:4587:+	325	30.0	30.5088757396	4.5667760952
scaffold20700_1_TIGR00342:4:229:+	66	13.0	14.44	8.90778436101
