scaffold8828_1_TIGR00741:956:1250:+	881	199.5	188.632653061	41.2491321917
scaffold148_5_TIGR00914:817:3313:-	1281	24.0	33.4387019231	36.4637850579
scaffold1132_10_TIGR00342:4:187:+	37	11.0	10.8142076503	3.66767228642
scaffold4182_2_TIGR00880:7219:7636:+	932	138.0	143.745803357	17.5581975195
scaffold33253_2_TIGR00880:364:781:+	198	31.0	33.7074340528	7.97993691555
scaffold15645_1_TIGR00914:8:1016:-	769	43.0	50.1537698413	23.8261137432
scaffold15645_5_TIGR00914:2:680:-	505	94.0	97.7713864307	11.8150424655
scaffold17157_3_TIGR00914:2:734:-	97	8.0	8.75546448087	3.29539091566
scaffold1241_20_TIGR00005:3:336:+	643	144.0	128.666666667	47.9009864669
scaffold6432_5_TIGR02627:3151:4519:+	3246	197.0	199.084795322	22.0602935711
scaffold1198_3_TIGR00914:3:714:-	666	18.0	59.4514767932	68.3985803139
C475813_1_TIGR01800:3:201:+	448	216.0	218.474747475	12.8207088116
scaffold11267_3_TIGR00914:5:539:+	62	8.0	8.11423220974	2.78170583129
scaffold3054_12_TIGR00698:871:1666:-	102	10.0	9.29937106918	2.40668609694
scaffold6293_15_TIGR00914:1:2875:-	635	15.0	15.795059151	5.01460254018
scaffold6293_11_TIGR00090:567:861:+	74	18.0	18.8469387755	2.72061432945
scaffold30972_1_TIGR00914:763:3841:-	6914	151.0	157.544834308	34.4906467761
scaffold4524_42_TIGR02214:5:662:+	152	16.0	16.1615853659	4.2070773615
scaffold4524_40_TIGR02214:1717:2275:+	123	14.0	14.8225806452	3.97064395432
scaffold30675_1_TIGR00005:8100:8781:+	826	109.0	109.883994126	9.88849993865
scaffold6804_3_TIGR01981:2301:3129:-	412	40.0	41.1654589372	6.34574795118
scaffold2028_1_TIGR01316:5:368:-	42	6.0	6.75757575758	2.39298024514
scaffold29282_1_TIGR00914:3604:4870:-	791	42.0	42.6650868878	8.85043339504
scaffold9605_11_TIGR00880:21:432:-	57	9.0	8.74695863747	2.29125264473
scaffold15981_1_TIGR00090:113:413:+	84	11.0	15.5466666667	7.64424547545
scaffold931_25_TIGR01800:309:1464:+	651	17.0	34.761038961	35.7373783823
scaffold79_5_TIGR02214:5:1436:+	585	27.0	32.9266247379	17.9645449325
scaffold21628_1_TIGR02627:19632:21003:+	1827	254.0	258.381473377	27.8198262901
scaffold12282_18_TIGR00698:307:1291:-	145	10.0	9.8262195122	3.77831902451
scaffold3328_8_TIGR00005:1955:2627:-	283	18.0	22.837797619	19.1230865811
scaffold18728_4_TIGR00092:446:1061:-	515	55.0	55.2487804878	22.2179498438
scaffold18728_5_TIGR00092:2:485:-	471	60.0	60.2173913043	22.0544298407
scaffold5794_3_TIGR00880:1913:2330:+	93	13.0	12.8057553957	3.51265822913
scaffold445_3_TIGR00005:1155:2004:-	280	21.0	22.1707891637	6.41297965796
scaffold11701_9_TIGR02627:1725:2385:-	132	14.0	13.7924242424	3.08725682915
scaffold21141_4_TIGR00880:154:538:-	66	10.0	9.96614583333	3.25502812001
scaffold1504_2_TIGR03992:244:778:+	45	5.0	5.27153558052	1.44928455863
scaffold251_4_TIGR00005:2147:2993:-	1270	92.0	94.6548463357	23.7136486801
scaffold251_4_TIGR00880:4:391:+	324	49.0	51.6640826873	12.8185841702
scaffold33252_1_TIGR00880:4232:4646:-	207	78.0	77.652173913	6.14831052625
scaffold22765_3_TIGR00005:1587:2253:+	1405	137.5	137.411411411	19.0556035311
scaffold4770_12_TIGR03992:661:1363:-	104	11.0	11.4558404558	3.70456926112
scaffold12079_2_TIGR00005:217:685:+	222	24.0	28.4252136752	15.3684368577
scaffold12591_23_TIGR00005:1:727:-	135	13.0	12.4269972452	2.71401597619
scaffold15996_2_TIGR01800:2:662:-	525	50.5	53.6409090909	18.1208023542
scaffold15996_1_TIGR01800:232:649:-	301	38.0	43.9952038369	21.1594375998
scaffold7483_9_TIGR02214:78:741:-	180	8.0	17.5957767722	26.1269573567
scaffold33245_3_TIGR00005:5103:6042:-	694	54.0	51.6315228967	9.42706473076
scaffold2436_6_TIGR00090:240:540:+	105	22.0	21.3766666667	5.21997339287
scaffold2436_6_TIGR00087:5811:6516:-	212	20.0	19.580141844	4.52945004502
scaffold10028_10_TIGR02214:2:1436:-	591	15.0	25.1589958159	25.8147264923
scaffold15006_3_TIGR00741:355:649:-	269	37.0	43.9149659864	16.0421292874
scaffold27937_5_TIGR00152:11273:11762:+	266	38.0	36.6393442623	8.71879971226
scaffold29770_2_TIGR01316:3263:4598:-	3093	151.0	157.459925094	34.9409089835
scaffold1318_11_TIGR00914:5:350:+	45	9.0	8.61739130435	2.32908245426
scaffold2274_47_TIGR02627:375:1185:+	150	12.0	12.9271604938	3.63465868949
scaffold4244_18_TIGR01981:874:1168:-	89	20.0	19.0782312925	3.1250581928
scaffold5432_13_TIGR01316:1400:2741:+	290	14.0	14.4966442953	4.4313669841
scaffold33277_1_TIGR00005:7522:8197:+	970	128.0	130.832592593	16.4668953184
scaffold7923_10_TIGR00005:4865:5705:+	229	18.0	18.2547619048	4.9896894827
scaffold32596_1_TIGR00914:3:531:+	95	9.0	11.9128787879	9.98123167009
scaffold507_15_TIGR02627:1:574:-	71	8.0	8.28795811518	3.02735835722
scaffold15551_27_TIGR03992:315:996:+	140	13.0	13.3656387665	3.17292972432
scaffold11701_10_TIGR02627:4:601:-	115	12.0	12.4070351759	3.27522818831
C501968_1_TIGR02214:640:1309:-	1290	193.0	195.64573991	26.2617342371
scaffold7473_1_TIGR00092:917:2015:-	1187	62.0	69.9234972678	26.6591446661
scaffold5672_5_TIGR03992:295:1042:+	176	27.0	27.5140562249	5.21692775687
scaffold27898_6_TIGR03992:24796:25501:-	328	35.0	35.0907801418	10.1621038526
scaffold57_2_TIGR03992:12167:12551:+	737	134.0	134.208333333	10.109727851
scaffold23152_1_TIGR00698:11365:12328:-	1047	101.0	102.645898235	15.2504958399
scaffold23152_1_TIGR00152:17404:17944:-	613	100.0	99.9722222222	9.96759409781
scaffold2857_67_TIGR00914:4:1630:-	296	13.0	12.8610086101	3.92915333999
scaffold25125_4_TIGR00880:1075:1474:+	121	19.0	18.7568922306	5.58224417156
scaffold3283_5_TIGR01962:2:422:-	163	16.0	24.5452380952	17.1924776239
scaffold26135_3_TIGR00005:506:836:-	82	14.0	15.403030303	7.09532431823
scaffold26135_4_TIGR00005:3:438:-	131	13.0	18.583908046	16.7746173437
scaffold7122_8_TIGR02214:5:329:+	52	13.0	14.1913580247	3.15158974311
scaffold226_5_TIGR00005:433:1099:+	298	30.0	29.9159159159	5.23978934016
scaffold10437_8_TIGR00914:343:1492:-	332	20.0	19.9669277633	4.83340775325
scaffold5454_4_TIGR00152:2017:2578:+	105	12.0	11.8538324421	3.15268446863
scaffold23624_3_TIGR00342:28:1063:+	663	53.0	53.8396135266	10.6243442921
scaffold3054_18_TIGR00152:795:1344:-	89	11.0	11.0382513661	3.45941778936
scaffold3891_4_TIGR00914:2296:3310:+	282	19.0	18.6850937808	5.0178895085
scaffold9708_5_TIGR00005:8984:9920:-	648	30.0	42.6805555556	32.2879586144
scaffold18183_4_TIGR01316:2:491:-	200	29.0	28.9877300613	5.29226127546
scaffold18183_3_TIGR01316:204:879:-	231	24.0	22.922962963	5.97773573807
scaffold9964_13_TIGR00880:729:1146:+	97	13.0	13.1726618705	3.39472306868
scaffold11154_27_TIGR00005:926:1358:-	290	16.0	42.4930555556	40.0756801185
scaffold6324_1_TIGR00342:3:795:+	520	44.0	43.6174242424	13.1618268601
scaffold25117_1_TIGR00880:3243:3657:+	952	159.0	162.8647343	20.2131411505
scaffold817_21_TIGR00914:1:775:-	193	27.5	28.15374677	5.40464726508
scaffold817_20_TIGR00914:2:992:-	198	14.0	14.102020202	5.15993657071
scaffold7739_6_TIGR01316:540:963:+	218	12.0	30.0663507109	29.2941505484
scaffold32874_3_TIGR00152:570:1119:-	150	18.0	18.0491803279	5.50834308939
scaffold3174_8_TIGR00005:945:1731:+	290	11.0	20.7468193384	22.937147694
scaffold4756_1_TIGR00880:569:983:-	64	9.0	9.54106280193	2.34922226434
scaffold31045_1_TIGR03992:4138:4843:-	655	178.0	179.896453901	8.96418730794
scaffold2533_5_TIGR00880:3506:3920:-	568	139.0	137.801932367	13.3405558748
scaffold2533_5_TIGR00005:1060:1909:+	1508	171.0	169.575971731	17.7294598162
scaffold1831_4_TIGR00005:701:1367:-	154	16.0	15.8873873874	3.48625659786
scaffold9911_8_TIGR00092:11446:12544:+	2692	153.0	160.862477231	59.5250803095
scaffold4591_1_TIGR01900:129:1200:-	678	77.0	76.2913165266	7.9541818916
scaffold398_1_TIGR00698:1921:2866:+	1382	110.0	109.517460317	16.530041976
scaffold31182_1_TIGR00092:390:618:-	245	63.0	65.3947368421	20.1786400969
scaffold9661_11_TIGR00914:12347:15446:+	741	17.0	16.8422071636	4.47458274118
scaffold26623_3_TIGR01316:9595:10930:+	985	47.0	51.9820224719	19.2211565815
scaffold6037_3_TIGR01962:669:903:-	121	25.0	33.4230769231	16.939196868
scaffold1213_2_TIGR00005:4799:5480:-	196	18.0	18.3524229075	2.89903991961
scaffold14694_4_TIGR00698:4791:5820:+	272	16.0	17.6627793975	6.60697164337
scaffold6468_2_TIGR00092:3:372:+	363	66.0	58.5311653117	26.2511267844
scaffold21078_2_TIGR03992:8083:8818:+	1448	182.0	182.07755102	13.8771372487
scaffold16490_3_TIGR02214:47:722:-	175	30.0	29.8207407407	5.06100701876
scaffold9383_8_TIGR01981:862:1690:-	166	13.0	13.4842995169	4.8592254872
scaffold27305_1_TIGR00152:69:513:-	43	6.0	6.16216216216	1.9453828014
scaffold5862_6_TIGR00914:5:677:+	113	8.0	10.1741071429	5.26650318052
scaffold29_10_TIGR01800:2:671:-	468	28.0	37.2316890882	26.2875637187
scaffold28338_1_TIGR03992:941:1685:+	99	8.0	8.87231182796	3.46582191366
scaffold19761_3_TIGR00005:4:421:+	57	7.0	8.47961630695	4.19777168781
scaffold10940_14_TIGR01800:12:747:-	150	14.0	13.8925170068	4.04372510345
scaffold30112_2_TIGR02214:1387:3232:+	1272	44.0	46.3886178862	11.9927792407
scaffold11517_3_TIGR00342:5:515:+	66	9.0	8.84675834971	2.66611095886
scaffold11517_2_TIGR00342:578:1115:+	97	11.0	11.0837988827	3.52464825834
scaffold33084_1_TIGR00092:1:745:-	443	33.0	37.126344086	25.7103417243
scaffold23247_1_TIGR00005:8:626:-	55	6.0	5.93203883495	2.45448721603
scaffold300_2_TIGR02214:1:871:-	585	43.0	44.4885057471	13.3871350603
C514844_1_TIGR00880:1033:1450:-	978	207.0	207.362110312	12.4058392439
scaffold339_4_TIGR02627:991:2365:-	246	12.0	12.2590975255	3.65803150993
scaffold817_7_TIGR00880:3725:4121:-	74	11.0	11.3939393939	3.54927274331
scaffold173_2_TIGR00005:1631:2294:+	1399	152.0	166.182503771	48.4054787459
scaffold4530_1_TIGR01800:258:516:-	39	18.0	16.8992248062	2.68601015669
scaffold4530_2_TIGR01800:3:936:-	173	12.0	12.4190782422	3.64459993545
scaffold27741_4_TIGR01962:1211:2072:-	2023	127.0	147.955865273	62.1873674285
scaffold27741_4_TIGR01957:2641:3073:-	877	85.0	125.599537037	77.0905209848
scaffold12302_7_TIGR00914:4:277:+	124	24.0	27.7802197802	20.1416970584
scaffold12302_4_TIGR00914:13:664:+	96	9.0	10.089093702	3.65502254554
scaffold12302_3_TIGR00914:4:583:+	204	15.0	24.5380622837	25.8787317864
scaffold25089_6_TIGR00152:3515:4064:-	131	15.0	14.9781420765	4.6634918367
scaffold25089_8_TIGR00090:3920:4220:-	67	13.0	12.2166666667	2.26341678786
scaffold21340_6_TIGR00914:1:982:-	270	12.0	17.0784913354	14.295945697
scaffold21340_5_TIGR00914:399:687:-	24	6.0	5.70138888889	1.61193405706
scaffold9165_14_TIGR02195:1052:2087:+	159	11.0	10.9130434783	3.16077620153
scaffold16952_5_TIGR00914:5:1049:+	169	11.0	11.566091954	3.04884244964
scaffold16952_2_TIGR00914:368:767:+	60	10.0	9.5664160401	3.56535472613
scaffold22291_1_TIGR00005:4234:5086:+	1228	96.0	97.8685446009	13.6915757055
scaffold32491_1_TIGR00741:140:434:-	483	128.0	127.823129252	6.99436185015
scaffold3688_4_TIGR00092:1:694:-	97	10.0	9.8961038961	3.65908690786
scaffold25640_12_TIGR02214:135:2097:+	566	32.0	31.9235474006	5.39417381693
scaffold29131_1_TIGR00005:8002:8662:+	408	94.0	97.1515151515	11.5309102695
scaffold31134_4_TIGR00914:276:627:-	73	11.0	12.8319088319	5.24474574168
scaffold32931_1_TIGR01316:4:556:+	49	6.0	5.97282608696	1.57574021673
scaffold1318_8_TIGR00914:4:1657:+	266	9.0	11.0986085904	8.02683516453
scaffold12470_18_TIGR00880:88:505:+	67	10.0	10.0647482014	2.25861091336
scaffold22538_4_TIGR01800:5:518:+	306	41.0	39.2475633528	13.6875150817
scaffold22538_2_TIGR01800:3541:3991:+	257	37.0	37.2962138085	8.72515289347
scaffold11416_10_TIGR00698:162:1173:+	279	17.0	17.2700296736	5.07970904826
scaffold12736_2_TIGR00152:205:766:-	88	8.0	9.67557932264	6.46875879521
scaffold30178_1_TIGR00005:10620:11289:+	1040	87.0	86.0582959641	52.0627815565
scaffold30178_1_TIGR02627:1192:2560:+	481	18.0	23.0124269006	13.4141407872
scaffold353_48_TIGR00914:4:2104:+	578	19.0	19.3047619048	4.99975963141
scaffold353_49_TIGR00914:6:2055:+	508	17.0	17.402147389	4.97777542633
scaffold353_47_TIGR00914:5741:6713:+	215	15.0	15.6358024691	4.25221729549
scaffold14512_3_TIGR00914:5137:8209:+	1617	37.0	37.3190104167	8.53880865153
scaffold94_6_TIGR00005:9524:10373:-	251	17.0	18.6431095406	10.2455633876
scaffold19260_2_TIGR02214:4:520:+	73	10.0	10.1414728682	3.91347118878
scaffold5600_3_TIGR00914:3:1488:-	166	8.0	7.99528619529	2.84847020238
scaffold5600_4_TIGR00914:3:360:-	58	9.0	9.56862745098	2.83612580833
scaffold9724_9_TIGR00005:2:650:-	115	18.0	18.5092592593	3.76672083795
scaffold29231_1_TIGR03992:9:534:-	941	147.0	145.047619048	15.9805721051
scaffold28836_1_TIGR00090:91:388:-	26	5.0	5.60606060606	1.45748860488
scaffold931_54_TIGR00914:3:2229:-	830	15.0	23.7232704403	29.000027377
scaffold10063_3_TIGR00914:1780:3496:-	1341	63.0	65.3717948718	25.9656712012
scaffold9345_65_TIGR00090:171:471:-	68	13.0	12.9466666667	2.63637798673
scaffold11220_2_TIGR01316:3:660:+	233	10.0	21.7442922374	19.8045641887
scaffold24706_1_TIGR00005:1332:1653:+	137	22.0	25.0747663551	9.27499663828
scaffold28867_1_TIGR00152:28230:28779:+	1003	180.0	181.154826958	13.5054357072
scaffold28867_1_TIGR00698:34257:35220:+	1825	199.0	194.91588785	21.2797269177
scaffold3498_17_TIGR00005:6019:6955:+	298	21.0	21.8568376068	4.74553504041
scaffold33380_1_TIGR03992:6519:7056:+	1262	315.0	315.189944134	28.4607811339
scaffold33380_1_TIGR02195:9314:10298:+	1872	297.0	296.901422764	27.9039700167
scaffold22329_1_TIGR01981:4778:5606:+	1772	143.0	142.264492754	22.8579703138
scaffold22329_3_TIGR02214:2541:4395:-	2761	99.0	102.662891046	26.58452465
scaffold533_6_TIGR00880:6428:6845:+	581	87.0	87.1918465228	8.14388771668
scaffold2982_1_TIGR00342:3:642:-	360	34.0	35.9937402191	10.7522953084
scaffold14324_1_TIGR02627:1308:2685:-	2646	187.0	186.997095134	14.4044188628
scaffold1628_11_TIGR00092:82:1180:+	574	20.0	31.2449908925	22.3370255787
scaffold103_1_TIGR00090:828:1122:-	310	76.0	78.0408163265	11.1927318199
scaffold24377_5_TIGR00092:11499:12597:+	3556	207.0	210.084699454	51.4394007711
scaffold553_4_TIGR00005:408:1353:+	553	36.0	37.7735449735	10.432424963
scaffold2599_3_TIGR00087:7109:7814:-	174	15.0	15.7134751773	3.42666266229
scaffold27337_7_TIGR01316:4:484:+	110	12.0	13.7479166667	6.08866739605
scaffold417_33_TIGR00914:13:2581:-	493	13.0	13.4746884735	3.70075951784
scaffold31161_2_TIGR00914:16454:19595:-	5473	108.0	116.1165234	35.6359576107
scaffold20297_1_TIGR00005:4:265:+	89	18.0	21.3141762452	10.7824601341
scaffold24957_1_TIGR00005:320:590:-	30	7.5	7.35925925926	2.7217585899
scaffold5912_10_TIGR00914:3:2172:-	4480	146.0	145.952973721	29.8880437732
scaffold190_4_TIGR00914:3:624:-	107	10.0	12.1513687601	5.86424128287
scaffold190_6_TIGR00914:2:305:-	59	10.0	11.6732673267	5.62075757592
scaffold10557_7_TIGR02195:163:691:-	95	12.0	11.5587121212	4.42705608888
scaffold27880_3_TIGR03992:12682:13381:-	950	83.0	86.4062947067	17.5784614397
scaffold27880_3_TIGR02252:9215:9818:-	945	103.0	100.595356551	12.9501702863
scaffold26649_4_TIGR00090:231:522:+	73	14.0	14.323024055	3.75157961637
scaffold2582_14_TIGR00092:2:773:-	266	20.0	22.9182879377	10.5108092185
scaffold11701_23_TIGR03992:2760:3330:-	103	29.0	29.9210526316	5.09410518775
scaffold25318_2_TIGR00880:15365:15779:+	252	39.0	38.8816425121	4.59289529134
scaffold33104_2_TIGR03992:13819:14500:-	379	35.0	35.8810572687	6.08956229349
scaffold13985_2_TIGR01800:182:1388:-	953	49.0	52.3416252073	17.8007968036
scaffold8943_2_TIGR01800:2725:3880:+	1463	137.0	136.286580087	15.6900757778
scaffold5070_17_TIGR01316:1341:1854:-	153	21.0	20.6081871345	3.83078878528
scaffold5070_18_TIGR01316:2:803:-	247	18.0	20.1685393258	6.78603316976
scaffold3720_16_TIGR00914:4857:7428:-	621	17.0	17.2893815636	5.10842000297
scaffold3681_10_TIGR00698:3692:4700:+	187	12.0	12.5228174603	3.65059725468
scaffold569_20_TIGR00005:558:1233:-	130	20.0	20.0903703704	3.49337731257
scaffold9165_10_TIGR02195:4:253:+	39	10.0	10.3975903614	3.31822190386
scaffold8827_1_TIGR00741:951:1245:+	858	178.0	182.462585034	31.805910568
scaffold11147_3_TIGR02627:628:1306:-	192	20.0	19.1622418879	4.97725703569
scaffold3766_18_TIGR00914:1:661:-	69	8.0	7.65606060606	2.28331423048
scaffold3766_17_TIGR00914:3:723:-	90	9.0	9.89861111111	4.71722591077
scaffold3766_15_TIGR00914:3:519:-	89	12.0	12.2887596899	3.03531373492
scaffold25909_2_TIGR00005:6893:7829:-	2200	207.0	210.693376068	30.5012785029
scaffold21833_41_TIGR00092:85:1177:-	147	10.0	9.45604395604	3.02929683174
scaffold28503_4_TIGR00880:1:175:-	23	8.0	8.45977011494	1.64913490175
scaffold372_3_TIGR00880:3074:3494:+	942	135.0	138.776190476	17.587804345
scaffold7923_5_TIGR03992:1308:2055:+	202	17.0	18.2088353414	4.90981882209
scaffold4511_4_TIGR01962:284:1145:-	633	16.0	42.6167247387	49.9122053736
scaffold4511_4_TIGR01957:1673:2105:-	443	35.5	55.1134259259	53.2281828487
scaffold32965_2_TIGR00005:3891:4182:-	106	25.0	23.2096219931	6.39163248603
scaffold27267_1_TIGR01316:8582:9917:-	781	25.0	36.5131086142	28.2563906212
scaffold68_1_TIGR01316:8544:9879:+	2068	168.0	182.670411985	61.0767858416
scaffold9165_9_TIGR02195:11:635:+	118	12.0	12.4983974359	3.13223480405
scaffold434_1_TIGR00005:14324:14981:+	1868	163.0	175.121765601	37.7645162702
scaffold5331_2_TIGR00914:1:991:-	819	68.0	74.8878787879	29.8934565075
scaffold1159_22_TIGR01962:137:371:-	59	17.0	19.0641025641	6.27572941977
scaffold33330_1_TIGR00092:1954:3052:-	2202	134.0	134.204918033	27.2063706887
scaffold16031_14_TIGR00880:8858:9260:-	354	54.0	54.8208955224	8.91461772306
scaffold16031_12_TIGR01962:19648:20509:+	886	57.0	66.8954703833	27.1154153913
scaffold16031_12_TIGR01957:18610:19042:+	351	39.0	47.5138888889	28.8139753847
scaffold6066_7_TIGR00914:1:622:-	574	33.0	54.8969404187	58.94525701
scaffold32727_3_TIGR03992:331:1111:+	844	90.0	90.2858974359	16.0345478326
scaffold14323_6_TIGR00914:156:1869:-	438	18.0	17.9468768243	5.76399871087
scaffold14323_1_TIGR00914:129:1242:-	272	16.0	16.6522911051	5.9842888533
scaffold14721_2_TIGR01962:221:743:-	56	12.0	12.2318007663	1.98893110711
scaffold7198_28_TIGR00914:651:3570:+	656	15.0	15.5169578623	4.20463661041
scaffold26769_2_TIGR01957:602:1034:+	304	30.5	41.7314814815	36.2112772698
scaffold693_3_TIGR04346:4:730:+	74	7.0	7.38292011019	2.36058900567
scaffold2857_64_TIGR00914:3:783:-	175	16.0	15.6230769231	4.79064052987
scaffold445_24_TIGR01800:537:1722:+	502	45.0	43.758649789	8.03636113466
scaffold3004_11_TIGR01981:1157:1985:-	441	16.5	31.193236715	29.5146954744
scaffold1132_9_TIGR00342:153:1041:+	188	14.0	14.3325817362	5.05849530321
scaffold27993_2_TIGR00092:345:1191:+	114	9.0	9.10769230769	3.26741125838
C494498_1_TIGR00092:3:687:+	242	21.0	22.418128655	11.4230463162
scaffold14318_5_TIGR00005:857:1514:-	307	19.0	25.5616438356	15.4948684698
scaffold368_2_TIGR00005:39360:40050:+	1353	152.0	152.089855072	11.622219411
scaffold4858_13_TIGR00005:4:427:+	54	8.0	8.59574468085	2.88301143631
scaffold14321_5_TIGR00698:2:572:-	66	9.0	8.14210526316	2.90779034503
scaffold16772_2_TIGR01981:2454:3282:+	378	18.0	27.922705314	27.1239562265
scaffold817_32_TIGR00914:4:2872:-	787	19.0	19.2949790795	4.81797134411
scaffold4226_1_TIGR03992:1306:1963:+	164	16.0	16.2420091324	4.12375539047
scaffold5058_1_TIGR02214:12745:14707:-	3964	269.0	274.978083588	33.1725945373
scaffold297_54_TIGR00914:864:3942:+	887	17.0	19.554905783	16.5552241119
scaffold22905_2_TIGR02195:597:1617:+	362	21.0	22.3235294118	7.47920222849
scaffold4658_1_TIGR03992:3479:4172:+	169	17.0	16.5281385281	3.45632433666
scaffold1_6_TIGR01800:4:220:+	74	22.0	20.5231481481	6.88459238527
scaffold9964_50_TIGR01962:159:1026:+	192	18.0	18.4417531719	4.11369677954
scaffold9964_50_TIGR01957:1533:1965:+	110	18.0	17.8263888889	2.11036856459
scaffold417_34_TIGR00914:3:519:-	92	12.0	11.7965116279	4.13381632921
scaffold11097_3_TIGR00005:9:534:-	61	8.0	7.68761904762	1.6334418956
scaffold2582_15_TIGR00092:1:163:-	86	30.0	27.6111111111	9.85465359771
scaffold7473_15_TIGR02214:18727:20668:-	1480	52.0	52.9773312725	10.0102215296
scaffold7473_11_TIGR01981:2964:3792:+	812	92.0	91.0012077295	10.3465903035
scaffold367_23_TIGR00914:2:1664:-	442	23.0	23.3832731649	5.3699959212
scaffold367_22_TIGR00914:132:1539:-	385	19.0	18.881307747	5.76334879515
scaffold12045_2_TIGR01316:5:425:+	75	10.0	10.9928571429	3.38588757845
scaffold8844_15_TIGR00005:4816:5497:-	213	21.0	20.9897209985	4.70899536707
scaffold1811_62_TIGR01316:3:813:-	143	12.0	12.4308641975	3.87658822809
scaffold1811_61_TIGR01316:289:775:-	94	13.0	12.9835390947	3.25332002399
scaffold6410_2_TIGR00090:236:536:+	484	96.0	110.146666667	33.383705939
scaffold6410_2_TIGR00087:5626:6331:-	1097	100.0	110.312056738	36.4347925746
scaffold186_2_TIGR00741:26:320:-	216	18.0	38.1768707483	32.6465717758
scaffold23806_1_TIGR03992:9264:9666:+	231	34.0	34.4626865672	5.69060067708
scaffold23429_12_TIGR00092:2109:3207:+	518	25.0	29.6885245902	18.5032236499
scaffold3357_1_TIGR00914:2:626:-	157	17.0	17.2516025641	4.52972702477
C517381_1_TIGR00914:2412:5490:+	11678	266.0	268.403508772	37.5793673521
scaffold2898_3_TIGR01316:324:1662:+	413	16.0	20.3871449925	16.3369659537
scaffold10078_6_TIGR00914:1:793:-	183	13.0	15.5113636364	8.70692120835
scaffold161_6_TIGR00914:9792:12918:+	5548	124.0	124.957773512	22.6257092946
scaffold27904_1_TIGR00342:3:540:-	61	7.0	7.67225325885	2.49032263791
scaffold25262_1_TIGR00090:1178:1472:+	310	58.5	62.5204081633	23.0842421701
scaffold17429_3_TIGR02627:646:1564:+	160	15.0	15.2734204793	3.90859221375
scaffold20882_3_TIGR00005:5:323:+	56	11.0	10.7735849057	2.75504004309
scaffold4477_20_TIGR00092:4929:6024:+	251	16.0	16.1534246575	4.61763788055
scaffold8014_36_TIGR00914:1253:1688:+	92	13.0	13.0988505747	3.23371229867
scaffold32089_3_TIGR02214:495:2418:-	3847	165.0	168.323972959	24.5668790648
scaffold31849_3_TIGR01316:2040:3375:-	2094	111.0	112.909363296	27.9864872819
scaffold31849_4_TIGR00914:16207:19231:-	4619	133.0	135.501322751	26.4445736294
scaffold365_4_TIGR01981:505:1333:+	228	19.0	18.2922705314	4.41824152007
scaffold16031_3_TIGR00090:468:768:-	182	37.0	36.63	5.72885387025
scaffold16031_2_TIGR00087:14241:14949:+	445	52.0	53.1398305085	15.3308686047
scaffold28037_1_TIGR01316:188:986:+	620	44.0	49.6441102757	21.8595690957
scaffold29991_2_TIGR01800:55:763:+	82	7.0	7.92231638418	2.70402697213
scaffold33092_2_TIGR00152:3848:4415:+	869	97.0	93.9470899471	11.5244095441
scaffold11473_11_TIGR02214:4:952:+	280	11.0	16.8375527426	21.5285352567
scaffold367_12_TIGR00880:2043:2454:-	135	25.0	26.0145985401	4.54282472356
scaffold817_17_TIGR00914:1:697:-	149	16.0	15.0057471264	4.49296656784
scaffold14201_5_TIGR00005:1139:2072:+	2043	133.0	141.709539121	37.279286668
scaffold3953_3_TIGR01962:11391:12252:+	1917	152.0	151.029036005	22.6327616059
scaffold3953_3_TIGR01957:10426:10858:+	908	118.0	119.800925926	31.8119794445
scaffold30018_3_TIGR01962:31341:31575:+	554	134.0	127.401709402	16.3816970146
scaffold30018_3_TIGR01957:29499:29931:+	1041	137.0	150.55787037	45.2408306967
scaffold24232_1_TIGR02195:6744:7764:-	1904	458.0	460.993137255	17.1585727719
scaffold5570_14_TIGR00914:19:1600:+	346	13.0	14.6938646426	6.91009539716
scaffold16952_4_TIGR00914:4:1087:+	161	11.0	10.5032317636	4.4511028325
scaffold18096_8_TIGR01981:495:1323:+	330	35.0	36.3828502415	6.37549244791
scaffold21130_4_TIGR00005:1191:2097:-	162	13.0	13.0022075055	3.80019686736
scaffold4701_6_TIGR00741:50:344:-	32	6.0	6.26530612245	1.81949582092
scaffold9644_4_TIGR00090:7849:8149:+	645	119.0	126.323333333	23.1910641316
scaffold9644_4_TIGR00087:13220:13925:-	1565	143.0	147.753191489	26.0950541581
C472445_1_TIGR02712:3:567:-	1525	246.0	239.278368794	34.9822471719
scaffold10028_9_TIGR02214:1200:1590:-	175	18.0	28.4	23.4802481095
scaffold4455_1_TIGR00005:197:884:-	384	13.0	26.7132459971	29.443220206
scaffold15504_16_TIGR00880:5434:5848:+	166	25.0	25.4758454106	4.45353316128
scaffold15504_18_TIGR00092:7795:8893:+	767	40.0	44.5837887067	20.4684392408
scaffold3071_3_TIGR00880:59:443:+	137	8.0	20.7109375	27.0683410778
scaffold29234_1_TIGR01800:573:1260:+	1522	154.0	152.123726346	17.8204077793
scaffold5731_2_TIGR01981:40187:41015:-	2136	220.0	221.56884058	27.0276534913
scaffold5825_9_TIGR03992:101:800:+	144	14.0	13.6108726753	5.05621579074
scaffold22005_3_TIGR00914:3:510:+	981	125.0	125.684418146	97.082098961
scaffold22005_2_TIGR00914:4:964:+	1124	124.0	111.490625	44.5811516089
scaffold22005_5_TIGR00914:4:982:+	1094	59.5	68.6881390593	54.6357138643
scaffold5912_9_TIGR00914:10258:11092:-	1828	141.5	147.525179856	41.6137597612
scaffold5912_2_TIGR01800:38328:39483:+	2339	136.0	137.826839827	22.4460366437
scaffold15457_1_TIGR00880:617:1028:+	87	10.0	10.5888077859	4.43485106079
scaffold7198_46_TIGR01800:2099:3254:+	372	20.0	20.5774891775	6.77823194703
scaffold1723_20_TIGR00698:496:1528:+	571	38.0	38.5455426357	10.0725016857
scaffold302_24_TIGR01962:21574:21808:+	184	19.0	34.4230769231	34.9782053867
scaffold302_24_TIGR01957:19712:20144:+	413	61.5	58.4953703704	34.958374412
scaffold4723_4_TIGR01316:1:562:-	278	15.0	31.6185383244	32.2874336687
scaffold739_2_TIGR00090:6666:6966:-	649	150.5	147.363333333	23.2636624135
scaffold739_2_TIGR00087:930:1635:+	1354	153.0	156.076595745	17.7221208019
scaffold83_1_TIGR00698:2551:3505:+	338	18.0	22.4758909853	14.302876281
scaffold1748_20_TIGR02627:3:543:-	75	10.0	10.2037037037	2.94944834534
scaffold1748_22_TIGR02627:3:369:-	145	10.0	18.1174863388	22.5892249138
scaffold26680_1_TIGR00914:651:3774:+	1199	61.0	61.0217739353	7.42624141801
scaffold1114_1_TIGR00698:686:1295:-	264	29.0	29.4121510673	8.63790383885
scaffold10882_2_TIGR02214:5:1058:+	566	40.0	43.2222222222	15.4295876399
scaffold29_9_TIGR01800:223:676:-	124	18.0	18.7284768212	5.23015594739
scaffold1368_32_TIGR00914:1559:2525:+	283	13.0	18.6511387164	15.8675754959
scaffold30608_1_TIGR01981:14349:15177:-	2314	194.0	191.751207729	29.9747226197
scaffold5933_7_TIGR00914:10320:13416:-	4733	108.0	108.408268734	17.75860919
scaffold27716_2_TIGR00880:9130:9541:-	771	103.0	102.260340633	23.7033133676
scaffold27716_4_TIGR00914:1429:4558:+	4232	92.0	92.7219558965	22.6990122851
scaffold2723_1_TIGR00914:1285:2809:-	895	39.0	40.7959317585	12.8981863762
scaffold2723_2_TIGR00914:5:1532:-	869	35.0	37.317616241	18.2976724577
